129,
133,
136,
139,
142,
146,
150,
153,
157,
159,
160,
160,
161,
163,
164,
165,
168,
170,
171,
170,
170,
170,
169,
169,
168,
168,
168,
167,
166,
165,
164,
163,
162,
160,
159,
157,
153,
151,
150,
149,
150,
150,
151,
151,
150,
149,
148,
149,
150,
151,
153,
155,
157,
159,
160,
161,
162,
163,
164,
166,
167,
167,
167,
167,
168,
169,
170,
171,
172,
172,
173,
173,
173,
173,
174,
174,
174,
174,
173,
173,
173,
173,
174,
175,
176,
176,
175,
174,
172,
172,
172,
172,
171,
171,
171,
170,
168,
166,
165,
164,
162,
161,
159,
158,
157,
155,
153,
151,
149,
148,
147,
146,
146,
145,
145,
145,
144,
145,
146,
147,
148,
150,
152,
155,
157,
159,
161,
162,
163,
162,
162,
160,
158,
157,
155,
154,
151,
149,
146,
143,
142,
141,
140,
140,
140,
140,
140,
139,
138,
136,
135,
133,
130,
128,
124,
121,
119,
117,
115,
112,
109,
105,
99,
95,
89,
83,
79,
75,
72,
69,
65,
61,
58,
54,
50,
47,
45,
43,
42,
42,
42,
42,
40,
37,
34,
32,
30,
29,
29,
28,
28,
27,
25,
22,
20,
19,
19,
19,
20,
22,
23,
25,
27,
29,
32,
34,
37,
39,
41,
43,
47,
52,
56,
61,
65,
69,
72,
75,
79,
83,
86,
89,
93,
96,
99,
102,
103,
105,
107,
109,
111,
113,
116,
117,
119,
121,
124,
126,
128,
130,
132,
134,
136,
138,
140,
143,
147,
150,
153,
156,
157,
158,
158,
158,
157,
158,
158,
157,
156,
153,
150,
146,
142,
139,
138,
137,
135,
135,
135,
133,
130,
129,
127,
128,
128,
130,
132,
133,
136,
138,
141,
143,
146,
149,
150,
151,
153,
155,
156,
157,
159,
160,
162,
163,
164,
166,
167,
168,
169,
170,
171,
172,
173,
174,
176,
177,
177,
176,
175,
174,
174,
172,
171,
170,
169,
169,
169,
169,
168,
167,
167,
166,
164,
164,
163,
162,
162,
161,
160,
158,
156,
154,
153,
151,
150,
149,
148,
148,
147,
147,
147,
147,
146,
147,
148,
150,
151,
154,
156,
160,
163,
166,
169,
171,
172,
173,
174,
173,
173,
173,
172,
171,
170,
168,
165,
163,
160,
157,
154,
150,
148,
146,
143,
140,
136,
132,
129,
126,
123,
121,
119,
118,
117,
116,
116,
115,
114,
112,
109,
106,
103,
102,
100,
99,
96,
93,
90,
87,
84,
81,
79,
78,
75,
73,
69,
66,
61,
57,
53,
49,
46,
43,
40,
38,
37,
36,
33,
30,
28,
26,
25,
26,
28,
30,
32,
33,
32,
30,
30,
29,
30,
31,
34,
38,
41,
44,
47,
51,
54,
57,
59,
61,
63,
66,
69,
74,
82,
88,
94,
99,
102,
104,
106,
108,
110,
113,
118,
121,
125,
127,
129,
130,
131,
132,
133,
136,
137,
139,
140,
142,
144,
147,
149,
152,
156,
159,
160,
161,
162,
163,
163,
164,
165,
167,
166,
165,
164,
162,
160,
156,
152,
147,
142,
140,
137,
135,
133,
133,
132,
129,
127,
126,
126,
126,
127,
129,
131,
133,
135,
137,
139,
142,
145,
147,
148,
149,
151,
153,
156,
157,
159,
161,
163,
165,
166,
168,
169,
171,
172,
172,
172,
172,
173,
173,
175,
175,
175,
175,
174,
174,
173,
172,
170,
169,
169,
168,
166,
165,
164,
162,
160,
157,
156,
154,
152,
150,
149,
149,
151,
154,
157,
158,
157,
155,
152,
148,
146,
145,
144,
144,
143,
143,
143,
143,
144,
144,
142,
141,
141,
142,
143,
146,
150,
152,
154,
155,
155,
154,
154,
157,
160,
162,
161,
160,
159,
157,
155,
153,
150,
148,
146,
144,
140,
137,
135,
132,
129,
124,
119,
115,
112,
110,
108,
107,
106,
105,
103,
102,
102,
102,
101,
98,
95,
91,
88,
86,
84,
82,
81,
79,
77,
76,
76,
75,
73,
73,
72,
70,
69,
67,
64,
62,
58,
56,
52,
49,
46,
45,
44,
44,
42,
41,
39,
37,
35,
33,
33,
33,
34,
35,
36,
35,
34,
33,
32,
33,
37,
40,
44,
47,
50,
51,
52,
54,
56,
58,
61,
63,
65,
67,
70,
74,
78,
82,
85,
89,
93,
96,
99,
102,
105,
109,
114,
118,
122,
125,
128,
131,
134,
137,
139,
142,
146,
150,
154,
156,
157,
159,
161,
162,
163,
165,
167,
167,
164,
160,
156,
151,
150,
150,
148,
147,
145,
141,
136,
131,
127,
126,
125,
126,
126,
127,
128,
131,
133,
137,
140,
143,
146,
150,
153,
155,
158,
161,
165,
168,
171,
173,
176,
178,
180,
182,
182,
183,
184,
184,
186,
186,
187,
189,
190,
191,
193,
194,
196,
197,
199,
200,
200,
199,
199,
197,
196,
195,
193,
191,
190,
188,
185,
183,
181,
179,
177,
175,
173,
170,
167,
162,
158,
155,
152,
150,
148,
146,
143,
138,
136,
135,
134,
135,
135,
136,
136,
137,
138,
140,
144,
148,
153,
156,
157,
159,
161,
161,
162,
166,
169,
171,
171,
171,
170,
169,
168,
165,
163,
161,
159,
156,
153,
149,
145,
141,
138,
135,
133,
130,
127,
124,
122,
119,
117,
113,
109,
105,
103,
100,
98,
97,
96,
96,
96,
95,
95,
95,
96,
95,
93,
91,
89,
88,
89,
89,
90,
89,
87,
85,
82,
80,
78,
76,
74,
71,
69,
67,
65,
62,
60,
58,
57,
55,
54,
53,
53,
53,
54,
55,
54,
52,
51,
50,
50,
53,
56,
59,
60,
61,
61,
60,
60,
62,
66,
69,
72,
76,
80,
86,
91,
95,
100,
104,
106,
108,
112,
117,
121,
123,
126,
128,
132,
133,
134,
134,
135,
136,
137,
138,
139,
140,
141,
142,
144,
145,
146,
148,
149,
150,
151,
151,
152,
152,
154,
156,
156,
155,
152,
149,
144,
139,
134,
132,
128,
125,
123,
118,
112,
106,
103,
101,
100,
100,
100,
100,
101,
102,
104,
106,
108,
111,
115,
119,
122,
125,
127,
128,
130,
133,
136,
138,
141,
143,
148,
151,
154,
157,
160,
163,
166,
167,
168,
168,
170,
172,
174,
176,
177,
178,
178,
178,
178,
179,
179,
179,
179,
179,
179,
178,
175,
172,
170,
168,
167,
164,
162,
160,
156,
153,
149,
144,
141,
137,
133,
130,
125,
120,
114,
110,
107,
105,
103,
101,
100,
97,
96,
97,
98,
101,
104,
109,
114,
119,
123,
126,
129,
133,
137,
143,
149,
153,
155,
157,
157,
158,
158,
157,
156,
154,
153,
151,
148,
145,
142,
140,
137,
133,
130,
126,
122,
119,
115,
112,
109,
106,
103,
98,
95,
92,
89,
86,
82,
80,
78,
77,
75,
74,
73,
73,
74,
75,
76,
78,
78,
77,
76,
74,
72,
71,
72,
72,
73,
73,
72,
70,
68,
68,
67,
68,
68,
68,
69,
69,
70,
70,
70,
70,
70,
72,
75,
77,
80,
82,
83,
81,
82,
83,
86,
90,
93,
96,
97,
98,
96,
95,
98,
101,
105,
107,
108,
108,
108,
109,
111,
116,
121,
125,
128,
131,
133,
135,
138,
143,
147,
152,
156,
157,
157,
156,
157,
157,
157,
157,
158,
159,
159,
158,
158,
158,
157,
158,
161,
164,
169,
175,
178,
179,
180,
181,
183,
185,
188,
189,
186,
182,
179,
175,
171,
167,
161,
154,
147,
143,
138,
132,
127,
124,
124,
124,
124,
125,
127,
130,
132,
135,
138,
139,
143,
146,
147,
149,
151,
153,
155,
157,
160,
163,
167,
170,
173,
177,
179,
181,
184,
188,
191,
193,
195,
196,
197,
198,
199,
198,
196,
195,
194,
193,
192,
191,
190,
188,
186,
184,
182,
180,
177,
174,
169,
165,
162,
158,
156,
153,
149,
145,
141,
136,
131,
126,
122,
117,
112,
108,
104,
99,
94,
91,
92,
92,
94,
97,
100,
104,
107,
111,
115,
119,
121,
127,
133,
138,
141,
142,
144,
144,
144,
145,
143,
142,
140,
138,
135,
131,
126,
122,
117,
113,
109,
103,
99,
94,
89,
85,
80,
75,
71,
68,
64,
61,
57,
53,
50,
47,
45,
42,
40,
37,
34,
32,
30,
27,
27,
28,
28,
28,
28,
28,
28,
27,
25,
20,
18,
16,
15,
16,
18,
19,
18,
17,
16,
15,
16,
18,
21,
23,
28,
30,
31,
33,
35,
36,
36,
38,
41,
43,
47,
51,
53,
55,
56,
58,
60,
65,
71,
76,
84,
92,
97,
102,
108,
110,
114,
121,
130,
137,
143,
148,
152,
156,
160,
163,
165,
168,
171,
174,
177,
178,
179,
179,
180,
181,
182,
182,
181,
181,
181,
182,
182,
181,
182,
183,
182,
183,
184,
185,
186,
183,
183,
182,
178,
174,
173,
169,
163,
160,
155,
145,
134,
130,
126,
121,
118,
116,
114,
112,
111,
110,
108,
108,
110,
112,
116,
119,
122,
125,
128,
132,
135,
138,
141,
144,
148,
152,
155,
158,
161,
165,
168,
172,
175,
179,
183,
187,
191,
194,
198,
201,
204,
206,
209,
211,
211,
212,
212,
213,
213,
213,
212,
213,
212,
211,
210,
208,
206,
205,
203,
201,
198,
194,
191,
187,
183,
179,
175,
170,
165,
159,
153,
147,
141,
136,
133,
128,
123,
118,
112,
106,
100,
95,
91,
91,
91,
92,
97,
99,
100,
104,
110,
114,
121,
129,
136,
141,
146,
151,
154,
158,
161,
162,
162,
161,
161,
159,
156,
152,
148,
143,
139,
135,
129,
124,
119,
116,
112,
107,
103,
100,
96,
93,
89,
85,
80,
76,
73,
69,
65,
62,
57,
52,
47,
43,
38,
33,
29,
27,
25,
24,
22,
20,
18,
17,
15,
15,
13,
12,
12,
10,
11,
13,
16,
19,
21,
24,
25,
26,
30,
33,
36,
40,
44,
47,
50,
53,
56,
58,
58,
59,
62,
66,
71,
77,
82,
85,
86,
88,
89,
91,
94,
99,
104,
110,
115,
119,
121,
122,
123,
126,
130,
134,
138,
142,
147,
150,
154,
158,
161,
164,
166,
169,
171,
173,
176,
178,
180,
181,
182,
182,
181,
180,
180,
180,
179,
178,
174,
174,
179,
183,
189,
194,
195,
196,
196,
199,
198,
190,
181,
171,
162,
155,
148,
140,
133,
127,
121,
114,
107,
103,
100,
98,
96,
97,
98,
99,
100,
102,
105,
108,
112,
116,
120,
125,
130,
135,
140,
145,
150,
155,
158,
161,
164,
168,
172,
176,
181,
186,
190,
195,
199,
204,
207,
209,
212,
214,
216,
217,
218,
217,
217,
216,
215,
215,
213,
212,
210,
208,
206,
203,
201,
198,
195,
192,
188,
184,
180,
176,
172,
170,
162,
152,
140,
128,
120,
113,
106,
99,
96,
93,
90,
86,
86,
92,
99,
103,
108,
113,
118,
123,
128,
132,
137,
141,
145,
147,
149,
150,
150,
149,
147,
145,
143,
139,
134,
129,
124,
119,
114,
108,
101,
95,
91,
86,
81,
77,
74,
70,
67,
63,
60,
57,
53,
50,
46,
42,
38,
35,
33,
30,
28,
27,
26,
23,
21,
25,
30,
32,
31,
32,
34,
33,
32,
32,
34,
35,
35,
34,
33,
34,
33,
30,
28,
28,
26,
26,
26,
29,
32,
33,
35,
35,
35,
37,
42,
45,
49,
52,
55,
58,
60,
62,
62,
62,
66,
68,
70,
73,
77,
83,
89,
93,
93,
95,
99,
102,
108,
120,
136,
149,
160,
170,
180,
188,
198,
209,
219,
229,
238,
244,
248,
252,
254,
255,
255,
253,
252,
250,
248,
244,
239,
235,
234,
236,
235,
232,
229,
227,
224,
221,
219,
216,
213,
214,
213,
211,
203,
189,
177,
168,
160,
149,
140,
131,
125,
118,
111,
103,
96,
90,
85,
81,
78,
75,
73,
72,
73,
74,
75,
76,
78,
80,
83,
85,
87,
89,
93,
97,
102,
104,
106,
109,
113,
118,
122,
126,
131,
135,
139,
145,
149,
153,
157,
160,
163,
166,
168,
170,
172,
175,
178,
179,
181,
181,
182,
183,
184,
184,
184,
183,
183,
182,
180,
178,
176,
174,
172,
169,
166,
162,
158,
155,
150,
147,
144,
136,
124,
113,
107,
102,
94,
88,
82,
77,
73,
70,
67,
62,
63,
73,
80,
83,
88,
95,
100,
106,
113,
118,
124,
131,
137,
142,
145,
147,
149,
150,
150,
150,
148,
145,
141,
138,
132,
127,
122,
117,
112,
108,
104,
98,
93,
90,
86,
83,
80,
78,
74,
71,
68,
66,
62,
60,
60,
57,
55,
53,
51,
48,
47,
49,
47,
45,
43,
40,
39,
38,
36,
35,
35,
35,
37,
38,
38,
39,
41,
42,
42,
42,
42,
43,
46,
50,
54,
58,
63,
68,
70,
70,
71,
73,
75,
79,
81,
82,
83,
85,
86,
86,
88,
92,
95,
99,
106,
112,
118,
123,
128,
134,
141,
149,
158,
166,
174,
181,
187,
192,
195,
199,
203,
207,
212,
216,
219,
220,
222,
222,
223,
223,
222,
222,
221,
220,
219,
216,
213,
208,
204,
204,
207,
208,
208,
209,
212,
215,
220,
222,
219,
209,
201,
198,
194,
188,
182,
175,
168,
163,
156,
148,
140,
133,
128,
123,
118,
112,
107,
105,
106,
107,
107,
108,
109,
112,
115,
118,
121,
124,
127,
131,
135,
139,
142,
144,
147,
150,
152,
153,
154,
156,
158,
161,
164,
166,
167,
168,
169,
170,
171,
172,
172,
173,
173,
174,
175,
176,
177,
177,
176,
176,
175,
173,
172,
171,
170,
168,
166,
165,
163,
162,
161,
159,
157,
154,
153,
153,
150,
143,
132,
125,
119,
110,
105,
101,
90,
84,
81,
73,
66,
61,
67,
75,
75,
75,
78,
81,
85,
89,
94,
98,
102,
107,
113,
119,
124,
129,
131,
133,
135,
134,
132,
130,
128,
125,
121,
116,
111,
105,
99,
94,
90,
86,
82,
79,
76,
72,
69,
66,
64,
63,
62,
61,
60,
59,
58,
57,
56,
56,
56,
55,
54,
52,
51,
49,
47,
44,
41,
37,
32,
26,
21,
27,
49,
66,
63,
60,
69,
69,
66,
69,
70,
70,
70,
73,
70,
66,
69,
69,
70,
70,
68,
65,
61,
56,
52,
51,
50,
47,
46,
46,
49,
54,
60,
64,
70,
79,
87,
96,
107,
117,
127,
138,
149,
160,
170,
182,
192,
201,
210,
216,
221,
224,
228,
230,
232,
233,
234,
234,
234,
233,
233,
232,
230,
228,
225,
222,
219,
215,
210,
204,
197,
189,
185,
194,
199,
195,
194,
196,
197,
200,
204,
204,
192,
179,
178,
178,
172,
166,
163,
156,
149,
144,
136,
128,
121,
116,
110,
103,
97,
91,
87,
85,
84,
84,
84,
87,
90,
94,
96,
99,
102,
104,
106,
109,
112,
115,
117,
119,
120,
122,
124,
126,
128,
129,
130,
132,
133,
134,
135,
136,
138,
140,
142,
144,
145,
147,
149,
150,
152,
155,
157,
159,
161,
162,
162,
162,
162,
162,
161,
161,
160,
159,
158,
157,
155,
153,
150,
147,
145,
143,
141,
140,
140,
139,
127,
110,
102,
97,
88,
80,
75,
69,
60,
50,
46,
47,
57,
61,
60,
62,
65,
67,
71,
76,
80,
85,
92,
100,
106,
113,
120,
125,
131,
135,
135,
136,
136,
134,
130,
126,
122,
117,
112,
107,
102,
97,
91,
86,
82,
80,
81,
80,
80,
79,
75,
69,
67,
69,
67,
64,
65,
63,
58,
58,
59,
57,
52,
50,
49,
44,
39,
39,
36,
31,
29,
30,
29,
27,
28,
29,
26,
26,
30,
30,
31,
35,
38,
40,
42,
46,
52,
54,
57,
60,
62,
63,
66,
72,
79,
82,
87,
92,
95,
98,
103,
107,
111,
115,
119,
122,
124,
129,
135,
141,
147,
152,
155,
160,
165,
171,
176,
180,
183,
186,
188,
188,
191,
194,
198,
202,
205,
208,
211,
213,
216,
218,
220,
219,
218,
216,
213,
208,
201,
197,
202,
212,
217,
221,
226,
234,
240,
243,
236,
223,
217,
216,
211,
205,
205,
203,
200,
198,
195,
188,
182,
178,
173,
165,
158,
152,
146,
142,
140,
137,
135,
136,
139,
143,
146,
150,
154,
159,
163,
167,
170,
173,
177,
180,
183,
185,
188,
190,
193,
196,
199,
202,
204,
207,
207,
207,
207,
206,
205,
204,
204,
204,
203,
203,
203,
203,
202,
201,
200,
198,
196,
195,
193,
192,
190,
190,
188,
187,
185,
183,
180,
177,
174,
171,
169,
169,
168,
169,
169,
166,
157,
149,
145,
138,
129,
123,
119,
111,
104,
98,
96,
100,
103,
103,
103,
104,
103,
101,
101,
101,
102,
105,
109,
112,
115,
119,
122,
126,
128,
129,
129,
129,
128,
127,
125,
121,
117,
113,
108,
104,
100,
96,
92,
87,
83,
79,
75,
72,
69,
66,
63,
60,
57,
55,
52,
50,
49,
48,
46,
43,
40,
38,
38,
38,
36,
34,
30,
27,
24,
20,
17,
15,
13,
12,
11,
10,
8,
7,
6,
3,
1,
0,
1,
1,
2,
3,
4,
3,
3,
4,
6,
8,
10,
12,
13,
13,
13,
14,
15,
18,
21,
25,
30,
35,
39,
44,
50,
55,
60,
65,
70,
76,
84,
91,
96,
101,
105,
111,
117,
123,
129,
134,
138,
142,
143,
145,
146,
148,
150,
151,
152,
152,
152,
152,
152,
151,
149,
146,
143,
138,
134,
130,
129,
130,
131,
132,
135,
139,
142,
146,
151,
152,
150,
145,
139,
135,
133,
130,
130,
131,
132,
133,
131,
128,
125,
121,
118,
114,
110,
107,
105,
105,
104,
104,
104,
105,
106,
108,
111,
115,
118,
121,
123,
126,
128,
131,
134,
137,
140,
142,
144,
147,
150,
154,
158,
161,
164,
166,
167,
168,
168,
170,
171,
173,
176,
179,
182,
184,
185,
187,
188,
189,
190,
191,
192,
191,
191,
191,
190,
190,
189,
188,
188,
187,
185,
183,
183,
182,
179,
175,
172,
169,
166,
161,
157,
153,
149,
146,
142,
137,
133,
129,
128,
129,
131,
131,
131,
133,
134,
135,
135,
136,
138,
141,
145,
148,
151,
154,
158,
160,
162,
163,
164,
165,
164,
163,
162,
160,
157,
154,
151,
147,
143,
140,
136,
132,
128,
125,
121,
118,
114,
110,
107,
105,
104,
103,
102,
100,
99,
98,
95,
92,
88,
86,
84,
81,
78,
75,
72,
69,
67,
64,
61,
59,
57,
55,
54,
52,
51,
50,
49,
49,
48,
47,
46,
46,
46,
46,
47,
48,
49,
50,
50,
50,
49,
49,
48,
48,
48,
48,
49,
51,
54,
55,
59,
64,
70,
76,
82,
90,
98,
107,
113,
118,
122,
126,
131,
137,
141,
144,
147,
149,
152,
154,
158,
162,
165,
168,
170,
171,
171,
173,
173,
173,
173,
171,
169,
165,
162,
159,
156,
152,
148,
144,
141,
137,
133,
130,
130,
132,
136,
141,
146,
153,
157,
158,
154,
148,
144,
141,
137,
135,
135,
136,
137,
136,
134,
130,
126,
124,
120,
117,
115,
113,
112,
112,
112,
111,
111,
112,
113,
115,
118,
121,
123,
127,
129,
133,
136,
138,
141,
143,
146,
150,
153,
156,
160,
163,
166,
168,
168,
167,
167,
167,
168,
168,
169,
171,
174,
176,
177,
178,
178,
179,
180,
181,
180,
181,
181,
182,
182,
181,
180,
180,
180,
179,
178,
177,
175,
174,
173,
172,
172,
173,
173,
174,
173,
170,
167,
163,
159,
156,
153,
150,
148,
146,
142,
138,
135,
134,
136,
137,
140,
142,
144,
147,
147,
148,
148,
149,
152,
153,
155,
157,
158,
160,
161,
162,
163,
164,
164,
163,
162,
160,
158,
156,
154,
151,
149,
146,
143,
140,
136,
132,
128,
124,
120,
116,
113,
110,
107,
103,
100,
97,
95,
92,
90,
88,
85,
82,
79,
75,
72,
70,
68,
65,
63,
61,
59,
57,
56,
55,
53,
52,
51,
49,
48,
46,
44,
43,
41,
40,
40,
41,
42,
43,
43,
43,
43,
43,
44,
45,
47,
48,
49,
51,
53,
56,
59,
62,
67,
71,
75,
79,
83,
87,
89,
91,
91,
94,
98,
103,
107,
113,
117,
120,
123,
125,
128,
132,
135,
137,
138,
139,
139,
139,
139,
140,
139,
138,
137,
135,
134,
132,
130,
127,
124,
123,
122,
121,
119,
118,
116,
117,
118,
120,
122,
125,
128,
129,
127,
122,
118,
115,
112,
110,
110,
110,
111,
111,
109,
106,
104,
101,
100,
98,
97,
97,
97,
96,
97,
97,
98,
99,
101,
102,
103,
106,
109,
112,
114,
118,
121,
124,
127,
129,
132,
135,
137,
139,
141,
143,
144,
145,
146,
147,
147,
148,
148,
149,
151,
153,
155,
156,
157,
159,
159,
160,
160,
162,
163,
164,
165,
165,
166,
166,
166,
165,
165,
165,
165,
164,
164,
164,
164,
164,
165,
165,
166,
167,
168,
167,
165,
161,
159,
156,
153,
150,
147,
145,
142,
139,
137,
136,
139,
141,
143,
145,
147,
149,
150,
149,
150,
152,
154,
156,
159,
162,
164,
167,
170,
172,
173,
175,
176,
176,
176,
175,
175,
174,
173,
171,
168,
165,
162,
159,
155,
152,
148,
145,
141,
138,
134,
129,
125,
122,
121,
122,
121,
118,
116,
113,
109,
103,
97,
93,
92,
91,
90,
88,
85,
82,
78,
76,
73,
71,
68,
67,
64,
61,
59,
56,
54,
51,
50,
49,
48,
48,
48,
49,
52,
54,
56,
58,
60,
63,
66,
71,
75,
79,
84,
89,
94,
100,
104,
109,
112,
117,
122,
126,
130,
133,
136,
138,
138,
139,
141,
143,
143,
144,
143,
142,
141,
140,
141,
140,
139,
137,
135,
132,
129,
127,
124,
123,
121,
118,
117,
115,
113,
111,
109,
108,
107,
107,
106,
103,
100,
99,
99,
102,
106,
110,
115,
120,
123,
122,
117,
113,
110,
109,
108,
108,
110,
113,
116,
116,
116,
114,
112,
112,
112,
113,
112,
111,
111,
111,
111,
111,
111,
110,
112,
115,
118,
122,
126,
130,
135,
138,
141,
142,
144,
145,
146,
147,
148,
148,
148,
150,
152,
154,
156,
155,
155,
156,
156,
156,
156,
157,
159,
161,
162,
163,
166,
168,
169,
170,
171,
171,
170,
169,
169,
168,
168,
168,
168,
168,
167,
167,
166,
165,
165,
164,
164,
165,
167,
168,
169,
171,
171,
170,
167,
163,
161,
159,
157,
155,
154,
153,
153,
153,
154,
155,
156,
155,
156,
155,
155,
154,
153,
152,
153,
153,
155,
155,
156,
157,
158,
159,
160,
160,
161,
162,
162,
161,
160,
158,
155,
151,
147,
142,
139,
135,
133,
130,
128,
126,
123,
120,
115,
111,
107,
103,
100,
96,
93,
90,
88,
86,
84,
84,
83,
81,
79,
77,
75,
73,
71,
69,
68,
67,
67,
66,
65,
64,
63,
62,
61,
60,
60,
59,
58,
57,
57,
58,
57,
57,
57,
57,
58,
59,
61,
63,
65,
66,
69,
72,
75,
78,
81,
84,
88,
91,
94,
97,
100,
105,
108,
112,
116,
120,
125,
128,
131,
134,
136,
137,
140,
143,
145,
147,
147,
147,
147,
145,
144,
142,
141,
141,
140,
138,
136,
135,
133,
131,
129,
126,
124,
123,
121,
119,
118,
117,
115,
115,
116,
118,
120,
122,
123,
123,
121,
118,
114,
112,
110,
109,
109,
111,
113,
114,
114,
112,
111,
111,
110,
109,
109,
109,
109,
109,
110,
111,
112,
113,
115,
118,
122,
125,
128,
131,
133,
135,
135,
136,
138,
140,
142,
145,
147,
149,
151,
153,
155,
157,
159,
160,
160,
160,
160,
160,
162,
164,
166,
167,
167,
167,
167,
167,
167,
167,
168,
168,
168,
167,
167,
166,
165,
164,
163,
162,
162,
161,
160,
159,
159,
159,
158,
158,
158,
158,
158,
157,
157,
157,
157,
156,
154,
152,
150,
148,
147,
145,
143,
143,
142,
143,
142,
142,
142,
142,
142,
141,
141,
139,
138,
137,
137,
138,
138,
139,
139,
141,
142,
142,
143,
143,
143,
142,
141,
139,
137,
134,
131,
128,
126,
123,
121,
119,
116,
113,
109,
105,
101,
98,
94,
91,
89,
86,
84,
82,
81,
79,
77,
75,
74,
73,
71,
68,
66,
64,
61,
59,
57,
55,
52,
49,
47,
45,
44,
42,
40,
38,
36,
35,
34,
34,
34,
35,
35,
36,
38,
39,
41,
42,
44,
46,
48,
50,
52,
55,
59,
62,
67,
70,
74,
78,
81,
84,
88,
93,
97,
101,
105,
108,
109,
110,
112,
112,
112,
114,
115,
116,
117,
119,
119,
118,
118,
117,
116,
116,
117,
118,
119,
120,
120,
119,
119,
119,
119,
118,
119,
119,
120,
122,
123,
122,
121,
118,
117,
116,
115,
117,
120,
125,
131,
135,
136,
134,
132,
129,
126,
125,
126,
129,
133,
137,
140,
141,
141,
141,
142,
143,
144,
144,
144,
144,
145,
146,
145,
144,
144,
145,
148,
151,
154,
156,
158,
161,
163,
164,
165,
166,
167,
169,
171,
173,
176,
180,
182,
185,
187,
188,
188,
187,
186,
187,
188,
189,
192,
194,
197,
198,
199,
200,
199,
199,
198,
197,
197,
197,
196,
195,
194,
193,
191,
189,
188,
188,
189,
189,
189,
189,
187,
186,
185,
185,
184,
184,
183,
183,
183,
182,
181,
179,
178,
177,
177,
178,
179,
179,
179,
180,
179,
178,
177,
177,
176,
175,
174,
174,
173,
174,
174,
175,
176,
175,
174,
171,
169,
166,
163,
160,
157,
154,
152,
149,
145,
141,
137,
133,
129,
125,
122,
118,
113,
109,
104,
98,
93,
89,
87,
86,
86,
85,
84,
82,
79,
77,
75,
73,
72,
73,
73,
72,
70,
68,
65,
61,
58,
55,
52,
50,
47,
45,
42,
38,
36,
33,
30,
28,
26,
25,
24,
23,
23,
22,
22,
23,
23,
25,
27,
29,
31,
32,
34,
36,
38,
40,
42,
44,
47,
50,
54,
59,
64,
70,
74,
78,
79,
79,
79,
80,
81,
82,
82,
83,
86,
88,
89,
89,
88,
87,
86,
85,
85,
85,
86,
87,
86,
84,
82,
79,
76,
74,
73,
72,
71,
71,
71,
71,
70,
70,
70,
71,
74,
77,
81,
83,
84,
82,
81,
79,
77,
77,
78,
80,
83,
87,
89,
92,
93,
95,
96,
98,
99,
99,
100,
102,
104,
105,
107,
108,
109,
111,
112,
114,
116,
119,
121,
124,
126,
129,
132,
134,
137,
140,
143,
145,
148,
151,
154,
158,
161,
163,
165,
166,
167,
169,
172,
174,
175,
177,
178,
178,
178,
178,
179,
180,
180,
182,
182,
183,
183,
182,
181,
180,
180,
181,
181,
181,
181,
181,
180,
179,
179,
181,
183,
184,
185,
186,
186,
187,
187,
188,
189,
190,
189,
188,
187,
186,
184,
183,
182,
181,
180,
180,
179,
179,
179,
179,
178,
179,
179,
180,
179,
179,
179,
178,
178,
178,
178,
178,
178,
178,
179,
178,
177,
176,
174,
172,
169,
167,
164,
160,
157,
154,
150,
147,
144,
141,
138,
135,
132,
130,
128,
126,
124,
121,
118,
116,
114,
112,
111,
110,
109,
107,
104,
101,
97,
94,
89,
87,
84,
81,
78,
75,
73,
70,
69,
67,
66,
66,
66,
67,
68,
68,
70,
71,
73,
75,
77,
80,
81,
82,
83,
84,
85,
86,
87,
89,
91,
93,
95,
98,
100,
102,
104,
105,
106,
109,
111,
112,
114,
115,
115,
115,
114,
115,
114,
114,
115,
116,
117,
117,
118,
117,
117,
117,
115,
113,
111,
110,
108,
107,
106,
103,
100,
97,
95,
94,
92,
92,
91,
91,
89,
86,
84,
84,
85,
87,
92,
95,
98,
100,
99,
96,
93,
91,
92,
93,
94,
96,
99,
103,
106,
106,
106,
107,
106,
106,
105,
105,
103,
102,
101,
101,
101,
102,
103,
104,
106,
110,
113,
116,
118,
119,
120,
122,
124,
127,
131,
135,
138,
141,
144,
147,
150,
153,
155,
156,
158,
159,
162,
163,
165,
167,
169,
171,
172,
173,
175,
177,
178,
178,
178,
177,
176,
175,
174,
173,
173,
173,
173,
172,
171,
171,
172,
172,
173,
173,
174,
175,
176,
177,
177,
177,
177,
176,
176,
176,
176,
175,
174,
174,
173,
172,
172,
171,
172,
173,
174,
175,
176,
176,
176,
176,
176,
177,
178,
178,
179,
179,
179,
180,
180,
180,
179,
177,
175,
173,
170,
167,
164,
160,
156,
153,
150,
146,
141,
136,
132,
128,
124,
122,
120,
118,
116,
114,
112,
110,
108,
107,
106,
104,
103,
103,
102,
102,
101,
100,
98,
97,
96,
94,
92,
90,
89,
87,
84,
83,
81,
79,
78,
77,
75,
74,
73,
72,
72,
72,
73,
75,
77,
79,
81,
82,
85,
87,
88,
88,
88,
88,
87,
86,
87,
88,
90,
92,
95,
97,
98,
98,
99,
100,
102,
103,
104,
104,
105,
105,
105,
107,
107,
108,
110,
111,
113,
114,
113,
113,
112,
112,
111,
109,
109,
108,
106,
104,
102,
99,
97,
93,
91,
89,
87,
86,
86,
86,
86,
86,
85,
85,
86,
88,
91,
94,
97,
98,
98,
96,
95,
95,
96,
99,
102,
104,
106,
106,
105,
105,
106,
106,
106,
105,
104,
104,
103,
102,
102,
102,
102,
102,
102,
103,
105,
107,
110,
114,
118,
121,
125,
129,
132,
137,
141,
145,
149,
153,
156,
159,
161,
163,
164,
165,
166,
167,
168,
169,
170,
171,
172,
172,
173,
173,
172,
172,
171,
169,
167,
165,
163,
163,
162,
161,
161,
160,
159,
159,
159,
159,
160,
160,
160,
160,
161,
161,
160,
160,
159,
160,
160,
160,
161,
160,
158,
155,
153,
150,
148,
145,
144,
143,
143,
143,
143,
144,
146,
147,
148,
148,
148,
146,
145,
145,
145,
146,
147,
148,
148,
148,
148,
147,
146,
143,
140,
137,
134,
131,
127,
123,
118,
115,
112,
109,
106,
103,
100,
97,
95,
94,
93,
92,
92,
91,
91,
90,
89,
88,
86,
84,
82,
79,
78,
76,
75,
73,
71,
69,
67,
65,
63,
62,
61,
61,
60,
59,
59,
58,
57,
57,
58,
58,
59,
59,
60,
62,
64,
66,
68,
70,
71,
72,
73,
74,
75,
76,
77,
78,
80,
82,
82,
83,
85,
86,
88,
90,
92,
94,
97,
100,
102,
106,
109,
113,
117,
121,
126,
130,
135,
138,
141,
144,
146,
145,
144,
143,
143,
143,
143,
142,
140,
138,
135,
132,
129,
126,
123,
120,
117,
116,
116,
117,
118,
119,
119,
119,
120,
122,
125,
127,
129,
130,
129,
129,
127,
127,
127,
129,
132,
135,
137,
140,
140,
141,
140,
139,
137,
136,
136,
137,
138,
140,
142,
143,
146,
149,
152,
153,
153,
154,
155,
157,
159,
161,
162,
163,
164,
166,
169,
173,
175,
178,
179,
181,
183,
186,
187,
189,
191,
192,
193,
194,
196,
197,
197,
198,
197,
196,
195,
193,
192,
192,
191,
190,
188,
187,
186,
186,
186,
186,
185,
184,
183,
182,
182,
183,
183,
182,
181,
180,
179,
179,
179,
179,
179,
177,
173,
170,
166,
161,
157,
154,
152,
151,
151,
151,
151,
151,
152,
151,
151,
150,
149,
148,
147,
147,
146,
146,
146,
147,
147,
147,
147,
147,
145,
143,
141,
139,
136,
133,
129,
125,
121,
118,
114,
111,
108,
104,
100,
97,
94,
91,
88,
86,
83,
81,
79,
78,
76,
75,
73,
71,
69,
67,
64,
62,
60,
58,
55,
53,
50,
47,
45,
44,
44,
44,
42,
41,
41,
41,
40,
40,
39,
39,
40,
40,
41,
42,
44,
45,
46,
47,
48,
49,
49,
49,
49,
49,
49,
48,
48,
49,
50,
52,
54,
57,
60,
62,
64,
66,
68,
70,
72,
75,
77,
81,
85,
90,
95,
101,
106,
112,
117,
120,
124,
126,
127,
125,
124,
122,
119,
118,
116,
113,
111,
108,
105,
103,
100,
97,
94,
94,
94,
95,
96,
97,
98,
98,
99,
99,
99,
100,
102,
105,
108,
111,
113,
114,
113,
113,
113,
113,
114,
116,
119,
121,
125,
127,
128,
128,
128,
128,
129,
130,
130,
131,
131,
132,
134,
136,
138,
139,
141,
144,
146,
149,
151,
152,
154,
155,
155,
156,
157,
160,
163,
165,
167,
168,
171,
173,
175,
176,
178,
181,
184,
187,
190,
193,
196,
198,
200,
200,
199,
198,
197,
197,
197,
197,
197,
197,
198,
198,
198,
199,
199,
199,
199,
199,
199,
198,
197,
196,
196,
195,
193,
193,
192,
191,
191,
190,
189,
186,
184,
181,
179,
177,
175,
174,
173,
172,
171,
170,
169,
169,
169,
170,
170,
169,
169,
168,
168,
167,
166,
165,
165,
166,
166,
166,
166,
165,
165,
164,
162,
159,
156,
152,
149,
146,
143,
140,
136,
134,
132,
128,
124,
120,
116,
113,
109,
107,
105,
103,
101,
99,
96,
93,
89,
86,
83,
80,
76,
72,
68,
64,
60,
58,
56,
55,
55,
56,
56,
57,
57,
58,
58,
58,
58,
58,
59,
60,
62,
64,
67,
69,
70,
71,
72,
72,
71,
70,
69,
68,
68,
68,
68,
69,
69,
69,
70,
72,
74,
75,
76,
77,
78,
80,
81,
83,
85,
88,
91,
95,
99,
102,
105,
107,
108,
109,
110,
110,
111,
111,
111,
109,
107,
106,
105,
105,
103,
101,
97,
93,
90,
88,
88,
88,
89,
90,
92,
95,
99,
103,
106,
108,
108,
107,
106,
107,
108,
109,
109,
109,
107,
106,
106,
106,
108,
110,
110,
112,
114,
116,
116,
116,
115,
115,
116,
118,
120,
122,
124,
126,
128,
130,
132,
133,
135,
136,
138,
141,
144,
147,
149,
150,
152,
154,
156,
159,
161,
163,
164,
165,
165,
166,
168,
170,
172,
175,
178,
179,
180,
180,
180,
179,
179,
178,
178,
177,
175,
175,
175,
175,
175,
176,
178,
178,
179,
180,
181,
180,
181,
181,
181,
182,
183,
184,
185,
185,
184,
182,
180,
178,
175,
172,
169,
167,
165,
163,
161,
159,
157,
156,
155,
155,
154,
154,
154,
155,
157,
158,
159,
160,
161,
162,
163,
164,
165,
164,
164,
164,
164,
162,
161,
159,
156,
153,
151,
147,
144,
141,
138,
136,
133,
129,
125,
121,
118,
116,
113,
111,
110,
109,
107,
106,
105,
103,
102,
99,
98,
96,
93,
91,
89,
86,
84,
81,
80,
78,
77,
76,
75,
74,
72,
71,
70,
69,
68,
68,
67,
67,
67,
68,
70,
72,
73,
74,
74,
74,
74,
75,
76,
76,
76,
77,
77,
77,
78,
78,
78,
77,
78,
80,
82,
84,
85,
87,
87,
87,
87,
87,
89,
92,
94,
99,
102,
105,
108,
109,
111,
112,
113,
115,
115,
115,
115,
114,
112,
110,
107,
104,
102,
101,
99,
96,
93,
89,
86,
84,
83,
81,
79,
78,
78,
79,
80,
81,
82,
82,
82,
81,
81,
81,
83,
85,
88,
90,
91,
91,
91,
91,
92,
92,
93,
94,
95,
98,
100,
101,
101,
101,
101,
101,
103,
105,
107,
110,
113,
116,
119,
122,
125,
128,
130,
133,
136,
139,
142,
144,
146,
148,
149,
151,
153,
155,
156,
156,
157,
158,
160,
162,
163,
165,
166,
165,
164,
164,
164,
163,
162,
162,
163,
163,
164,
164,
165,
166,
168,
169,
170,
171,
172,
172,
172,
172,
173,
173,
174,
174,
174,
173,
172,
171,
170,
170,
169,
169,
169,
167,
164,
160,
157,
153,
150,
146,
144,
142,
140,
139,
138,
137,
137,
136,
136,
136,
137,
137,
137,
138,
138,
140,
141,
142,
143,
144,
146,
147,
147,
147,
146,
145,
144,
142,
140,
137,
135,
131,
129,
126,
125,
123,
120,
117,
115,
113,
112,
110,
109,
107,
104,
101,
97,
94,
91,
87,
84,
81,
79,
76,
74,
72,
70,
69,
68,
68,
69,
69,
70,
71,
71,
71,
71,
72,
73,
74,
75,
76,
78,
80,
82,
83,
85,
85,
86,
86,
86,
86,
86,
87,
88,
89,
90,
91,
92,
93,
94,
95,
96,
97,
97,
98,
98,
99,
100,
102,
103,
106,
109,
113,
117,
120,
124,
126,
127,
128,
127,
127,
128,
128,
129,
130,
130,
129,
126,
123,
121,
119,
120,
120,
120,
119,
116,
112,
108,
104,
100,
97,
91,
87,
85,
85,
84,
83,
83,
84,
84,
85,
88,
90,
93,
97,
102,
105,
106,
107,
107,
108,
109,
110,
111,
114,
117,
120,
122,
124,
126,
128,
131,
135,
138,
140,
142,
144,
146,
148,
150,
153,
156,
160,
164,
167,
171,
174,
175,
176,
176,
175,
176,
176,
176,
176,
174,
174,
174,
174,
173,
171,
170,
167,
165,
164,
163,
163,
163,
163,
164,
165,
165,
164,
164,
164,
165,
166,
167,
168,
169,
170,
171,
172,
173,
174,
175,
176,
176,
175,
174,
172,
170,
169,
166,
163,
161,
159,
158,
156,
154,
151,
148,
146,
144,
142,
141,
140,
139,
138,
138,
138,
139,
140,
142,
144,
145,
146,
146,
145,
145,
145,
144,
142,
140,
138,
136,
133,
131,
128,
126,
122,
119,
116,
113,
110,
108,
107,
106,
107,
107,
108,
109,
109,
108,
106,
103,
100,
98,
96,
95,
93,
90,
88,
84,
80,
76,
73,
71,
70,
69,
68,
67,
66,
64,
63,
61,
60,
60,
60,
61,
62,
63,
64,
64,
65,
66,
67,
68,
69,
70,
71,
73,
75,
76,
78,
79,
81,
82,
83,
85,
86,
88,
92,
95,
98,
101,
103,
105,
106,
107,
107,
109,
111,
114,
117,
120,
124,
127,
130,
133,
135,
137,
139,
141,
143,
144,
144,
145,
146,
147,
148,
148,
148,
147,
146,
146,
146,
147,
146,
145,
142,
139,
137,
135,
132,
131,
130,
131,
133,
134,
133,
132,
131,
129,
127,
126,
127,
128,
131,
134,
135,
135,
132,
130,
127,
126,
127,
127,
128,
129,
130,
132,
134,
136,
138,
141,
145,
149,
153,
157,
160,
162,
164,
165,
166,
166,
167,
170,
173,
175,
179,
182,
184,
184,
184,
184,
185,
185,
186,
187,
185,
185,
184,
183,
183,
182,
180,
178,
175,
173,
171,
171,
171,
172,
173,
173,
172,
171,
170,
169,
168,
168,
168,
168,
169,
169,
169,
169,
168,
167,
166,
164,
162,
160,
157,
155,
153,
151,
149,
148,
145,
143,
140,
138,
136,
134,
132,
130,
129,
128,
127,
126,
125,
124,
124,
123,
122,
122,
123,
124,
125,
125,
123,
121,
119,
117,
116,
115,
113,
111,
109,
107,
103,
101,
98,
96,
94,
92,
91,
90,
89,
88,
87,
85,
84,
82,
80,
78,
76,
73,
71,
69,
66,
64,
61,
59,
56,
53,
51,
48,
45,
43,
41,
39,
37,
35,
34,
33,
33,
33,
33,
34,
33,
34,
34,
34,
35,
36,
38,
39,
41,
42,
44,
44,
45,
46,
46,
46,
47,
48,
50,
52,
55,
58,
62,
66,
71,
76,
79,
81,
82,
83,
84,
86,
89,
92,
96,
98,
101,
103,
106,
108,
110,
111,
111,
111,
110,
111,
112,
114,
116,
118,
121,
123,
125,
126,
127,
128,
127,
125,
125,
125,
127,
127,
128,
128,
128,
128,
129,
129,
129,
129,
129,
130,
131,
132,
132,
130,
129,
127,
126,
126,
127,
128,
128,
128,
125,
122,
119,
117,
117,
116,
116,
116,
117,
120,
123,
125,
127,
131,
134,
140,
146,
152,
157,
162,
166,
169,
172,
173,
175,
177,
181,
185,
189,
194,
198,
200,
201,
202,
202,
204,
204,
205,
206,
206,
206,
205,
205,
204,
203,
202,
201,
199,
198,
197,
197,
197,
198,
198,
197,
195,
194,
192,
191,
191,
191,
192,
192,
193,
193,
192,
191,
191,
190,
189,
189,
189,
188,
187,
185,
184,
183,
183,
183,
182,
181,
179,
175,
172,
170,
168,
168,
167,
166,
164,
163,
161,
159,
159,
158,
157,
156,
155,
154,
153,
152,
151,
150,
149,
148,
147,
146,
145,
143,
142,
140,
139,
138,
136,
134,
132,
130,
129,
129,
128,
128,
127,
126,
125,
123,
121,
118,
115,
111,
109,
105,
102,
100,
96,
94,
91,
87,
85,
82,
80,
78,
76,
75,
73,
72,
70,
69,
68,
67,
67,
66,
65,
64,
64,
63,
63,
63,
62,
62,
62,
62,
61,
61,
60,
60,
61,
62,
63,
64,
65,
67,
70,
73,
76,
78,
80,
83,
85,
87,
88,
90,
93,
96,
99,
102,
104,
106,
108,
110,
111,
112,
113,
114,
114,
115,
116,
117,
118,
119,
121,
122,
125,
127,
128,
129,
128,
127,
125,
125,
126,
127,
129,
130,
130,
130,
129,
129,
129,
127,
126,
124,
122,
119,
115,
110,
107,
103,
100,
98,
96,
96,
98,
100,
101,
102,
101,
99,
97,
98,
100,
103,
106,
108,
111,
114,
118,
121,
125,
128,
132,
135,
138,
141,
145,
148,
152,
154,
156,
157,
158,
160,
162,
166,
170,
173,
175,
175,
175,
174,
174,
175,
177,
178,
179,
179,
179,
179,
179,
180,
179,
177,
175,
172,
170,
167,
165,
163,
161,
158,
156,
153,
151,
149,
147,
146,
146,
145,
145,
145,
143,
142,
140,
139,
138,
138,
138,
137,
137,
136,
135,
133,
132,
131,
130,
129,
128,
127,
126,
124,
123,
122,
122,
122,
123,
125,
126,
127,
128,
128,
129,
129,
128,
128,
127,
126,
124,
122,
120,
118,
118,
117,
116,
114,
112,
111,
109,
107,
106,
104,
103,
102,
101,
100,
100,
99,
98,
97,
97,
96,
95,
93,
91,
89,
86,
83,
81,
80,
79,
78,
77,
76,
74,
72,
69,
68,
67,
66,
66,
66,
66,
66,
66,
66,
66,
65,
66,
65,
66,
67,
67,
68,
67,
67,
67,
66,
67,
68,
68,
70,
71,
72,
73,
75,
76,
79,
82,
84,
87,
88,
90,
91,
93,
94,
96,
98,
99,
102,
105,
107,
110,
112,
115,
117,
119,
122,
123,
124,
125,
126,
128,
130,
132,
134,
135,
136,
137,
138,
140,
142,
142,
142,
141,
139,
138,
138,
138,
140,
141,
141,
140,
139,
139,
138,
137,
136,
134,
132,
129,
127,
124,
122,
119,
115,
113,
112,
111,
112,
113,
113,
112,
112,
110,
109,
110,
111,
113,
116,
118,
120,
125,
130,
135,
139,
143,
146,
149,
152,
155,
157,
159,
161,
163,
167,
170,
172,
176,
179,
183,
187,
189,
189,
188,
187,
186,
186,
187,
189,
190,
190,
190,
191,
191,
193,
193,
192,
192,
190,
188,
186,
184,
182,
180,
178,
176,
173,
170,
167,
165,
163,
162,
160,
158,
156,
153,
151,
148,
146,
144,
144,
144,
143,
143,
141,
140,
139,
137,
136,
136,
134,
133,
132,
131,
131,
131,
131,
133,
135,
137,
138,
138,
137,
137,
137,
137,
137,
136,
136,
135,
134,
132,
129,
126,
122,
119,
116,
113,
111,
110,
109,
107,
105,
103,
102,
100,
99,
99,
99,
98,
97,
96,
95,
93,
92,
91,
91,
90,
90,
89,
88,
87,
85,
84,
82,
81,
80,
79,
78,
77,
76,
76,
75,
75,
74,
73,
72,
71,
70,
69,
68,
66,
65,
64,
63,
63,
61,
61,
61,
61,
61,
62,
63,
63,
63,
63,
65,
66,
69,
72,
75,
78,
80,
81,
83,
85,
86,
87,
89,
91,
93,
96,
100,
103,
106,
109,
111,
113,
115,
116,
119,
121,
123,
125,
125,
127,
128,
129,
131,
132,
133,
134,
134,
134,
135,
135,
136,
135,
135,
136,
138,
140,
143,
146,
148,
148,
148,
147,
146,
147,
147,
147,
146,
144,
143,
142,
141,
140,
139,
137,
134,
131,
128,
128,
129,
131,
131,
129,
126,
123,
122,
122,
123,
123,
124,
124,
125,
129,
133,
136,
139,
141,
143,
146,
148,
151,
154,
157,
160,
163,
166,
169,
172,
174,
177,
180,
183,
184,
184,
184,
183,
182,
183,
183,
185,
186,
186,
185,
184,
184,
185,
185,
185,
185,
183,
181,
179,
177,
175,
173,
172,
170,
167,
165,
162,
158,
155,
152,
150,
149,
146,
144,
141,
137,
135,
133,
132,
132,
131,
131,
129,
128,
128,
127,
127,
127,
127,
126,
125,
124,
123,
122,
123,
124,
127,
129,
130,
131,
132,
130,
129,
128,
128,
127,
126,
123,
120,
115,
111,
107,
104,
101,
98,
95,
92,
89,
87,
86,
85,
85,
86,
85,
85,
85,
83,
83,
83,
83,
83,
83,
81,
81,
80,
79,
78,
77,
76,
75,
75,
74,
73,
73,
73,
73,
73,
73,
74,
74,
74,
75,
74,
74,
73,
72,
72,
71,
72,
72,
72,
72,
72,
71,
71,
71,
70,
70,
70,
71,
72,
73,
74,
75,
77,
78,
80,
81,
83,
85,
87,
88,
90,
91,
93,
95,
96,
98,
100,
102,
105,
107,
110,
112,
115,
117,
120,
122,
124,
126,
128,
130,
133,
136,
139,
141,
142,
143,
144,
144,
145,
146,
147,
149,
149,
150,
150,
150,
151,
153,
155,
156,
155,
154,
152,
150,
148,
147,
146,
145,
142,
140,
138,
135,
133,
130,
128,
126,
125,
123,
121,
120,
120,
120,
120,
118,
117,
115,
115,
116,
117,
118,
119,
120,
122,
124,
126,
127,
130,
132,
134,
135,
137,
138,
141,
144,
147,
149,
150,
151,
153,
157,
160,
164,
167,
169,
171,
173,
175,
177,
180,
181,
182,
181,
181,
181,
181,
182,
182,
181,
181,
180,
178,
177,
176,
175,
173,
172,
169,
165,
161,
157,
152,
149,
145,
141,
138,
134,
131,
127,
125,
123,
121,
120,
118,
117,
116,
115,
115,
115,
116,
117,
117,
117,
118,
119,
120,
121,
122,
122,
123,
124,
125,
127,
127,
128,
128,
128,
127,
126,
125,
124,
124,
123,
123,
122,
120,
118,
116,
114,
112,
111,
109,
106,
104,
101,
98,
97,
96,
96,
95,
94,
92,
90,
89,
88,
87,
87,
87,
86,
86,
86,
85,
84,
83,
83,
82,
82,
82,
82,
82,
82,
82,
83,
85,
86,
87,
88,
89,
89,
89,
89,
89,
88,
88,
88,
88,
88,
88,
88,
89,
89,
88,
88,
87,
87,
87,
88,
90,
92,
94,
95,
96,
97,
98,
100,
101,
104,
106,
108,
109,
111,
112,
114,
117,
118,
121,
122,
124,
126,
128,
131,
133,
135,
137,
139,
142,
144,
147,
150,
153,
155,
158,
160,
161,
161,
161,
162,
163,
163,
164,
164,
165,
165,
166,
166,
167,
168,
168,
167,
166,
164,
163,
162,
162,
160,
160,
159,
157,
155,
154,
152,
151,
149,
148,
147,
148,
148,
146,
143,
139,
136,
133,
133,
133,
134,
134,
133,
133,
134,
136,
138,
140,
141,
142,
143,
144,
147,
149,
151,
153,
155,
156,
158,
161,
165,
168,
172,
174,
177,
178,
180,
182,
185,
188,
191,
193,
195,
195,
195,
195,
195,
195,
195,
194,
192,
190,
188,
186,
184,
182,
180,
178,
175,
172,
167,
162,
157,
151,
146,
142,
139,
134,
129,
124,
119,
117,
115,
113,
112,
110,
109,
108,
107,
106,
106,
106,
106,
106,
107,
107,
107,
108,
110,
111,
111,
112,
112,
112,
111,
111,
111,
112,
113,
113,
114,
113,
112,
111,
109,
108,
107,
106,
104,
102,
100,
97,
95,
92,
90,
87,
85,
82,
79,
77,
76,
75,
75,
74,
72,
71,
70,
68,
67,
66,
67,
66,
66,
66,
65,
66,
66,
67,
68,
68,
69,
70,
70,
70,
70,
70,
70,
70,
70,
70,
70,
69,
69,
68,
67,
66,
65,
64,
64,
64,
65,
65,
66,
67,
67,
68,
68,
69,
70,
72,
73,
75,
78,
80,
82,
84,
86,
88,
90,
92,
94,
95,
96,
98,
99,
101,
102,
104,
105,
107,
108,
111,
113,
115,
118,
120,
122,
124,
126,
128,
130,
132,
135,
138,
141,
144,
147,
149,
151,
152,
152,
152,
152,
152,
152,
152,
152,
151,
149,
147,
147,
146,
147,
147,
146,
146,
147,
147,
148,
149,
150,
150,
150,
150,
150,
150,
151,
151,
151,
149,
146,
143,
139,
137,
135,
134,
134,
134,
134,
135,
136,
136,
136,
136,
137,
138,
139,
141,
143,
146,
149,
152,
154,
156,
159,
164,
168,
173,
176,
179,
181,
182,
184,
187,
190,
193,
194,
195,
195,
196,
197,
198,
198,
197,
196,
195,
193,
192,
190,
188,
186,
183,
181,
178,
175,
171,
167,
164,
161,
158,
155,
151,
147,
143,
139,
136,
133,
130,
128,
126,
123,
121,
120,
119,
118,
117,
117,
117,
117,
119,
120,
121,
121,
121,
123,
125,
126,
127,
128,
128,
128,
129,
129,
129,
130,
130,
130,
130,
129,
128,
127,
125,
124,
123,
122,
122,
121,
119,
117,
115,
113,
112,
110,
109,
108,
105,
103,
100,
98,
97,
96,
95,
94,
92,
91,
89,
88,
87,
87,
87,
87,
87,
87,
87,
87,
87,
88,
88,
89,
89,
90,
90,
90,
90,
90,
90,
91,
91,
92,
92,
93,
94,
94,
95,
95,
95,
95,
95,
95,
95,
96,
97,
97,
97,
96,
96,
96,
95,
95,
95,
96,
97,
97,
98,
98,
97,
97,
98,
98,
99,
100,
101,
102,
103,
104,
105,
107,
108,
110,
111,
113,
115,
118,
121,
123,
125,
126,
128,
129,
130,
132,
134,
137,
138,
140,
141,
142,
142,
142,
142,
142,
142,
141,
141,
141,
141,
142,
141,
142,
142,
141,
141,
140,
139,
138,
137,
136,
134,
133,
131,
130,
130,
129,
128,
127,
126,
124,
124,
123,
122,
120,
117,
115,
115,
115,
116,
116,
115,
114,
114,
114,
114,
115,
118,
120,
121,
123,
125,
128,
132,
135,
138,
140,
142,
144,
147,
150,
154,
158,
161,
163,
165,
167,
169,
172,
174,
175,
176,
176,
175,
174,
172,
170,
168,
165,
163,
160,
157,
153,
150,
148,
146,
144,
143,
140,
137,
134,
130,
126,
124,
121,
118,
116,
113,
110,
107,
103,
101,
99,
97,
96,
95,
94,
94,
93,
94,
95,
96,
98,
100,
101,
102,
104,
105,
108,
110,
112,
114,
116,
116,
117,
117,
117,
118,
118,
118,
119,
119,
119,
118,
118,
117,
117,
116,
116,
115,
114,
112,
110,
109,
107,
106,
104,
102,
99,
97,
94,
94,
94,
94,
94,
93,
93,
92,
92,
92,
92,
94,
94,
96,
97,
98,
100,
101,
102,
104,
106,
107,
108,
110,
110,
110,
110,
110,
110,
111,
112,
112,
113,
115,
116,
117,
117,
117,
117,
117,
117,
117,
117,
117,
117,
117,
117,
117,
117,
116,
117,
118,
118,
119,
120,
120,
120,
121,
121,
122,
123,
124,
125,
125,
126,
128,
130,
131,
133,
135,
136,
138,
139,
141,
143,
145,
147,
148,
149,
150,
151,
151,
152,
154,
155,
157,
158,
160,
161,
162,
162,
162,
162,
161,
160,
161,
160,
160,
159,
158,
158,
156,
156,
154,
153,
150,
148,
146,
144,
144,
142,
141,
138,
136,
133,
132,
132,
131,
131,
129,
127,
126,
125,
124,
123,
122,
121,
121,
121,
121,
122,
122,
123,
123,
123,
123,
123,
126,
128,
130,
132,
133,
134,
135,
135,
137,
141,
144,
148,
152,
154,
156,
159,
162,
164,
167,
169,
171,
172,
173,
175,
175,
175,
175,
173,
170,
167,
165,
162,
159,
156,
153,
151,
148,
145,
143,
140,
137,
133,
130,
128,
125,
123,
119,
116,
113,
109,
106,
103,
100,
97,
95,
94,
94,
94,
95,
95,
96,
97,
98,
100,
101,
101,
100,
99,
99,
99,
99,
100,
100,
100,
100,
100,
100,
102,
103,
105,
106,
108,
109,
110,
111,
110,
109,
109,
109,
108,
107,
105,
102,
99,
97,
95,
93,
91,
89,
87,
84,
82,
81,
81,
80,
80,
80,
79,
78,
78,
78,
78,
79,
80,
81,
82,
83,
84,
85,
86,
87,
89,
90,
91,
92,
93,
94,
94,
95,
96,
96,
97,
98,
98,
99,
100,
101,
102,
102,
102,
102,
101,
102,
102,
102,
102,
102,
103,
103,
102,
102,
102,
102,
103,
104,
106,
107,
108,
109,
110,
111,
112,
113,
114,
116,
117,
119,
121,
122,
124,
126,
128,
130,
131,
133,
135,
137,
140,
143,
145,
146,
148,
149,
150,
151,
153,
155,
158,
160,
161,
161,
162,
161,
161,
161,
160,
159,
158,
158,
157,
157,
156,
156,
155,
155,
154,
153,
151,
149,
148,
147,
145,
143,
142,
140,
138,
137,
137,
137,
136,
136,
135,
134,
133,
132,
131,
130,
129,
128,
128,
127,
128,
128,
128,
129,
130,
132,
135,
138,
140,
142,
143,
145,
148,
151,
154,
157,
160,
162,
164,
166,
169,
172,
173,
174,
175,
177,
178,
178,
179,
179,
179,
179,
178,
176,
173,
170,
167,
164,
162,
159,
157,
154,
152,
149,
147,
145,
144,
142,
139,
136,
133,
129,
126,
123,
120,
118,
116,
113,
110,
106,
102,
99,
97,
96,
96,
96,
96,
95,
95,
96,
96,
98,
99,
100,
101,
102,
104,
105,
107,
110,
112,
112,
113,
112,
112,
111,
111,
111,
110,
110,
109,
108,
106,
105,
103,
103,
102,
101,
100,
98,
97,
95,
93,
91,
90,
88,
86,
83,
81,
79,
78,
78,
78,
78,
77,
77,
76,
76,
76,
76,
77,
77,
77,
78,
79,
80,
81,
82,
83,
85,
87,
88,
90,
91,
92,
92,
93,
94,
94,
95,
96,
97,
98,
98,
99,
100,
99,
98,
97,
97,
96,
96,
97,
97,
97,
97,
96,
96,
96,
96,
97,
98,
99,
100,
100,
101,
101,
102,
103,
105,
106,
107,
108,
110,
111,
113,
116,
118,
120,
121,
122,
124,
126,
129,
131,
135,
137,
139,
141,
142,
143,
145,
147,
149,
151,
152,
154,
155,
156,
156,
156,
156,
155,
155,
154,
154,
154,
153,
152,
151,
150,
150,
150,
149,
148,
146,
145,
144,
144,
143,
143,
142,
140,
138,
138,
138,
139,
140,
139,
139,
138,
137,
136,
136,
135,
135,
135,
136,
136,
137,
139,
140,
143,
144,
146,
148,
150,
153,
156,
159,
162,
163,
163,
163,
163,
164,
166,
168,
170,
171,
172,
173,
173,
175,
177,
178,
180,
181,
182,
183,
184,
185,
184,
184,
182,
181,
179,
176,
173,
170,
167,
165,
164,
161,
159,
157,
154,
150,
147,
144,
142,
139,
136,
132,
128,
124,
121,
117,
114,
112,
112,
111,
112,
112,
112,
112,
111,
112,
113,
115,
117,
118,
119,
119,
119,
120,
122,
124,
126,
126,
126,
125,
124,
123,
123,
123,
123,
123,
122,
121,
119,
118,
117,
117,
116,
116,
115,
114,
112,
110,
108,
107,
105,
103,
102,
100,
97,
94,
93,
92,
91,
91,
89,
88,
87,
85,
84,
83,
82,
82,
82,
82,
82,
83,
84,
86,
88,
89,
91,
92,
93,
94,
95,
96,
97,
99,
100,
101,
102,
104,
105,
106,
107,
107,
107,
106,
104,
103,
103,
102,
102,
102,
102,
101,
101,
101,
100,
99,
99,
99,
99,
100,
101,
101,
101,
101,
102,
103,
105,
108,
110,
112,
114,
116,
118,
120,
121,
122,
122,
122,
121,
120,
120,
121,
122,
123,
124,
125,
126,
127,
128,
131,
134,
137,
141,
144,
146,
147,
147,
148,
148,
148,
148,
146,
145,
144,
143,
142,
141,
141,
141,
140,
139,
137,
136,
135,
134,
134,
134,
133,
133,
131,
130,
129,
128,
128,
126,
125,
124,
124,
123,
122,
122,
121,
120,
119,
119,
119,
120,
120,
120,
120,
120,
122,
124,
127,
129,
131,
133,
135,
137,
139,
141,
142,
144,
145,
147,
150,
153,
156,
158,
159,
160,
161,
161,
162,
162,
163,
163,
163,
162,
161,
158,
156,
154,
152,
150,
148,
146,
144,
142,
139,
138,
136,
134,
132,
130,
127,
124,
121,
119,
116,
115,
113,
111,
109,
106,
103,
101,
99,
99,
98,
99,
100,
100,
100,
100,
101,
102,
104,
106,
108,
109,
110,
111,
112,
114,
117,
119,
120,
120,
120,
119,
119,
120,
121,
121,
121,
121,
120,
119,
118,
117,
116,
116,
116,
114,
113,
111,
108,
107,
106,
104,
103,
100,
98,
96,
94,
93,
94,
94,
94,
94,
94,
93,
93,
94,
95,
96,
98,
99,
100,
102,
104,
105,
107,
108,
109,
110,
110,
111,
112,
112,
113,
113,
113,
113,
113,
113,
114,
114,
114,
115,
114,
114,
112,
111,
110,
110,
110,
110,
110,
110,
110,
110,
109,
109,
109,
109,
110,
111,
112,
113,
113,
113,
114,
115,
116,
118,
119,
120,
121,
123,
125,
127,
129,
131,
132,
133,
134,
134,
136,
139,
142,
144,
146,
147,
147,
147,
148,
148,
150,
151,
152,
153,
154,
154,
154,
155,
155,
154,
153,
153,
152,
151,
149,
149,
148,
148,
148,
147,
146,
145,
144,
143,
143,
143,
142,
141,
140,
138,
136,
136,
136,
136,
137,
136,
135,
134,
133,
133,
132,
133,
132,
131,
130,
128,
128,
130,
131,
132,
133,
134,
135,
136,
138,
140,
142,
144,
145,
146,
146,
147,
148,
150,
152,
155,
157,
158,
159,
159,
160,
162,
163,
164,
164,
164,
164,
163,
162,
161,
159,
156,
154,
152,
149,
146,
144,
141,
139,
137,
135,
133,
132,
130,
128,
125,
123,
120,
118,
116,
114,
112,
109,
106,
103,
100,
98,
98,
98,
99,
99,
98,
98,
97,
97,
98,
99,
100,
101,
102,
102,
103,
104,
106,
109,
112,
114,
115,
115,
116,
115,
116,
116,
117,
117,
117,
116,
115,
115,
115,
115,
116,
115,
114,
113,
111,
109,
107,
105,
104,
102,
101,
99,
97,
95,
94,
95,
95,
95,
95,
95,
95,
94,
95,
95,
97,
98,
99,
100,
100,
102,
104,
106,
108,
109,
110,
111,
112,
113,
114,
115,
116,
117,
117,
118,
118,
119,
119,
120,
120,
120,
119,
118,
117,
116,
115,
114,
114,
114,
113,
113,
112,
111,
110,
109,
109,
109,
111,
112,
113,
113,
114,
115,
117,
119,
121,
122,
123,
123,
124,
126,
128,
129,
131,
133,
134,
135,
135,
136,
138,
141,
143,
145,
146,
147,
146,
146,
147,
148,
149,
151,
151,
151,
151,
151,
151,
151,
151,
151,
150,
148,
146,
145,
145,
145,
146,
146,
146,
145,
144,
143,
142,
141,
140,
139,
137,
135,
132,
130,
128,
127,
127,
127,
127,
127,
127,
127,
127,
127,
127,
126,
126,
126,
127,
128,
130,
131,
132,
134,
136,
137,
139,
140,
141,
142,
143,
145,
146,
147,
148,
149,
149,
150,
152,
154,
156,
158,
159,
159,
160,
161,
161,
161,
161,
160,
159,
158,
157,
156,
155,
153,
152,
150,
148,
145,
142,
138,
133,
129,
125,
122,
118,
113,
109,
105,
101,
97,
95,
93,
92,
91,
90,
88,
87,
87,
87,
87,
86,
87,
87,
87,
87,
87,
87,
87,
88,
89,
89,
88,
89,
90,
91,
94,
96,
97,
98,
97,
97,
96,
96,
96,
97,
97,
96,
96,
95,
95,
94,
94,
94,
94,
93,
91,
90,
88,
87,
85,
84,
82,
80,
78,
77,
75,
75,
75,
76,
77,
77,
77,
77,
77,
78,
79,
80,
82,
83,
85,
86,
89,
92,
94,
96,
98,
99,
100,
102,
104,
105,
106,
107,
108,
109,
109,
110,
111,
111,
112,
112,
113,
113,
113,
113,
113,
113,
114,
114,
115,
115,
115,
115,
114,
114,
114,
115,
116,
118,
119,
121,
122,
123,
125,
126,
127,
128,
129,
130,
131,
133,
135,
138,
140,
142,
144,
145,
146,
147,
148,
151,
154,
156,
158,
159,
160,
160,
161,
162,
163,
165,
166,
167,
168,
168,
168,
169,
169,
168,
166,
165,
163,
162,
161,
161,
162,
162,
163,
163,
163,
161,
160,
159,
159,
159,
159,
158,
157,
155,
154,
154,
155,
155,
155,
154,
153,
152,
150,
149,
148,
148,
148,
146,
144,
142,
141,
141,
142,
142,
142,
142,
143,
143,
145,
146,
148,
149,
150,
150,
150,
150,
151,
153,
156,
159,
162,
164,
165,
166,
167,
168,
169,
170,
170,
170,
169,
168,
167,
165,
163,
160,
157,
155,
152,
149,
145,
142,
139,
137,
135,
133,
131,
129,
127,
124,
120,
117,
115,
112,
110,
108,
104,
100,
95,
92,
89,
88,
87,
87,
87,
86,
85,
85,
85,
86,
88,
89,
91,
90,
89,
90,
91,
93,
96,
98,
100,
100,
99,
99,
98,
98,
98,
99,
98,
97,
96,
94,
94,
94,
94,
93,
92,
90,
88,
87,
85,
85,
84,
83,
82,
80,
78,
76,
75,
74,
75,
75,
75,
75,
74,
73,
73,
73,
74,
75,
76,
77,
78,
79,
82,
85,
87,
89,
90,
91,
92,
93,
94,
95,
96,
97,
97,
97,
97,
97,
98,
99,
100,
101,
101,
101,
101,
100,
100,
100,
101,
102,
103,
104,
104,
105,
104,
104,
104,
104,
106,
107,
109,
111,
112,
113,
115,
116,
118,
120,
121,
122,
123,
123,
125,
128,
130,
132,
134,
135,
135,
136,
138,
141,
144,
148,
151,
153,
154,
155,
156,
158,
160,
162,
164,
167,
168,
170,
172,
174,
176,
176,
174,
172,
170,
168,
167,
168,
168,
169,
170,
169,
169,
168,
166,
166,
166,
166,
167,
166,
164,
162,
161,
161,
162,
162,
162,
160,
158,
156,
156,
156,
156,
156,
155,
153,
151,
149,
149,
149,
150,
150,
150,
150,
151,
153,
155,
156,
157,
158,
159,
159,
159,
158,
159,
159,
161,
163,
165,
166,
167,
167,
168,
169,
170,
170,
170,
169,
169,
170,
170,
170,
168,
166,
164,
162,
160,
157,
155,
152,
148,
145,
142,
140,
138,
135,
133,
130,
126,
123,
119,
116,
113,
110,
107,
104,
100,
96,
94,
92,
91,
90,
91,
91,
90,
90,
91,
92,
94,
96,
97,
98,
98,
99,
100,
101,
104,
106,
106,
106,
104,
102,
100,
99,
97,
96,
95,
93,
91,
90,
89,
88,
88,
88,
88,
87,
86,
85,
85,
85,
84,
83,
82,
81,
79,
79,
79,
79,
80,
81,
81,
81,
80,
79,
79,
79,
79,
80,
81,
82,
83,
84,
86,
89,
90,
92,
92,
93,
93,
93,
94,
95,
94,
93,
92,
92,
92,
94,
96,
98,
100,
101,
102,
101,
101,
99,
97,
95,
93,
91,
89,
86,
84,
83,
81,
81,
81,
82,
84,
87,
90,
93,
96,
99,
102,
104,
105,
107,
108,
109,
110,
111,
113,
115,
117,
118,
120,
120,
121,
122,
124,
127,
131,
134,
137,
139,
140,
140,
141,
143,
145,
147,
149,
151,
152,
153,
154,
155,
155,
155,
154,
152,
151,
151,
151,
152,
153,
154,
154,
154,
152,
151,
151,
151,
153,
154,
155,
154,
152,
150,
148,
147,
147,
147,
147,
146,
145,
144,
143,
142,
143,
143,
143,
141,
140,
139,
139,
140,
140,
140,
140,
141,
141,
142,
143,
145,
147,
150,
152,
153,
154,
155,
157,
160,
164,
167,
169,
171,
172,
173,
174,
175,
176,
177,
177,
179,
180,
180,
180,
179,
177,
175,
173,
171,
169,
166,
164,
161,
159,
157,
156,
155,
154,
152,
150,
146,
142,
139,
135,
132,
130,
127,
123,
118,
114,
110,
107,
106,
106,
105,
105,
104,
103,
103,
103,
104,
106,
108,
109,
108,
108,
108,
109,
113,
116,
119,
120,
120,
120,
119,
119,
119,
120,
120,
119,
117,
116,
115,
114,
115,
115,
115,
113,
110,
107,
105,
103,
102,
101,
100,
98,
95,
92,
89,
87,
87,
87,
87,
87,
86,
85,
85,
84,
84,
85,
85,
86,
87,
88,
89,
91,
93,
95,
97,
98,
99,
100,
100,
101,
102,
102,
102,
102,
102,
101,
101,
101,
101,
102,
103,
103,
103,
102,
101,
100,
100,
99,
99,
99,
99,
99,
99,
99,
97,
96,
96,
96,
97,
97,
98,
99,
99,
100,
101,
103,
104,
104,
104,
105,
106,
108,
111,
114,
116,
118,
119,
119,
119,
121,
124,
127,
131,
134,
137,
138,
139,
139,
140,
142,
144,
145,
147,
148,
149,
150,
150,
151,
151,
150,
148,
147,
146,
146,
147,
148,
149,
151,
152,
151,
150,
149,
149,
150,
152,
152,
152,
149,
145,
142,
140,
140,
141,
141,
139,
137,
135,
134,
134,
134,
134,
133,
131,
128,
126,
125,
125,
126,
126,
126,
125,
125,
126,
129,
131,
134,
136,
138,
138,
139,
140,
142,
144,
148,
151,
155,
157,
159,
161,
163,
166,
168,
169,
169,
169,
170,
171,
173,
173,
172,
170,
168,
166,
163,
160,
158,
155,
152,
150,
148,
146,
144,
141,
139,
136,
132,
129,
126,
123,
121,
119,
116,
112,
109,
106,
103,
101,
101,
101,
101,
101,
101,
102,
102,
104,
105,
107,
107,
107,
107,
107,
108,
110,
113,
115,
117,
117,
117,
117,
117,
117,
118,
118,
118,
117,
116,
115,
114,
115,
115,
114,
113,
111,
108,
106,
104,
103,
103,
102,
101,
98,
96,
93,
91,
91,
92,
93,
93,
92,
92,
92,
92,
92,
92,
93,
93,
93,
93,
94,
96,
98,
101,
102,
104,
104,
104,
104,
105,
106,
107,
108,
108,
108,
108,
108,
109,
110,
111,
111,
112,
112,
112,
111,
110,
110,
109,
109,
108,
108,
108,
107,
106,
105,
103,
102,
102,
103,
105,
106,
107,
108,
109,
110,
112,
114,
115,
115,
116,
117,
120,
123,
126,
129,
131,
132,
133,
133,
134,
136,
140,
143,
146,
148,
148,
147,
146,
146,
146,
147,
148,
149,
150,
150,
151,
152,
153,
154,
155,
155,
154,
154,
154,
155,
157,
159,
161,
163,
163,
163,
163,
163,
164,
165,
166,
165,
163,
160,
157,
155,
154,
154,
154,
153,
151,
147,
144,
142,
142,
142,
141,
139,
136,
132,
130,
129,
128,
127,
125,
123,
123,
125,
128,
132,
136,
139,
141,
141,
141,
140,
140,
139,
140,
141,
141,
141,
141,
142,
142,
144,
145,
147,
149,
151,
154,
157,
161,
163,
163,
162,
160,
159,
157,
156,
153,
150,
146,
142,
139,
136,
134,
131,
128,
125,
122,
118,
114,
110,
107,
105,
101,
97,
93,
88,
85,
82,
81,
81,
81,
81,
80,
80,
79,
80,
81,
84,
86,
87,
87,
86,
87,
88,
91,
94,
98,
99,
100,
100,
100,
100,
100,
101,
100,
99,
97,
95,
94,
94,
95,
96,
96,
95,
93,
91,
88,
88,
88,
88,
88,
86,
84,
82,
80,
78,
78,
78,
78,
78,
78,
77,
78,
78,
79,
81,
83,
84,
86,
88,
90,
93,
96,
98,
101,
102,
103,
103,
105,
105,
106,
107,
108,
109,
109,
109,
110,
110,
111,
111,
112,
112,
112,
112,
111,
111,
111,
111,
111,
111,
112,
112,
111,
110,
109,
108,
107,
107,
108,
109,
111,
112,
113,
114,
116,
118,
119,
120,
121,
121,
121,
123,
126,
130,
134,
137,
139,
140,
141,
142,
144,
148,
152,
156,
159,
161,
162,
162,
163,
165,
167,
169,
171,
172,
174,
175,
176,
177,
178,
178,
176,
174,
173,
172,
172,
173,
175,
176,
176,
175,
173,
172,
171,
172,
173,
174,
174,
172,
168,
165,
163,
162,
162,
161,
160,
158,
155,
153,
151,
150,
150,
149,
147,
144,
140,
137,
135,
135,
135,
135,
134,
134,
134,
135,
138,
140,
143,
145,
147,
147,
148,
149,
150,
152,
155,
158,
161,
162,
164,
166,
168,
170,
170,
170,
170,
170,
170,
171,
172,
171,
169,
167,
164,
162,
158,
155,
152,
148,
144,
141,
138,
136,
133,
131,
127,
123,
118,
114,
110,
106,
102,
99,
95,
91,
86,
82,
79,
77,
76,
76,
76,
75,
74,
73,
73,
74,
76,
77,
79,
79,
79,
80,
82,
85,
89,
93,
96,
96,
96,
95,
95,
94,
94,
93,
92,
91,
89,
87,
87,
87,
87,
86,
84,
81,
79,
76,
75,
75,
75,
74,
72,
69,
66,
64,
63,
64,
64,
65,
64,
64,
64,
64,
65,
66,
68,
69,
70,
72,
74,
76,
79,
83,
86,
88,
89,
90,
90,
90,
92,
94,
95,
97,
98,
98,
99,
100,
100,
101,
101,
101,
100,
99,
97,
96,
95,
94,
94,
94,
95,
96,
96,
96,
96,
95,
95,
95,
96,
97,
99,
101,
103,
106,
109,
112,
115,
117,
119,
121,
123,
125,
128,
132,
135,
138,
139,
140,
140,
141,
143,
147,
151,
156,
159,
162,
164,
164,
165,
166,
169,
171,
173,
175,
176,
177,
178,
179,
180,
180,
178,
176,
174,
174,
174,
175,
177,
179,
181,
181,
180,
179,
179,
179,
181,
182,
183,
182,
179,
175,
172,
170,
169,
168,
167,
164,
161,
157,
154,
152,
152,
151,
149,
146,
143,
139,
136,
136,
136,
137,
138,
137,
138,
140,
142,
145,
149,
152,
154,
154,
155,
155,
156,
158,
162,
166,
169,
172,
174,
176,
178,
180,
181,
183,
183,
184,
186,
188,
189,
189,
188,
187,
184,
182,
179,
177,
173,
169,
166,
162,
159,
157,
154,
152,
149,
145,
139,
133,
127,
121,
116,
111,
105,
98,
91,
85,
80,
77,
76,
76,
76,
77,
77,
77,
77,
78,
81,
84,
86,
88,
89,
90,
92,
95,
100,
105,
109,
111,
112,
111,
110,
109,
108,
108,
107,
106,
103,
100,
98,
97,
97,
97,
96,
94,
91,
88,
86,
85,
84,
84,
82,
79,
74,
70,
66,
64,
65,
67,
68,
69,
69,
69,
69,
68,
69,
70,
69,
67,
65,
63,
62,
62,
63,
64,
65,
66,
68,
70,
72,
74,
77,
81,
84,
86,
87,
89,
90,
91,
92,
92,
92,
91,
89,
87,
85,
83,
82,
82,
82,
83,
84,
84,
84,
84,
83,
82,
82,
83,
84,
87,
88,
90,
92,
94,
96,
98,
100,
100,
101,
101,
103,
106,
110,
115,
119,
122,
124,
124,
125,
127,
130,
134,
139,
143,
146,
148,
149,
150,
152,
154,
156,
158,
160,
161,
162,
163,
165,
166,
166,
166,
164,
163,
162,
163,
166,
169,
171,
172,
172,
171,
169,
169,
169,
170,
170,
170,
168,
165,
162,
160,
159,
160,
160,
159,
158,
156,
154,
153,
152,
152,
151,
150,
147,
144,
140,
139,
140,
141,
142,
142,
143,
145,
147,
150,
153,
156,
159,
161,
162,
163,
165,
167,
171,
175,
179,
183,
186,
188,
191,
194,
195,
196,
196,
195,
195,
196,
198,
199,
198,
196,
193,
190,
187,
183,
180,
177,
173,
170,
167,
165,
163,
161,
158,
155,
151,
147,
142,
138,
135,
132,
129,
125,
120,
115,
111,
108,
106,
106,
106,
105,
103,
103,
103,
102,
103,
105,
106,
106,
106,
106,
106,
107,
109,
112,
113,
114,
114,
113,
112,
112,
112,
111,
110,
109,
107,
105,
103,
102,
102,
102,
100,
98,
95,
92,
91,
91,
91,
90,
88,
85,
82,
78,
75,
73,
73,
73,
72,
71,
70,
70,
70,
71,
72,
74,
75,
76,
77,
78,
80,
82,
84,
86,
86,
86,
86,
85,
86,
86,
87,
87,
87,
87,
87,
87,
87,
88,
88,
87,
87,
86,
85,
83,
82,
81,
81,
80,
80,
80,
81,
81,
81,
80,
79,
78,
78,
79,
80,
82,
84,
86,
88,
89,
92,
94,
95,
95,
95,
95,
96,
99,
102,
106,
110,
112,
113,
115,
117,
120,
124,
130,
135,
139,
143,
144,
146,
147,
149,
151,
153,
155,
157,
158,
158,
159,
160,
161,
160,
159,
157,
155,
154,
154,
156,
158,
160,
162,
161,
159,
158,
156,
157,
158,
158,
159,
157,
154,
150,
147,
145,
144,
144,
144,
142,
140,
137,
135,
135,
135,
136,
135,
134,
131,
128,
126,
126,
128,
129,
131,
132,
134,
136,
139,
142,
146,
149,
151,
152,
152,
153,
154,
156,
160,
164,
167,
170,
172,
175,
178,
180,
181,
182,
183,
183,
185,
187,
188,
188,
187,
186,
185,
183,
182,
180,
178,
175,
172,
169,
167,
165,
163,
161,
156,
151,
145,
140,
135,
131,
128,
125,
120,
115,
110,
106,
103,
100,
100,
100,
100,
99,
98,
98,
98,
99,
101,
103,
104,
104,
103,
103,
104,
107,
111,
114,
117,
119,
119,
119,
119,
121,
121,
122,
121,
119,
116,
114,
112,
112,
112,
112,
109,
106,
102,
98,
95,
94,
93,
93,
91,
88,
85,
82,
80,
79,
80,
80,
80,
80,
80,
80,
81,
82,
84,
86,
87,
88,
88,
89,
90,
91,
93,
94,
95,
95,
95,
96,
95,
96,
96,
97,
98,
98,
99,
101,
102,
103,
104,
104,
104,
103,
103,
102,
102,
101,
101,
100,
100,
100,
101,
101,
101,
100,
98,
96,
94,
93,
92,
92,
91,
90,
90,
91,
92,
94,
94,
95,
95,
97,
100,
105,
110,
116,
121,
124,
127,
128,
131,
135,
139,
144,
150,
155,
159,
161,
163,
165,
167,
168,
169,
170,
172,
172,
173,
173,
173,
173,
172,
169,
167,
166,
165,
166,
169,
171,
173,
174,
172,
170,
167,
164,
162,
162,
162,
162,
161,
160,
157,
155,
154,
152,
151,
148,
144,
138,
133,
126,
123,
119,
119,
115,
114,
109,
107,
