126,
124,
120,
117,
115,
113,
112,
108,
105,
101,
98,
97,
97,
98,
96,
95,
95,
95,
97,
99,
101,
103,
106,
108,
110,
113,
115,
116,
118,
117,
116,
114,
113,
113,
113,
113,
114,
115,
116,
118,
121,
124,
127,
128,
128,
129,
130,
132,
134,
136,
137,
138,
139,
140,
140,
141,
142,
141,
140,
140,
139,
138,
137,
135,
134,
134,
134,
134,
133,
132,
131,
130,
128,
127,
127,
127,
127,
128,
127,
126,
126,
125,
124,
123,
122,
121,
121,
120,
119,
119,
119,
118,
115,
113,
113,
113,
115,
117,
120,
121,
122,
124,
126,
127,
128,
131,
133,
136,
140,
145,
149,
153,
154,
154,
151,
149,
150,
154,
158,
164,
172,
179,
182,
183,
186,
188,
189,
190,
193,
193,
192,
188,
183,
179,
174,
168,
161,
153,
146,
140,
136,
131,
123,
116,
109,
103,
97,
92,
89,
86,
81,
75,
71,
68,
66,
64,
62,
60,
60,
61,
62,
63,
64,
65,
67,
68,
70,
72,
73,
74,
77,
80,
84,
91,
95,
98,
101,
104,
106,
110,
114,
117,
121,
124,
128,
131,
137,
142,
147,
152,
154,
156,
159,
161,
164,
166,
168,
168,
168,
168,
168,
170,
173,
176,
178,
178,
177,
174,
172,
171,
169,
167,
165,
164,
163,
160,
157,
153,
148,
144,
143,
142,
141,
138,
136,
135,
133,
130,
128,
126,
126,
126,
126,
125,
124,
124,
125,
126,
126,
125,
124,
122,
122,
123,
123,
118,
111,
106,
104,
103,
102,
103,
102,
100,
97,
96,
96,
97,
98,
100,
103,
107,
112,
116,
118,
118,
116,
114,
113,
113,
113,
113,
113,
110,
105,
102,
102,
106,
111,
114,
112,
106,
102,
101,
105,
110,
115,
118,
119,
119,
119,
118,
116,
114,
112,
109,
104,
99,
95,
92,
90,
89,
87,
85,
84,
87,
91,
94,
97,
98,
98,
96,
96,
98,
101,
105,
107,
109,
110,
108,
108,
108,
110,
112,
112,
114,
114,
114,
112,
109,
109,
111,
117,
123,
127,
130,
131,
132,
134,
137,
140,
143,
146,
151,
154,
157,
159,
159,
160,
161,
163,
165,
167,
167,
164,
165,
168,
169,
170,
172,
172,
172,
172,
174,
175,
174,
173,
171,
169,
166,
163,
163,
161,
159,
159,
157,
154,
152,
149,
144,
139,
135,
131,
128,
127,
123,
118,
114,
112,
110,
109,
108,
105,
102,
101,
98,
95,
94,
93,
90,
85,
80,
74,
72,
72,
76,
79,
80,
80,
80,
81,
84,
88,
93,
96,
99,
102,
107,
111,
117,
121,
124,
126,
128,
133,
139,
149,
157,
161,
164,
165,
165,
165,
167,
170,
170,
170,
170,
171,
173,
175,
178,
179,
178,
175,
173,
173,
174,
174,
173,
170,
167,
166,
166,
166,
165,
161,
155,
149,
145,
142,
141,
136,
129,
122,
117,
115,
116,
118,
117,
114,
111,
110,
113,
117,
120,
120,
119,
117,
118,
120,
122,
121,
117,
109,
102,
100,
104,
111,
115,
113,
107,
101,
101,
105,
111,
115,
117,
119,
122,
126,
129,
131,
131,
128,
123,
119,
117,
118,
118,
118,
118,
119,
120,
121,
120,
119,
118,
114,
108,
101,
97,
98,
103,
107,
108,
105,
103,
103,
104,
104,
104,
104,
102,
98,
92,
88,
87,
90,
91,
91,
90,
87,
84,
83,
84,
86,
88,
88,
90,
94,
101,
108,
110,
106,
101,
99,
103,
110,
113,
112,
114,
118,
122,
124,
122,
116,
110,
106,
104,
107,
112,
120,
124,
124,
121,
117,
115,
114,
115,
120,
128,
136,
141,
142,
140,
140,
144,
151,
158,
162,
163,
161,
159,
160,
160,
159,
159,
157,
152,
147,
143,
142,
142,
139,
133,
126,
119,
116,
115,
117,
120,
121,
124,
125,
127,
128,
126,
124,
124,
128,
139,
150,
153,
146,
133,
125,
124,
125,
128,
132,
133,
132,
130,
127,
124,
120,
116,
112,
107,
104,
103,
103,
103,
101,
100,
102,
102,
97,
92,
89,
91,
95,
100,
105,
108,
111,
112,
112,
111,
112,
117,
126,
138,
145,
146,
146,
147,
148,
152,
157,
160,
159,
158,
155,
150,
150,
157,
165,
171,
171,
163,
155,
153,
157,
165,
171,
174,
174,
174,
172,
168,
166,
165,
164,
161,
161,
159,
154,
144,
133,
125,
124,
126,
129,
131,
130,
127,
123,
120,
125,
134,
132,
116,
107,
115,
114,
116,
133,
149,
157,
147,
133,
131,
140,
151,
159,
162,
158,
156,
161,
169,
170,
171,
170,
172,
182,
193,
196,
193,
187,
178,
171,
168,
171,
175,
173,
166,
158,
154,
153,
157,
163,
166,
163,
158,
144,
128,
118,
117,
122,
127,
125,
118,
111,
106,
104,
100,
101,
104,
102,
99,
91,
79,
73,
72,
74,
77,
81,
82,
78,
73,
73,
72,
75,
81,
86,
90,
97,
105,
110,
109,
105,
107,
112,
117,
117,
117,
115,
116,
123,
130,
130,
121,
110,
99,
96,
104,
118,
129,
133,
131,
131,
136,
136,
133,
137,
142,
148,
156,
162,
161,
157,
151,
145,
149,
163,
171,
168,
162,
155,
153,
157,
159,
157,
153,
146,
141,
141,
139,
134,
132,
129,
124,
116,
110,
103,
104,
109,
110,
109,
112,
116,
121,
116,
92,
63,
54,
74,
105,
117,
99,
77,
71,
81,
104,
125,
130,
137,
151,
150,
142,
140,
137,
132,
128,
117,
96,
82,
77,
72,
62,
50,
40,
38,
44,
48,
41,
31,
38,
53,
67,
74,
75,
75,
71,
70,
68,
66,
75,
92,
111,
123,
127,
121,
110,
108,
113,
119,
126,
127,
126,
123,
119,
122,
134,
146,
157,
164,
159,
152,
152,
161,
171,
180,
183,
175,
175,
179,
178,
173,
166,
158,
146,
144,
146,
135,
116,
101,
89,
88,
99,
107,
110,
108,
99,
88,
83,
85,
90,
100,
110,
108,
96,
95,
103,
110,
112,
96,
74,
59,
56,
67,
82,
89,
91,
96,
102,
113,
124,
128,
128,
131,
144,
162,
181,
193,
196,
197,
193,
177,
172,
179,
185,
185,
178,
173,
169,
170,
175,
175,
176,
177,
166,
148,
130,
118,
119,
122,
124,
127,
122,
113,
108,
103,
102,
110,
120,
119,
109,
94,
82,
76,
76,
80,
88,
98,
97,
86,
70,
55,
51,
57,
66,
74,
83,
94,
106,
108,
100,
96,
98,
106,
109,
108,
102,
99,
105,
118,
136,
149,
143,
119,
102,
102,
111,
128,
143,
154,
163,
167,
161,
157,
157,
156,
167,
184,
200,
213,
211,
204,
202,
208,
211,
211,
209,
206,
197,
190,
193,
196,
197,
194,
184,
174,
168,
163,
153,
144,
146,
152,
152,
148,
136,
119,
108,
107,
105,
108,
123,
134,
137,
127,
101,
80,
75,
83,
98,
114,
116,
100,
81,
75,
78,
86,
98,
106,
107,
103,
97,
90,
91,
98,
110,
118,
112,
105,
98,
88,
78,
74,
85,
104,
113,
102,
71,
56,
60,
66,
81,
94,
100,
102,
96,
81,
73,
75,
85,
100,
115,
130,
133,
129,
118,
105,
110,
124,
134,
139,
135,
124,
113,
106,
114,
133,
153,
162,
153,
134,
119,
120,
135,
151,
163,
168,
167,
162,
154,
147,
147,
148,
141,
139,
139,
126,
102,
83,
72,
68,
76,
80,
77,
68,
59,
49,
39,
44,
57,
71,
80,
77,
73,
81,
86,
88,
91,
81,
62,
57,
71,
90,
94,
89,
91,
95,
109,
130,
141,
140,
123,
113,
129,
155,
182,
207,
214,
212,
204,
191,
193,
204,
222,
233,
222,
213,
213,
212,
212,
214,
219,
223,
209,
184,
160,
146,
148,
152,
147,
142,
140,
133,
121,
108,
101,
104,
108,
108,
99,
89,
86,
84,
83,
81,
80,
81,
81,
77,
71,
62,
51,
43,
47,
60,
73,
83,
84,
75,
64,
63,
69,
77,
83,
86,
88,
85,
88,
99,
117,
129,
123,
104,
88,
90,
105,
127,
147,
159,
163,
162,
162,
162,
161,
169,
179,
194,
217,
232,
239,
238,
234,
233,
239,
243,
244,
244,
244,
246,
243,
239,
230,
216,
205,
199,
196,
192,
187,
179,
174,
170,
168,
162,
151,
143,
133,
122,
119,
127,
140,
156,
162,
150,
126,
102,
94,
104,
121,
130,
128,
117,
100,
88,
84,
90,
106,
118,
120,
115,
107,
102,
103,
104,
102,
102,
102,
102,
100,
94,
87,
81,
87,
105,
117,
110,
89,
69,
64,
69,
81,
102,
121,
128,
124,
104,
83,
78,
90,
106,
119,
133,
141,
138,
126,
113,
110,
118,
127,
132,
130,
123,
116,
110,
114,
126,
141,
150,
149,
139,
129,
129,
136,
144,
152,
157,
157,
151,
141,
129,
124,
122,
117,
112,
105,
96,
83,
70,
60,
53,
54,
59,
59,
54,
43,
35,
29,
29,
36,
46,
57,
64,
64,
65,
69,
73,
78,
78,
70,
66,
65,
64,
60,
51,
50,
61,
79,
101,
111,
115,
121,
132,
144,
153,
163,
173,
186,
203,
218,
224,
226,
235,
243,
242,
230,
215,
207,
197,
186,
180,
182,
186,
181,
168,
153,
148,
154,
160,
161,
159,
153,
142,
127,
110,
103,
109,
118,
120,
112,
103,
99,
99,
98,
97,
97,
96,
95,
91,
84,
73,
61,
57,
64,
74,
88,
100,
102,
96,
87,
86,
94,
103,
107,
106,
102,
101,
105,
113,
125,
135,
133,
122,
109,
100,
102,
115,
131,
144,
156,
163,
166,
167,
167,
173,
185,
201,
215,
227,
236,
240,
240,
233,
226,
223,
224,
225,
223,
216,
205,
196,
189,
184,
180,
176,
172,
165,
156,
146,
139,
140,
148,
154,
153,
148,
141,
131,
123,
125,
137,
149,
154,
150,
136,
122,
117,
120,
129,
137,
135,
127,
117,
106,
99,
101,
111,
121,
123,
117,
108,
100,
97,
99,
104,
110,
118,
124,
120,
111,
103,
102,
115,
130,
135,
127,
112,
97,
81,
72,
76,
91,
109,
118,
114,
104,
98,
103,
115,
122,
124,
125,
129,
134,
135,
133,
133,
143,
149,
154,
156,
148,
139,
131,
129,
134,
142,
147,
143,
135,
124,
114,
113,
119,
128,
137,
141,
136,
126,
115,
105,
99,
96,
92,
83,
73,
64,
55,
45,
35,
29,
31,
32,
25,
14,
6,
6,
5,
8,
21,
35,
47,
52,
51,
51,
50,
45,
40,
36,
39,
45,
46,
44,
42,
44,
56,
73,
88,
97,
96,
92,
92,
101,
113,
131,
151,
170,
181,
179,
174,
178,
191,
208,
219,
227,
232,
235,
237,
236,
237,
242,
246,
242,
232,
224,
214,
207,
207,
206,
208,
211,
206,
195,
182,
172,
171,
175,
177,
170,
159,
149,
138,
127,
121,
120,
123,
122,
113,
98,
80,
64,
53,
51,
60,
79,
95,
94,
77,
61,
52,
54,
63,
74,
80,
79,
75,
75,
83,
101,
122,
132,
128,
118,
109,
110,
125,
144,
162,
175,
186,
191,
182,
172,
171,
178,
193,
215,
228,
234,
235,
230,
225,
223,
219,
219,
223,
228,
229,
224,
222,
218,
212,
208,
204,
202,
199,
192,
182,
174,
167,
164,
164,
167,
166,
156,
144,
129,
119,
122,
138,
153,
153,
139,
118,
100,
89,
87,
92,
97,
97,
91,
77,
60,
50,
54,
68,
83,
85,
77,
68,
59,
55,
56,
59,
70,
84,
91,
86,
74,
62,
60,
72,
86,
87,
76,
62,
52,
47,
48,
58,
76,
93,
101,
98,
92,
89,
94,
104,
118,
136,
153,
167,
171,
168,
160,
157,
158,
161,
167,
171,
167,
157,
148,
144,
147,
158,
165,
163,
157,
150,
143,
141,
141,
147,
160,
169,
167,
154,
139,
123,
110,
104,
97,
86,
79,
76,
70,
64,
57,
53,
50,
46,
39,
29,
16,
8,
6,
8,
17,
31,
44,
53,
56,
53,
56,
57,
50,
45,
45,
53,
61,
58,
55,
58,
67,
89,
111,
120,
118,
115,
118,
130,
144,
159,
179,
199,
213,
213,
208,
210,
221,
235,
247,
253,
255,
255,
255,
253,
249,
249,
247,
242,
231,
222,
222,
220,
211,
201,
190,
184,
179,
175,
170,
164,
158,
152,
146,
140,
134,
130,
126,
122,
119,
114,
109,
106,
104,
101,
96,
88,
77,
62,
53,
59,
72,
77,
66,
54,
46,
41,
42,
47,
50,
55,
63,
68,
72,
79,
92,
102,
106,
105,
101,
100,
110,
125,
141,
157,
172,
180,
178,
174,
168,
168,
180,
198,
213,
222,
226,
229,
227,
224,
224,
225,
228,
227,
219,
202,
182,
173,
176,
179,
171,
159,
154,
164,
181,
187,
183,
187,
206,
224,
228,
215,
200,
189,
183,
179,
171,
163,
155,
144,
130,
112,
95,
84,
80,
74,
66,
57,
46,
30,
15,
10,
23,
44,
59,
61,
52,
42,
38,
38,
44,
60,
81,
95,
95,
82,
66,
60,
71,
87,
91,
84,
79,
75,
73,
74,
80,
92,
108,
120,
124,
127,
132,
138,
143,
146,
149,
157,
168,
177,
176,
166,
155,
151,
156,
161,
164,
165,
162,
156,
150,
146,
145,
147,
151,
153,
149,
141,
135,
131,
132,
138,
145,
147,
140,
123,
104,
91,
85,
82,
77,
72,
67,
63,
57,
52,
48,
43,
37,
29,
20,
10,
6,
5,
4,
8,
18,
29,
38,
39,
38,
37,
35,
36,
41,
52,
64,
66,
62,
60,
63,
76,
95,
111,
120,
124,
130,
138,
148,
156,
165,
179,
195,
207,
213,
216,
220,
226,
234,
241,
250,
254,
253,
253,
253,
253,
246,
235,
223,
215,
214,
215,
209,
196,
185,
182,
182,
178,
170,
162,
157,
152,
147,
140,
134,
129,
125,
123,
122,
120,
116,
112,
106,
102,
99,
94,
87,
77,
67,
65,
74,
84,
85,
75,
62,
50,
46,
49,
55,
61,
67,
75,
80,
82,
81,
81,
84,
94,
104,
112,
116,
121,
129,
138,
149,
163,
176,
181,
179,
175,
175,
185,
200,
215,
224,
231,
237,
237,
231,
218,
206,
203,
210,
218,
220,
219,
215,
208,
199,
189,
178,
168,
160,
153,
147,
141,
138,
139,
140,
140,
135,
128,
117,
105,
98,
101,
112,
119,
119,
113,
106,
101,
98,
94,
93,
93,
93,
89,
82,
74,
72,
80,
92,
99,
100,
97,
93,
86,
76,
66,
64,
70,
81,
89,
89,
83,
81,
86,
87,
79,
70,
69,
80,
87,
83,
75,
76,
91,
107,
117,
120,
123,
130,
133,
135,
137,
144,
155,
162,
164,
162,
157,
156,
157,
160,
163,
166,
169,
171,
169,
164,
159,
158,
160,
162,
162,
159,
154,
151,
147,
142,
139,
137,
134,
125,
109,
94,
86,
80,
74,
68,
63,
57,
52,
48,
44,
41,
38,
34,
29,
21,
11,
3,
2,
1,
0,
4,
14,
24,
28,
27,
23,
21,
19,
17,
19,
24,
29,
32,
33,
37,
47,
62,
76,
85,
90,
95,
104,
114,
124,
134,
147,
164,
180,
191,
197,
203,
209,
215,
221,
228,
239,
245,
247,
243,
233,
223,
213,
203,
194,
192,
198,
201,
194,
181,
170,
165,
160,
155,
150,
145,
141,
137,
133,
130,
126,
124,
119,
114,
110,
105,
102,
99,
96,
92,
89,
83,
74,
65,
63,
67,
73,
76,
74,
68,
62,
56,
56,
62,
70,
76,
81,
89,
98,
107,
113,
118,
125,
135,
144,
148,
149,
151,
158,
168,
179,
188,
193,
194,
191,
189,
192,
199,
209,
220,
230,
237,
240,
236,
229,
224,
224,
230,
236,
239,
236,
230,
221,
211,
203,
195,
188,
181,
174,
167,
160,
152,
146,
143,
141,
140,
139,
134,
129,
123,
119,
115,
111,
110,
111,
111,
106,
99,
95,
95,
100,
103,
100,
93,
87,
86,
90,
96,
101,
106,
108,
107,
103,
98,
92,
91,
95,
99,
102,
104,
105,
105,
104,
99,
90,
86,
87,
92,
95,
91,
86,
87,
95,
107,
118,
124,
129,
133,
134,
135,
140,
150,
162,
173,
181,
184,
183,
179,
175,
174,
178,
184,
190,
193,
191,
185,
178,
174,
175,
181,
187,
189,
185,
178,
172,
168,
167,
166,
164,
158,
147,
132,
117,
107,
98,
89,
79,
69,
54,
36,
18,
9,
9,
14,
20,
21,
22,
27,
35,
41,
44,
47,
54,
62,
62,
53,
39,
29,
23,
19,
16,
11,
6,
5,
5,
10,
19,
30,
43,
55,
65,
78,
92,
107,
124,
140,
156,
172,
189,
204,
218,
229,
241,
246,
247,
248,
248,
248,
248,
248,
248,
243,
229,
218,
211,
211,
213,
212,
207,
200,
194,
186,
177,
167,
154,
139,
129,
122,
116,
108,
99,
92,
85,
78,
73,
68,
64,
61,
58,
55,
54,
54,
54,
52,
48,
45,
43,
42,
39,
35,
33,
33,
38,
47,
58,
67,
74,
82,
90,
96,
99,
101,
104,
109,
114,
117,
117,
117,
118,
123,
132,
144,
156,
164,
168,
170,
171,
176,
186,
200,
216,
229,
236,
238,
238,
237,
239,
241,
243,
245,
242,
237,
232,
228,
224,
219,
211,
201,
191,
181,
174,
168,
163,
158,
152,
144,
135,
126,
119,
114,
110,
106,
103,
101,
100,
99,
98,
94,
90,
88,
87,
87,
86,
83,
80,
81,
86,
89,
93,
96,
98,
98,
96,
92,
89,
88,
90,
95,
102,
107,
111,
114,
112,
103,
94,
88,
85,
85,
84,
81,
78,
78,
83,
91,
99,
105,
108,
111,
116,
122,
129,
135,
142,
148,
152,
153,
153,
155,
158,
161,
162,
165,
169,
172,
173,
171,
169,
169,
170,
173,
175,
175,
173,
169,
164,
158,
152,
145,
137,
126,
114,
105,
98,
91,
86,
79,
73,
66,
60,
53,
46,
38,
27,
20,
16,
11,
8,
6,
5,
5,
10,
18,
26,
33,
36,
38,
37,
36,
35,
37,
41,
46,
52,
59,
68,
78,
88,
98,
109,
121,
131,
142,
151,
158,
166,
176,
186,
199,
212,
223,
229,
231,
232,
233,
234,
237,
240,
244,
248,
246,
239,
231,
222,
213,
204,
199,
196,
195,
191,
184,
174,
162,
152,
141,
130,
118,
107,
99,
91,
84,
77,
72,
68,
64,
60,
57,
53,
50,
47,
43,
40,
37,
35,
34,
35,
38,
42,
44,
43,
41,
38,
39,
42,
48,
57,
66,
75,
84,
92,
101,
110,
119,
126,
133,
139,
145,
152,
158,
165,
172,
180,
188,
195,
201,
204,
207,
208,
212,
221,
231,
239,
242,
242,
241,
238,
234,
231,
228,
226,
224,
221,
215,
207,
199,
191,
184,
178,
170,
162,
154,
148,
141,
137,
133,
130,
127,
125,
121,
117,
112,
108,
104,
101,
99,
97,
96,
95,
94,
95,
95,
96,
95,
94,
93,
92,
92,
94,
99,
103,
105,
105,
103,
102,
102,
102,
103,
106,
111,
117,
121,
123,
121,
118,
114,
110,
105,
102,
104,
108,
112,
115,
119,
124,
131,
137,
142,
146,
149,
152,
156,
160,
166,
173,
178,
181,
181,
181,
181,
181,
182,
183,
184,
186,
187,
186,
184,
182,
179,
177,
176,
175,
174,
172,
168,
163,
160,
157,
152,
145,
137,
128,
118,
107,
98,
89,
82,
74,
67,
60,
52,
44,
37,
30,
23,
17,
11,
8,
8,
12,
18,
27,
37,
44,
51,
54,
54,
55,
55,
56,
59,
65,
74,
84,
96,
106,
117,
127,
137,
147,
154,
159,
167,
177,
189,
200,
210,
220,
232,
240,
246,
248,
249,
252,
252,
252,
252,
252,
252,
251,
243,
230,
218,
207,
194,
182,
174,
170,
166,
160,
150,
141,
133,
123,
112,
101,
92,
86,
79,
72,
66,
61,
59,
57,
51,
44,
37,
31,
25,
21,
20,
21,
23,
27,
29,
32,
36,
40,
40,
41,
42,
46,
53,
60,
68,
76,
85,
92,
96,
96,
97,
97,
100,
106,
116,
129,
141,
151,
162,
175,
186,
197,
205,
211,
221,
230,
235,
235,
234,
235,
238,
236,
231,
224,
218,
211,
202,
190,
179,
172,
166,
159,
150,
141,
135,
130,
125,
119,
114,
111,
110,
110,
112,
114,
116,
116,
115,
112,
107,
103,
99,
97,
95,
93,
93,
94,
96,
100,
100,
98,
97,
97,
101,
107,
113,
119,
125,
131,
137,
137,
133,
127,
121,
117,
111,
103,
97,
96,
99,
105,
107,
105,
103,
101,
101,
98,
95,
92,
91,
93,
98,
102,
108,
118,
128,
136,
141,
144,
149,
154,
160,
162,
162,
162,
165,
166,
164,
161,
157,
155,
154,
155,
154,
154,
156,
158,
160,
160,
160,
161,
163,
163,
162,
160,
158,
159,
160,
156,
148,
137,
127,
118,
112,
106,
102,
98,
94,
90,
86,
81,
76,
69,
59,
49,
41,
34,
29,
27,
29,
35,
42,
50,
56,
61,
65,
66,
66,
66,
69,
71,
75,
80,
89,
100,
111,
120,
128,
140,
154,
165,
173,
180,
188,
197,
207,
213,
219,
226,
233,
241,
244,
246,
247,
249,
251,
251,
251,
249,
244,
237,
226,
214,
204,
196,
188,
179,
166,
154,
144,
134,
124,
115,
105,
95,
85,
74,
65,
60,
58,
57,
54,
49,
44,
40,
37,
34,
31,
27,
24,
25,
28,
31,
34,
35,
35,
36,
38,
40,
41,
42,
44,
47,
51,
57,
63,
69,
76,
85,
93,
99,
105,
112,
119,
127,
133,
138,
145,
152,
160,
168,
174,
179,
184,
187,
192,
197,
202,
209,
214,
216,
216,
214,
212,
209,
206,
202,
198,
194,
190,
186,
181,
176,
170,
162,
155,
148,
141,
135,
129,
122,
117,
114,
111,
107,
103,
100,
96,
93,
92,
92,
96,
100,
103,
104,
102,
102,
105,
109,
112,
113,
113,
114,
116,
119,
121,
122,
123,
124,
124,
124,
122,
118,
115,
112,
111,
112,
114,
116,
118,
119,
118,
118,
120,
122,
122,
120,
117,
115,
115,
116,
117,
117,
119,
121,
124,
126,
125,
126,
129,
134,
138,
141,
145,
149,
153,
157,
160,
162,
164,
168,
172,
175,
175,
174,
172,
171,
170,
170,
169,
166,
163,
161,
161,
161,
160,
156,
151,
146,
140,
132,
123,
113,
104,
98,
92,
86,
80,
75,
69,
64,
59,
55,
51,
46,
41,
37,
35,
34,
36,
41,
46,
50,
54,
58,
62,
66,
70,
74,
77,
80,
85,
92,
101,
111,
120,
129,
137,
147,
159,
170,
178,
183,
190,
199,
209,
218,
224,
230,
235,
241,
246,
247,
247,
247,
248,
248,
248,
245,
239,
232,
223,
213,
202,
193,
183,
174,
164,
153,
141,
129,
120,
112,
105,
98,
90,
80,
73,
68,
64,
60,
55,
49,
44,
40,
38,
36,
33,
30,
28,
29,
31,
35,
40,
44,
48,
51,
54,
57,
61,
66,
72,
76,
81,
86,
91,
98,
104,
111,
115,
119,
122,
126,
129,
132,
137,
141,
146,
152,
157,
161,
165,
168,
174,
180,
184,
190,
195,
198,
200,
200,
200,
199,
200,
201,
199,
195,
189,
185,
182,
179,
174,
169,
163,
158,
153,
149,
146,
142,
137,
132,
126,
122,
118,
115,
111,
107,
104,
103,
101,
101,
100,
100,
101,
101,
98,
95,
93,
93,
96,
97,
97,
96,
97,
99,
102,
104,
105,
106,
107,
108,
108,
107,
106,
106,
107,
108,
109,
110,
111,
111,
110,
109,
109,
112,
117,
119,
118,
114,
112,
111,
115,
119,
124,
126,
126,
127,
129,
133,
138,
141,
141,
140,
138,
136,
137,
139,
143,
145,
148,
150,
152,
155,
158,
163,
169,
175,
180,
182,
182,
181,
182,
182,
181,
175,
167,
158,
147,
135,
124,
116,
110,
104,
99,
94,
90,
85,
80,
76,
69,
59,
49,
40,
35,
31,
28,
24,
22,
22,
25,
31,
37,
42,
47,
51,
55,
59,
63,
67,
70,
75,
81,
91,
100,
107,
112,
116,
123,
133,
146,
160,
173,
184,
191,
198,
205,
212,
220,
224,
223,
217,
210,
205,
203,
201,
199,
194,
188,
180,
172,
165,
155,
144,
132,
120,
110,
101,
95,
87,
77,
67,
57,
49,
42,
37,
34,
32,
31,
31,
30,
31,
30,
30,
27,
22,
18,
15,
14,
14,
15,
18,
21,
26,
31,
37,
43,
48,
54,
62,
68,
74,
79,
82,
86,
88,
91,
93,
97,
101,
108,
116,
122,
125,
126,
128,
131,
138,
146,
155,
162,
168,
171,
174,
178,
183,
190,
195,
199,
202,
205,
207,
210,
212,
212,
212,
210,
205,
200,
193,
187,
182,
177,
173,
170,
168,
164,
159,
151,
142,
134,
128,
124,
121,
119,
117,
115,
112,
110,
109,
109,
112,
115,
119,
121,
121,
121,
120,
120,
120,
120,
118,
116,
115,
115,
117,
120,
124,
126,
128,
130,
130,
130,
129,
128,
130,
133,
139,
146,
152,
153,
151,
148,
143,
143,
148,
153,
157,
155,
149,
143,
139,
137,
138,
139,
139,
138,
136,
135,
137,
141,
145,
149,
150,
152,
154,
159,
165,
173,
180,
186,
189,
191,
191,
192,
193,
193,
194,
195,
196,
197,
199,
200,
200,
199,
195,
188,
181,
173,
166,
159,
152,
145,
139,
134,
129,
124,
117,
109,
100,
93,
88,
85,
84,
82,
79,
73,
68,
64,
64,
67,
72,
77,
81,
85,
89,
94,
100,
105,
107,
109,
113,
119,
129,
141,
152,
161,
167,
173,
180,
189,
199,
207,
212,
215,
219,
221,
224,
226,
227,
225,
221,
218,
215,
214,
212,
207,
199,
190,
178,
168,
159,
153,
145,
136,
125,
114,
104,
97,
94,
90,
84,
75,
65,
56,
52,
50,
51,
53,
54,
54,
51,
46,
39,
34,
30,
27,
28,
29,
30,
32,
34,
35,
36,
39,
42,
48,
54,
57,
58,
58,
59,
60,
62,
66,
71,
75,
78,
81,
86,
92,
100,
107,
111,
113,
115,
117,
120,
125,
129,
134,
138,
141,
143,
146,
150,
155,
161,
164,
165,
166,
166,
164,
164,
163,
162,
161,
158,
152,
146,
143,
141,
139,
137,
135,
132,
128,
122,
116,
111,
107,
105,
103,
103,
103,
104,
105,
106,
105,
104,
103,
104,
107,
111,
115,
117,
117,
117,
117,
118,
119,
118,
117,
118,
120,
124,
126,
127,
127,
127,
127,
126,
125,
125,
126,
129,
131,
132,
134,
134,
133,
130,
127,
124,
124,
127,
130,
133,
134,
134,
133,
133,
132,
132,
134,
136,
136,
134,
133,
136,
141,
148,
154,
157,
156,
155,
156,
159,
164,
171,
176,
179,
179,
177,
176,
176,
179,
183,
187,
189,
189,
189,
189,
189,
188,
186,
181,
175,
170,
166,
162,
156,
150,
143,
137,
131,
127,
121,
116,
111,
105,
99,
95,
90,
86,
81,
77,
72,
69,
68,
69,
70,
70,
70,
73,
77,
80,
85,
89,
91,
92,
96,
103,
113,
126,
137,
145,
149,
152,
156,
162,
169,
176,
181,
186,
188,
188,
188,
187,
185,
183,
179,
172,
165,
160,
157,
156,
154,
150,
142,
133,
123,
114,
105,
96,
84,
71,
63,
57,
56,
54,
50,
44,
36,
29,
23,
19,
19,
22,
25,
26,
22,
16,
10,
5,
4,
8,
15,
21,
25,
27,
30,
35,
41,
45,
47,
50,
54,
59,
62,
64,
67,
74,
82,
88,
89,
89,
89,
91,
92,
94,
96,
99,
102,
103,
103,
104,
106,
110,
114,
119,
123,
127,
132,
138,
146,
154,
161,
164,
163,
161,
160,
161,
165,
167,
168,
167,
164,
161,
160,
161,
160,
159,
155,
150,
147,
144,
143,
143,
143,
143,
141,
135,
129,
124,
121,
118,
117,
117,
116,
117,
119,
120,
123,
126,
128,
129,
130,
130,
130,
132,
133,
135,
137,
139,
140,
140,
140,
140,
142,
143,
143,
141,
138,
135,
134,
134,
133,
133,
132,
131,
131,
130,
130,
132,
135,
139,
145,
150,
154,
155,
156,
156,
157,
158,
161,
164,
167,
169,
171,
172,
172,
173,
172,
172,
172,
173,
174,
177,
181,
184,
186,
187,
189,
192,
197,
200,
201,
202,
203,
204,
207,
211,
213,
213,
210,
207,
205,
202,
198,
192,
184,
176,
170,
166,
163,
159,
155,
151,
146,
141,
135,
129,
126,
122,
119,
117,
117,
116,
115,
113,
112,
112,
114,
117,
123,
131,
135,
136,
135,
135,
138,
146,
156,
164,
171,
175,
178,
184,
191,
199,
203,
207,
207,
206,
203,
196,
191,
187,
187,
187,
186,
181,
175,
170,
167,
165,
162,
156,
147,
138,
130,
121,
115,
110,
106,
101,
94,
87,
80,
74,
70,
67,
63,
58,
51,
45,
41,
42,
44,
46,
46,
45,
44,
44,
44,
45,
47,
50,
55,
61,
67,
71,
73,
74,
74,
73,
72,
71,
71,
73,
76,
81,
84,
85,
82,
80,
78,
79,
82,
88,
93,
96,
97,
98,
101,
104,
109,
112,
112,
113,
117,
123,
132,
142,
148,
150,
151,
150,
149,
149,
148,
147,
146,
145,
143,
143,
143,
145,
144,
141,
135,
128,
121,
116,
114,
115,
116,
116,
115,
112,
107,
103,
102,
103,
107,
110,
112,
113,
111,
110,
109,
110,
110,
109,
108,
106,
104,
103,
104,
106,
108,
111,
112,
111,
111,
112,
113,
117,
121,
125,
128,
128,
127,
125,
124,
125,
128,
130,
130,
127,
122,
117,
115,
115,
116,
115,
112,
109,
108,
107,
106,
105,
106,
107,
111,
115,
116,
115,
115,
119,
123,
128,
130,
131,
131,
131,
134,
137,
141,
145,
149,
153,
158,
161,
165,
169,
171,
172,
172,
172,
172,
173,
173,
171,
170,
169,
167,
165,
160,
153,
146,
141,
139,
138,
136,
133,
128,
123,
118,
113,
110,
108,
106,
106,
106,
106,
107,
107,
107,
109,
111,
114,
118,
123,
127,
129,
129,
131,
135,
142,
150,
158,
162,
165,
168,
174,
181,
187,
190,
188,
182,
176,
173,
172,
172,
172,
171,
170,
167,
164,
160,
155,
150,
147,
147,
146,
143,
138,
132,
127,
124,
123,
122,
119,
114,
107,
100,
96,
96,
95,
92,
88,
82,
75,
69,
65,
65,
66,
68,
69,
67,
64,
60,
58,
58,
60,
64,
68,
73,
78,
82,
84,
84,
84,
83,
83,
85,
87,
92,
97,
103,
107,
108,
109,
109,
110,
114,
117,
119,
121,
122,
126,
130,
134,
137,
137,
136,
135,
136,
139,
145,
150,
152,
151,
149,
149,
149,
149,
147,
142,
137,
136,
138,
141,
143,
143,
140,
137,
133,
128,
122,
118,
117,
119,
122,
124,
125,
124,
122,
121,
121,
123,
125,
127,
129,
131,
130,
129,
129,
130,
131,
131,
129,
128,
127,
129,
131,
134,
136,
137,
136,
136,
136,
136,
136,
139,
142,
145,
145,
143,
140,
137,
137,
140,
144,
145,
144,
140,
135,
130,
127,
127,
129,
129,
127,
124,
125,
127,
130,
130,
127,
123,
120,
121,
124,
126,
126,
126,
128,
133,
137,
138,
137,
136,
136,
139,
142,
145,
148,
151,
154,
157,
159,
161,
164,
167,
169,
169,
167,
165,
165,
166,
167,
167,
164,
159,
152,
145,
140,
137,
135,
134,
135,
134,
130,
126,
121,
118,
117,
115,
112,
109,
106,
102,
99,
96,
93,
93,
96,
100,
103,
105,
106,
106,
108,
112,
114,
116,
118,
120,
125,
131,
136,
141,
143,
144,
144,
143,
139,
135,
132,
132,
133,
134,
133,
129,
124,
120,
118,
116,
114,
112,
109,
105,
103,
100,
98,
99,
101,
103,
102,
100,
96,
93,
91,
90,
88,
88,
87,
86,
83,
78,
72,
69,
67,
68,
70,
69,
67,
65,
65,
66,
68,
70,
71,
72,
73,
75,
79,
83,
87,
90,
92,
93,
95,
99,
106,
113,
118,
119,
119,
120,
123,
125,
125,
123,
120,
120,
123,
130,
136,
137,
132,
128,
125,
126,
129,
130,
130,
128,
127,
126,
127,
130,
132,
133,
131,
128,
125,
124,
125,
129,
130,
130,
128,
125,
123,
121,
120,
120,
121,
124,
126,
128,
129,
129,
129,
129,
129,
129,
129,
130,
132,
135,
137,
139,
140,
141,
142,
144,
145,
146,
147,
148,
149,
150,
152,
153,
154,
156,
156,
156,
156,
158,
159,
158,
155,
151,
147,
146,
148,
151,
152,
153,
154,
156,
159,
161,
160,
156,
153,
151,
151,
152,
153,
152,
151,
150,
151,
151,
150,
147,
142,
139,
137,
136,
135,
135,
135,
135,
134,
134,
134,
136,
139,
142,
145,
150,
156,
162,
165,
167,
169,
172,
176,
180,
181,
182,
184,
186,
188,
190,
189,
187,
184,
181,
179,
175,
171,
166,
161,
158,
156,
153,
150,
147,
144,
142,
140,
137,
134,
131,
127,
123,
120,
120,
121,
123,
124,
124,
121,
118,
119,
121,
124,
125,
125,
123,
122,
122,
123,
122,
120,
119,
117,
118,
118,
117,
115,
112,
109,
109,
111,
114,
118,
121,
121,
119,
116,
113,
113,
113,
112,
109,
107,
105,
103,
101,
98,
94,
90,
85,
80,
76,
72,
71,
71,
72,
72,
71,
68,
64,
60,
56,
54,
53,
53,
56,
59,
62,
65,
67,
69,
72,
75,
78,
80,
81,
83,
85,
86,
87,
90,
94,
99,
102,
103,
104,
106,
109,
114,
117,
118,
117,
114,
112,
113,
117,
121,
123,
122,
118,
115,
114,
115,
119,
122,
123,
122,
121,
120,
121,
122,
123,
124,
123,
123,
123,
125,
126,
126,
127,
127,
128,
127,
126,
124,
123,
123,
125,
127,
128,
128,
128,
128,
128,
128,
129,
129,
132,
135,
138,
140,
141,
143,
144,
145,
146,
147,
149,
150,
150,
151,
151,
152,
154,
157,
160,
162,
162,
161,
160,
160,
161,
162,
162,
161,
159,
158,
157,
158,
159,
159,
159,
160,
158,
156,
152,
148,
146,
145,
144,
142,
140,
137,
135,
134,
135,
136,
136,
135,
133,
131,
130,
131,
133,
135,
137,
139,
139,
141,
143,
145,
149,
153,
155,
158,
160,
162,
164,
166,
168,
171,
173,
175,
176,
175,
173,
171,
169,
168,
166,
164,
163,
160,
156,
153,
150,
148,
146,
144,
141,
138,
134,
132,
131,
131,
132,
133,
132,
127,
122,
118,
115,
114,
115,
114,
109,
105,
102,
98,
95,
94,
94,
92,
90,
88,
89,
92,
96,
101,
103,
105,
107,
107,
108,
108,
107,
107,
106,
107,
109,
111,
112,
111,
106,
101,
97,
96,
96,
95,
94,
92,
90,
88,
85,
82,
79,
77,
74,
70,
66,
65,
65,
66,
67,
67,
64,
61,
57,
53,
51,
52,
53,
55,
57,
60,
63,
68,
71,
74,
77,
79,
81,
82,
83,
85,
86,
89,
91,
94,
97,
99,
100,
100,
100,
102,
104,
107,
109,
110,
109,
107,
105,
106,
108,
110,
110,
110,
109,
109,
110,
112,
114,
115,
114,
111,
107,
105,
104,
106,
109,
112,
113,
113,
113,
114,
116,
118,
120,
121,
120,
119,
118,
119,
121,
124,
128,
131,
133,
134,
133,
132,
131,
132,
133,
134,
135,
137,
139,
142,
145,
146,
146,
147,
149,
150,
152,
154,
156,
156,
157,
157,
158,
160,
163,
166,
168,
168,
169,
169,
170,
171,
171,
170,
169,
168,
167,
168,
169,
169,
169,
168,
166,
164,
161,
159,
156,
153,
151,
148,
146,
145,
145,
145,
146,
146,
147,
148,
149,
149,
149,
148,
149,
152,
153,
153,
153,
154,
156,
160,
163,
167,
169,
171,
172,
174,
175,
177,
178,
179,
181,
183,
183,
184,
184,
184,
183,
183,
182,
180,
179,
178,
176,
173,
170,
168,
166,
164,
162,
160,
158,
156,
155,
156,
156,
155,
152,
148,
143,
139,
135,
133,
132,
131,
130,
129,
127,
126,
125,
124,
122,
120,
118,
117,
117,
118,
119,
121,
122,
122,
121,
121,
121,
121,
121,
119,
116,
114,
112,
111,
110,
111,
110,
108,
106,
104,
103,
104,
105,
105,
105,
104,
101,
100,
97,
95,
94,
93,
90,
87,
85,
84,
84,
84,
84,
82,
80,
78,
76,
75,
73,
72,
72,
72,
73,
75,
77,
80,
83,
85,
87,
88,
89,
91,
93,
95,
97,
100,
104,
106,
108,
109,
110,
112,
114,
116,
117,
118,
117,
116,
114,
114,
114,
114,
114,
112,
110,
108,
107,
107,
107,
107,
107,
105,
104,
104,
104,
103,
103,
104,
105,
106,
108,
110,
112,
113,
114,
115,
114,
113,
113,
113,
113,
112,
111,
111,
111,
111,
111,
112,
113,
113,
114,
116,
119,
122,
126,
131,
135,
139,
141,
142,
143,
145,
146,
147,
146,
146,
146,
146,
146,
147,
148,
149,
150,
150,
149,
148,
147,
147,
147,
147,
147,
146,
145,
144,
143,
143,
144,
143,
142,
142,
142,
141,
140,
139,
136,
133,
131,
129,
128,
127,
127,
126,
126,
126,
127,
128,
129,
129,
129,
130,
132,
133,
135,
136,
137,
139,
142,
144,
148,
150,
153,
154,
156,
159,
162,
165,
167,
168,
169,
169,
170,
171,
170,
169,
167,
166,
165,
165,
165,
164,
163,
161,
159,
157,
156,
155,
155,
153,
152,
150,
148,
146,
143,
141,
139,
137,
134,
132,
129,
128,
126,
123,
121,
120,
119,
117,
115,
113,
112,
111,
111,
112,
113,
114,
114,
114,
114,
115,
116,
118,
118,
118,
117,
115,
114,
114,
114,
115,
116,
116,
115,
113,
112,
111,
110,
110,
110,
109,
107,
106,
103,
101,
99,
98,
95,
93,
91,
89,
88,
88,
88,
88,
88,
87,
86,
86,
86,
87,
89,
90,
92,
94,
97,
99,
101,
103,
105,
106,
107,
108,
109,
110,
112,
114,
115,
116,
116,
116,
117,
117,
117,
118,
118,
118,
117,
116,
116,
115,
114,
113,
111,
110,
110,
110,
111,
111,
110,
109,
108,
107,
107,
107,
107,
106,
106,
105,
106,
107,
108,
109,
110,
110,
111,
111,
112,
114,
117,
119,
120,
122,
123,
123,
124,
125,
127,
130,
132,
134,
135,
135,
136,
137,
139,
141,
143,
145,
145,
146,
146,
147,
147,
148,
148,
148,
147,
146,
146,
146,
146,
147,
149,
150,
150,
150,
149,
149,
149,
149,
149,
148,
146,
144,
142,
141,
141,
141,
141,
141,
140,
139,
137,
136,
134,
132,
131,
130,
129,
128,
126,
126,
126,
125,
126,
126,
126,
127,
127,
127,
128,
130,
131,
132,
133,
134,
135,
137,
139,
143,
146,
149,
151,
153,
155,
157,
158,
158,
159,
159,
160,
162,
163,
163,
162,
160,
160,
160,
160,
159,
157,
155,
152,
151,
150,
150,
149,
149,
147,
145,
143,
140,
138,
135,
133,
131,
127,
124,
121,
117,
113,
111,
109,
108,
108,
108,
106,
105,
103,
102,
102,
103,
104,
105,
105,
105,
106,
108,
110,
113,
115,
117,
117,
117,
116,
116,
116,
117,
119,
120,
120,
120,
119,
118,
118,
118,
118,
117,
115,
113,
110,
107,
105,
104,
103,
101,
100,
98,
97,
96,
97,
98,
98,
98,
98,
98,
98,
99,
100,
102,
104,
105,
107,
109,
110,
112,
113,
115,
116,
117,
117,
118,
119,
120,
121,
122,
123,
123,
124,
124,
125,
125,
125,
124,
124,
123,
123,
121,
120,
119,
117,
117,
117,
117,
116,
115,
114,
112,
111,
110,
110,
111,
111,
112,
112,
112,
113,
115,
117,
118,
119,
119,
120,
120,
122,
124,
125,
127,
129,
130,
131,
131,
132,
134,
136,
139,
141,
143,
144,
144,
144,
146,
148,
150,
152,
153,
154,
154,
155,
155,
156,
157,
157,
156,
156,
156,
156,
156,
157,
158,
159,
159,
159,
158,
156,
154,
153,
152,
151,
150,
148,
145,
142,
140,
139,
139,
138,
137,
136,
135,
134,
133,
133,
132,
131,
130,
128,
127,
127,
128,
130,
131,
131,
132,
133,
134,
135,
135,
136,
137,
137,
138,
139,
141,
142,
143,
145,
147,
149,
152,
153,
154,
155,
156,
157,
158,
159,
159,
158,
158,
158,
157,
157,
157,
156,
156,
155,
153,
151,
149,
146,
144,
141,
138,
134,
131,
127,
122,
118,
115,
112,
109,
107,
105,
103,
100,
97,
95,
93,
93,
92,
91,
91,
90,
90,
89,
88,
87,
87,
88,
88,
88,
88,
88,
88,
89,
92,
94,
96,
96,
96,
95,
95,
95,
96,
96,
96,
96,
95,
95,
94,
94,
95,
95,
95,
94,
93,
91,
89,
88,
86,
85,
84,
83,
81,
80,
79,
79,
80,
81,
82,
82,
82,
82,
83,
84,
85,
87,
88,
90,
91,
93,
95,
98,
101,
103,
104,
105,
107,
108,
110,
112,
113,
114,
114,
114,
114,
115,
115,
116,
116,
116,
117,
116,
116,
116,
116,
116,
116,
116,
116,
116,
116,
116,
115,
114,
114,
114,
115,
117,
118,
119,
120,
120,
122,
123,
124,
125,
126,
127,
128,
129,
131,
133,
136,
138,
139,
141,
142,
143,
145,
147,
150,
153,
155,
156,
157,
158,
159,
161,
162,
164,
165,
167,
168,
169,
170,
170,
171,
171,
170,
169,
168,
168,
168,
168,
169,
169,
170,
170,
170,
169,
168,
168,
168,
168,
168,
167,
165,
163,
162,
162,
162,
161,
161,
159,
157,
156,
154,
153,
152,
151,
149,
147,
144,
142,
141,
141,
140,
140,
139,
139,
140,
140,
141,
142,
143,
145,
146,
147,
147,
148,
149,
150,
153,
156,
159,
161,
162,
163,
164,
165,
166,
167,
168,
168,
168,
167,
166,
165,
163,
161,
158,
156,
155,
153,
151,
149,
147,
145,
144,
142,
141,
139,
137,
134,
131,
128,
125,
122,
118,
115,
110,
105,
100,
96,
93,
91,
89,
88,
86,
85,
84,
83,
83,
84,
85,
86,
87,
87,
86,
87,
88,
90,
92,
95,
96,
96,
96,
95,
95,
95,
95,
95,
95,
94,
93,
92,
92,
92,
92,
92,
92,
90,
89,
87,
86,
86,
85,
85,
84,
83,
81,
79,
78,
78,
79,
79,
79,
79,
78,
77,
77,
77,
78,
79,
81,
82,
83,
85,
87,
90,
92,
94,
95,
96,
97,
98,
99,
100,
101,
102,
102,
102,
102,
102,
102,
103,
104,
104,
104,
104,
103,
103,
103,
102,
102,
103,
104,
104,
105,
105,
104,
104,
104,
104,
105,
106,
108,
109,
111,
112,
113,
115,
116,
118,
119,
120,
121,
122,
123,
126,
128,
130,
132,
134,
134,
135,
137,
140,
143,
147,
150,
152,
153,
154,
156,
158,
160,
162,
165,
167,
168,
170,
172,
174,
175,
175,
175,
175,
174,
173,
173,
173,
174,
175,
175,
176,
175,
174,
173,
173,
173,
173,
173,
173,
171,
169,
167,
167,
167,
167,
166,
165,
163,
161,
159,
158,
157,
156,
155,
153,
151,
149,
148,
148,
148,
148,
148,
149,
149,
150,
152,
153,
154,
156,
157,
158,
159,
159,
159,
160,
162,
164,
166,
168,
169,
170,
171,
172,
173,
174,
174,
174,
174,
174,
175,
174,
173,
172,
170,
169,
166,
164,
162,
160,
157,
154,
151,
149,
147,
145,
142,
139,
134,
130,
126,
122,
119,
116,
112,
108,
104,
100,
97,
95,
94,
93,
93,
93,
92,
92,
93,
93,
94,
96,
97,
97,
97,
98,
99,
101,
103,
105,
105,
105,
104,
102,
101,
100,
98,
97,
96,
95,
93,
92,
91,
91,
91,
91,
91,
90,
89,
89,
88,
88,
88,
87,
86,
85,
84,
83,
83,
84,
84,
85,
85,
85,
84,
84,
83,
83,
84,
85,
86,
86,
87,
88,
90,
93,
94,
95,
96,
96,
96,
96,
97,
97,
97,
96,
95,
94,
94,
96,
97,
99,
101,
102,
102,
102,
101,
99,
97,
96,
94,
91,
89,
87,
86,
84,
83,
82,
82,
83,
85,
87,
90,
92,
95,
98,
101,
103,
104,
105,
106,
108,
109,
110,
112,
114,
115,
117,
118,
119,
120,
121,
123,
126,
129,
133,
135,
137,
138,
139,
140,
142,
144,
146,
148,
150,
151,
153,
154,
155,
156,
156,
155,
155,
154,
154,
154,
155,
156,
157,
158,
158,
157,
156,
156,
156,
157,
158,
158,
158,
155,
153,
151,
150,
151,
151,
150,
149,
147,
145,
144,
144,
144,
144,
143,
141,
140,
138,
138,
139,
139,
139,
140,
140,
140,
141,
143,
145,
148,
150,
152,
153,
154,
156,
158,
161,
165,
168,
170,
172,
173,
175,
176,
177,
178,
179,
180,
181,
181,
182,
182,
181,
179,
178,
176,
174,
172,
169,
167,
165,
163,
161,
159,
158,
157,
154,
151,
148,
144,
141,
137,
134,
131,
128,
125,
120,
116,
113,
110,
109,
108,
108,
107,
107,
106,
105,
105,
106,
108,
109,
110,
110,
110,
110,
111,
114,
117,
120,
121,
121,
121,
120,
120,
120,
121,
121,
121,
119,
118,
117,
117,
117,
118,
117,
116,
113,
111,
109,
107,
106,
105,
104,
102,
100,
97,
94,
93,
92,
92,
92,
92,
91,
90,
90,
90,
89,
89,
90,
90,
91,
92,
93,
94,
96,
98,
100,
101,
101,
102,
102,
103,
104,
104,
104,
104,
103,
102,
102,
102,
102,
103,
103,
104,
103,
103,
102,
101,
100,
100,
100,
100,
100,
100,
100,
99,
98,
97,
97,
97,
97,
98,
99,
99,
100,
101,
102,
103,
104,
105,
105,
105,
107,
108,
111,
114,
116,
117,
118,
119,
119,
121,
123,
126,
130,
133,
136,
137,
137,
138,
139,
141,
143,
145,
146,
147,
148,
150,
150,
151,
151,
150,
149,
149,
148,
149,
150,
151,
153,
154,
155,
154,
154,
153,
152,
153,
154,
154,
153,
151,
148,
145,
143,
143,
143,
142,
141,
139,
137,
136,
135,
135,
134,
133,
132,
129,
127,
126,
126,
127,
127,
127,
127,
128,
129,
131,
134,
136,
139,
140,
141,
142,
144,
145,
148,
151,
155,
158,
160,
162,
164,
167,
169,
170,
171,
172,
172,
173,
174,
175,
175,
174,
172,
170,
168,
165,
162,
160,
157,
154,
151,
149,
147,
145,
143,
140,
137,
133,
130,
127,
125,
123,
121,
118,
115,
111,
108,
106,
104,
104,
104,
105,
105,
105,
106,
107,
108,
110,
111,
112,
112,
112,
112,
113,
114,
117,
119,
120,
120,
120,
120,
120,
120,
121,
121,
121,
120,
119,
118,
118,
118,
118,
118,
116,
114,
112,
110,
108,
108,
107,
107,
105,
103,
101,
98,
96,
96,
97,
98,
98,
97,
97,
96,
96,
97,
97,
98,
98,
97,
97,
98,
100,
102,
104,
105,
106,
106,
106,
107,
107,
108,
109,
110,
110,
109,
109,
109,
110,
111,
112,
112,
113,
113,
112,
112,
111,
110,
110,
110,
109,
109,
109,
108,
107,
106,
105,
104,
104,
105,
106,
107,
108,
109,
110,
111,
113,
115,
115,
116,
116,
117,
120,
123,
126,
128,
130,
131,
132,
132,
133,
135,
138,
141,
144,
146,
146,
145,
145,
144,
145,
145,
146,
147,
148,
149,
150,
151,
153,
154,
154,
154,
154,
154,
154,
155,
156,
158,
160,
161,
162,
161,
161,
161,
162,
163,
163,
162,
160,
156,
153,
151,
150,
150,
149,
148,
146,
143,
140,
138,
138,
137,
137,
135,
133,
130,
128,
127,
127,
126,
125,
124,
124,
125,
129,
132,
136,
140,
142,
142,
142,
142,
142,
142,
142,
143,
144,
144,
144,
144,
145,
146,
148,
149,
151,
153,
155,
158,
161,
163,
163,
162,
160,
158,
157,
155,
153,
149,
146,
143,
139,
137,
134,
132,
130,
127,
123,
120,
116,
113,
111,
108,
105,
101,
98,
94,
90,
88,
87,
87,
88,
88,
87,
86,
86,
86,
88,
90,
92,
93,
93,
93,
93,
94,
97,
100,
103,
105,
105,
105,
105,
105,
106,
106,
106,
105,
103,
101,
100,
100,
101,
102,
102,
101,
99,
97,
95,
95,
95,
95,
94,
93,
92,
89,
87,
86,
85,
86,
86,
86,
85,
85,
85,
86,
86,
88,
89,
91,
93,
95,
96,
99,
101,
103,
105,
106,
107,
108,
108,
109,
110,
111,
111,
112,
112,
112,
113,
113,
114,
114,
115,
115,
115,
115,
114,
114,
114,
114,
114,
114,
115,
115,
114,
113,
112,
112,
111,
111,
111,
112,
114,
115,
116,
117,
118,
120,
122,
123,
123,
123,
124,
126,
128,
132,
135,
138,
139,
140,
141,
142,
144,
148,
152,
156,
158,
160,
161,
162,
163,
165,
166,
169,
170,
172,
174,
175,
176,
177,
178,
178,
176,
175,
173,
172,
172,
173,
174,
175,
175,
174,
172,
170,
169,
169,
170,
171,
170,
168,
165,
162,
160,
159,
158,
158,
157,
155,
152,
150,
149,
148,
148,
148,
146,
143,
140,
137,
136,
136,
136,
135,
135,
135,
135,
137,
139,
141,
144,
146,
148,
149,
149,
150,
151,
153,
156,
158,
161,
162,
163,
165,
167,
168,
169,
168,
168,
168,
168,
169,
169,
167,
166,
163,
161,
158,
156,
153,
150,
146,
143,
140,
137,
135,
133,
131,
127,
124,
120,
115,
112,
108,
106,
103,
99,
95,
91,
87,
85,
83,
82,
83,
82,
81,
80,
80,
80,
81,
82,
84,
85,
86,
86,
86,
88,
91,
95,
98,
100,
101,
101,
100,
100,
100,
99,
99,
98,
96,
95,
93,
93,
93,
93,
92,
90,
88,
85,
83,
83,
82,
82,
81,
79,
77,
75,
73,
72,
72,
73,
73,
73,
72,
72,
72,
73,
74,
75,
77,
78,
79,
80,
83,
86,
89,
92,
93,
94,
95,
95,
95,
97,
98,
99,
101,
102,
102,
103,
103,
104,
105,
105,
105,
104,
103,
101,
100,
99,
99,
98,
99,
100,
100,
100,
101,
100,
100,
99,
99,
100,
102,
103,
105,
107,
109,
112,
115,
118,
120,
122,
123,
125,
127,
130,
133,
136,
139,
140,
141,
141,
142,
143,
147,
151,
155,
158,
161,
162,
163,
164,
165,
167,
169,
172,
173,
175,
176,
177,
178,
179,
178,
177,
175,
173,
172,
172,
173,
175,
177,
179,
179,
178,
177,
176,
177,
178,
179,
180,
179,
176,
172,
169,
168,
167,
166,
164,
162,
159,
156,
154,
152,
152,
151,
150,
147,
144,
141,
138,
138,
139,
140,
140,
140,
141,
142,
144,
147,
150,
153,
154,
155,
155,
156,
157,
159,
162,
165,
168,
170,
172,
174,
175,
177,
178,
179,
179,
180,
181,
182,
183,
183,
182,
181,
179,
177,
174,
172,
169,
165,
162,
159,
156,
154,
152,
150,
147,
143,
138,
133,
128,
123,
118,
113,
108,
102,
96,
90,
86,
83,
82,
82,
83,
83,
83,
83,
84,
85,
87,
90,
92,
93,
94,
95,
97,
100,
104,
108,
112,
114,
115,
114,
113,
112,
112,
111,
111,
109,
107,
104,
102,
102,
102,
101,
101,
99,
96,
93,
91,
91,
90,
90,
88,
85,
81,
77,
73,
72,
73,
74,
75,
76,
77,
77,
76,
76,
76,
77,
76,
75,
73,
71,
70,
70,
71,
72,
73,
74,
75,
77,
79,
81,
84,
87,
90,
91,
93,
94,
95,
96,
97,
97,
97,
96,
94,
93,
91,
89,
88,
88,
88,
89,
90,
90,
90,
90,
89,
88,
88,
89,
90,
92,
94,
96,
97,
99,
101,
103,
104,
105,
105,
106,
107,
110,
114,
118,
122,
124,
126,
126,
127,
129,
132,
135,
140,
143,
146,
148,
149,
150,
152,
154,
156,
157,
159,
160,
161,
162,
164,
165,
165,
164,
163,
162,
161,
162,
164,
167,
169,
170,
170,
168,
167,
166,
167,
167,
168,
167,
166,
163,
160,
158,
158,
158,
159,
158,
157,
155,
154,
152,
152,
151,
151,
150,
147,
144,
142,
141,
141,
142,
143,
143,
144,
145,
147,
150,
153,
156,
158,
160,
161,
162,
163,
165,
168,
172,
176,
179,
181,
184,
186,
188,
190,
190,
190,
190,
189,
190,
191,
192,
191,
190,
187,
184,
181,
178,
176,
172,
169,
166,
164,
162,
160,
158,
156,
153,
150,
146,
142,
138,
135,
132,
130,
126,
122,
118,
114,
112,
110,
110,
109,
108,
107,
107,
107,
107,
107,
109,
110,
110,
110,
110,
110,
111,
113,
115,
116,
117,
117,
116,
115,
115,
115,
114,
113,
112,
111,
109,
107,
107,
106,
106,
105,
103,
100,
98,
97,
96,
96,
96,
94,
91,
88,
85,
82,
81,
81,
80,
80,
79,
78,
78,
78,
78,
80,
81,
82,
83,
84,
85,
86,
88,
90,
92,
92,
92,
92,
92,
92,
92,
92,
93,
93,
93,
93,
93,
93,
93,
94,
93,
93,
92,
91,
90,
89,
88,
87,
87,
87,
87,
87,
88,
88,
87,
86,
85,
85,
86,
87,
89,
90,
92,
94,
95,
97,
99,
100,
100,
100,
100,
101,
104,
107,
110,
113,
115,
117,
118,
120,
122,
126,
131,
135,
140,
143,
144,
145,
146,
148,
150,
152,
154,
155,
156,
157,
157,
158,
159,
158,
157,
155,
153,
152,
153,
154,
156,
158,
159,
159,
158,
156,
155,
155,
156,
156,
157,
156,
153,
149,
146,
145,
144,
144,
143,
142,
140,
138,
136,
135,
136,
136,
136,
135,
132,
129,
128,
128,
129,
131,
132,
133,
135,
137,
139,
142,
145,
148,
150,
151,
151,
151,
152,
154,
158,
161,
164,
167,
169,
171,
174,
176,
177,
178,
178,
179,
180,
182,
183,
183,
182,
181,
180,
179,
178,
176,
174,
171,
169,
166,
164,
163,
161,
158,
155,
150,
145,
140,
136,
132,
130,
127,
123,
118,
114,
110,
107,
105,
104,
105,
104,
104,
103,
103,
103,
104,
106,
107,
108,
108,
107,
107,
108,
111,
114,
118,
120,
122,
122,
122,
122,
123,
124,
124,
124,
122,
119,
117,
116,
116,
116,
115,
113,
110,
106,
103,
100,
100,
99,
98,
97,
94,
92,
89,
87,
86,
87,
87,
87,
87,
87,
87,
87,
89,
90,
92,
93,
94,
94,
95,
96,
97,
99,
100,
100,
101,
101,
101,
101,
101,
102,
102,
103,
103,
104,
105,
107,
107,
108,
108,
108,
108,
107,
107,
106,
106,
105,
105,
105,
105,
105,
106,
105,
104,
103,
101,
99,
98,
98,
97,
97,
96,
96,
97,
98,
99,
100,
100,
101,
102,
105,
109,
114,
119,
123,
126,
128,
130,
132,
135,
139,
144,
149,
154,
157,
159,
161,
162,
164,
165,
166,
167,
168,
169,
169,
169,
170,
169,
168,
166,
164,
163,
163,
163,
166,
168,
170,
170,
169,
167,
164,
162,
160,
160,
160,
160,
159,
158,
156,
153,
152,
151,
150,
147,
144,
138,
134,
128,
125,
122,
121,
118,
117,
113,
111,
