84,
65,
83,
81,
76,
68,
70,
67,
64,
56,
61,
69,
75,
78,
86,
95,
95,
101,
108,
110,
111,
107,
97,
92,
99,
111,
114,
111,
102,
113,
118,
103,
105,
123,
118,
107,
91,
76,
78,
76,
59,
50,
73,
87,
112,
134,
129,
110,
88,
70,
75,
92,
98,
114,
134,
153,
166,
162,
143,
118,
103,
91,
91,
102,
96,
100,
106,
93,
82,
79,
84,
96,
112,
128,
138,
150,
152,
137,
127,
126,
129,
129,
126,
128,
130,
125,
115,
106,
106,
110,
114,
129,
140,
137,
141,
147,
157,
167,
181,
192,
193,
185,
180,
186,
191,
192,
196,
209,
221,
232,
217,
187,
170,
163,
167,
193,
222,
226,
227,
214,
199,
193,
175,
167,
172,
194,
222,
233,
226,
215,
201,
184,
174,
158,
150,
160,
168,
177,
187,
183,
179,
182,
167,
159,
144,
131,
136,
143,
145,
144,
137,
123,
106,
107,
126,
124,
133,
128,
98,
83,
59,
41,
28,
33,
64,
104,
159,
203,
214,
195,
174,
172,
176,
167,
169,
148,
115,
105,
92,
89,
88,
102,
137,
165,
193,
216,
202,
186,
170,
145,
129,
114,
101,
91,
81,
68,
54,
61,
74,
74,
69,
57,
55,
53,
54,
54,
47,
46,
46,
55,
69,
66,
65,
67,
60,
70,
73,
77,
77,
66,
71,
81,
84,
86,
74,
53,
44,
33,
40,
43,
50,
83,
90,
82,
68,
64,
69,
69,
68,
72,
81,
88,
96,
87,
78,
76,
80,
91,
100,
115,
127,
121,
111,
110,
114,
115,
111,
112,
126,
137,
137,
131,
121,
117,
117,
123,
128,
139,
144,
140,
146,
145,
133,
123,
116,
118,
137,
136,
132,
137,
132,
129,
126,
120,
116,
117,
126,
134,
137,
134,
131,
126,
124,
128,
135,
146,
151,
156,
163,
165,
158,
155,
146,
141,
155,
164,
173,
172,
171,
175,
184,
200,
213,
217,
222,
225,
221,
220,
213,
216,
219,
224,
237,
240,
238,
228,
217,
213,
221,
230,
239,
231,
217,
204,
189,
191,
190,
198,
208,
209,
214,
214,
205,
196,
184,
175,
179,
181,
183,
183,
174,
158,
141,
121,
114,
122,
138,
141,
139,
134,
126,
118,
110,
108,
104,
104,
107,
112,
122,
127,
124,
125,
121,
120,
121,
129,
138,
140,
143,
144,
151,
148,
132,
118,
110,
103,
98,
98,
104,
117,
112,
95,
78,
69,
70,
75,
81,
80,
81,
86,
85,
82,
87,
97,
106,
104,
104,
104,
87,
74,
67,
64,
68,
71,
79,
86,
86,
85,
78,
64,
53,
49,
48,
48,
41,
41,
39,
40,
48,
50,
46,
35,
26,
31,
35,
21,
18,
22,
24,
29,
42,
56,
60,
62,
78,
90,
91,
88,
68,
57,
65,
71,
76,
85,
87,
97,
100,
94,
88,
92,
106,
118,
128,
132,
133,
129,
122,
120,
128,
134,
135,
147,
163,
155,
151,
145,
128,
123,
132,
146,
157,
171,
176,
165,
152,
151,
142,
134,
140,
144,
155,
157,
155,
165,
163,
158,
155,
150,
145,
145,
153,
165,
161,
150,
143,
134,
133,
134,
143,
153,
160,
164,
165,
169,
163,
156,
157,
158,
158,
159,
154,
155,
159,
158,
158,
162,
170,
180,
190,
200,
207,
208,
216,
220,
208,
196,
198,
193,
185,
185,
189,
201,
204,
203,
210,
210,
207,
207,
199,
190,
185,
186,
188,
176,
166,
158,
148,
142,
141,
145,
144,
141,
135,
125,
126,
125,
123,
125,
134,
136,
133,
131,
133,
134,
129,
129,
133,
133,
129,
122,
108,
101,
97,
101,
106,
111,
116,
110,
101,
91,
85,
83,
86,
84,
87,
91,
87,
91,
95,
101,
107,
109,
118,
120,
111,
101,
85,
83,
102,
110,
117,
121,
113,
116,
115,
106,
106,
105,
113,
120,
119,
107,
87,
75,
68,
69,
92,
102,
96,
102,
106,
103,
96,
90,
86,
76,
79,
86,
99,
123,
137,
138,
127,
112,
87,
71,
58,
58,
79,
94,
106,
107,
108,
105,
94,
84,
75,
87,
113,
129,
131,
116,
96,
85,
77,
74,
87,
99,
106,
110,
101,
101,
101,
97,
95,
105,
122,
120,
113,
113,
120,
128,
125,
131,
146,
164,
181,
194,
202,
199,
198,
198,
190,
184,
186,
186,
176,
168,
166,
180,
187,
178,
170,
173,
184,
187,
187,
183,
181,
182,
185,
180,
167,
155,
148,
145,
138,
144,
160,
162,
150,
139,
132,
129,
124,
125,
130,
138,
136,
125,
128,
135,
137,
136,
137,
138,
141,
146,
149,
152,
158,
166,
168,
172,
171,
170,
170,
169,
174,
185,
195,
199,
194,
184,
178,
180,
179,
178,
184,
182,
176,
170,
157,
152,
151,
150,
159,
179,
182,
183,
178,
173,
174,
168,
168,
165,
167,
168,
166,
159,
144,
131,
121,
117,
111,
115,
115,
112,
109,
103,
101,
95,
99,
99,
95,
84,
82,
91,
97,
97,
100,
102,
102,
97,
93,
102,
95,
97,
99,
104,
96,
94,
96,
98,
105,
97,
103,
105,
109,
113,
104,
88,
68,
64,
63,
80,
104,
92,
95,
101,
104,
97,
91,
106,
104,
108,
96,
84,
85,
94,
84,
67,
82,
109,
123,
119,
135,
136,
119,
99,
102,
93,
76,
90,
92,
81,
76,
88,
111,
122,
100,
86,
80,
51,
42,
85,
92,
87,
86,
91,
88,
106,
111,
86,
94,
86,
118,
143,
154,
109,
84,
95,
71,
70,
81,
116,
139,
127,
122,
111,
90,
77,
101,
102,
119,
139,
119,
121,
111,
123,
121,
161,
186,
191,
197,
210,
249,
227,
208,
196,
188,
193,
192,
185,
190,
206,
209,
211,
184,
166,
167,
138,
159,
179,
190,
197,
191,
161,
158,
168,
124,
123,
143,
144,
146,
200,
200,
141,
137,
142,
116,
124,
134,
122,
114,
101,
119,
149,
130,
104,
127,
108,
93,
115,
136,
133,
125,
138,
145,
132,
125,
153,
165,
154,
140,
170,
172,
196,
230,
212,
223,
224,
225,
184,
191,
225,
199,
213,
222,
180,
180,
206,
187,
168,
168,
145,
156,
182,
165,
172,
135,
139,
150,
145,
112,
96,
118,
99,
122,
127,
147,
105,
90,
106,
98,
63,
49,
89,
149,
202,
155,
75,
57,
142,
120,
95,
113,
126,
96,
76,
83,
45,
20,
14,
76,
114,
69,
5,
64,
93,
107,
100,
97,
114,
47,
18,
118,
144,
85,
87,
152,
219,
115,
84,
178,
223,
112,
79,
115,
129,
101,
49,
137,
154,
83,
9,
88,
171,
65,
1,
97,
200,
138,
35,
42,
89,
109,
76,
148,
246,
99,
3,
117,
243,
222,
56,
97,
199,
163,
75,
5,
29,
46,
0,
108,
166,
41,
6,
24,
58,
16,
35,
29,
58,
77,
10,
38,
105,
219,
197,
138,
137,
54,
65,
144,
220,
243,
108,
71,
124,
169,
131,
8,
86,
243,
180,
103,
219,
224,
101,
174,
234,
207,
166,
143,
116,
151,
163,
138,
227,
251,
225,
126,
165,
239,
245,
236,
218,
245,
196,
124,
89,
141,
218,
239,
136,
84,
216,
176,
62,
86,
205,
204,
175,
227,
148,
55,
1,
70,
125,
104,
95,
210,
240,
186,
86,
103,
227,
176,
83,
84,
146,
66,
91,
114,
154,
131,
21,
19,
76,
108,
70,
118,
220,
248,
211,
198,
191,
82,
11,
11,
55,
194,
222,
237,
244,
232,
234,
193,
132,
165,
164,
136,
132,
118,
144,
112,
43,
72,
119,
69,
94,
76,
71,
169,
222,
197,
181,
149,
152,
168,
111,
25,
12,
9,
63,
160,
135,
154,
126,
92,
129,
144,
73,
65,
93,
97,
122,
79,
53,
132,
214,
158,
34,
13,
102,
103,
50,
115,
139,
109,
143,
177,
188,
68,
5,
18,
59,
162,
235,
244,
238,
223,
109,
111,
176,
180,
136,
44,
34,
122,
118,
56,
77,
63,
66,
74,
72,
133,
161,
111,
118,
168,
187,
200,
153,
120,
153,
115,
59,
100,
141,
152,
140,
119,
169,
223,
177,
186,
228,
197,
152,
94,
89,
173,
158,
53,
58,
84,
94,
92,
53,
106,
189,
141,
123,
167,
159,
186,
197,
171,
206,
138,
12,
46,
94,
98,
131,
121,
164,
248,
181,
126,
196,
230,
242,
222,
162,
211,
245,
166,
147,
195,
215,
208,
135,
89,
176,
211,
181,
191,
204,
233,
247,
196,
181,
206,
174,
102,
119,
164,
179,
137,
155,
238,
246,
212,
129,
150,
225,
247,
141,
17,
75,
187,
218,
174,
131,
183,
152,
102,
100,
128,
142,
90,
92,
125,
212,
140,
78,
122,
180,
185,
97,
5,
77,
231,
250,
211,
161,
119,
109,
76,
91,
136,
146,
116,
84,
156,
132,
163,
131,
44,
133,
205,
124,
69,
127,
154,
183,
173,
141,
160,
204,
185,
164,
147,
97,
87,
92,
66,
136,
198,
161,
171,
170,
132,
164,
146,
91,
122,
113,
79,
140,
112,
14,
48,
35,
10,
14,
27,
64,
68,
81,
77,
102,
144,
104,
73,
96,
134,
150,
165,
119,
115,
151,
53,
48,
81,
115,
133,
134,
131,
135,
125,
45,
76,
139,
156,
165,
162,
81,
61,
80,
60,
54,
58,
135,
118,
58,
120,
142,
70,
49,
81,
51,
111,
205,
104,
88,
176,
127,
95,
115,
108,
130,
218,
193,
148,
244,
185,
104,
130,
120,
86,
112,
96,
107,
153,
143,
178,
175,
121,
95,
136,
144,
134,
134,
95,
65,
152,
185,
170,
197,
183,
108,
79,
98,
104,
133,
87,
86,
154,
206,
139,
117,
169,
181,
223,
228,
185,
157,
197,
193,
170,
203,
200,
173,
150,
161,
128,
154,
206,
152,
156,
216,
221,
164,
122,
118,
192,
197,
177,
204,
218,
188,
176,
234,
237,
244,
228,
199,
172,
188,
176,
154,
189,
116,
149,
228,
249,
162,
114,
141,
123,
191,
200,
169,
156,
175,
133,
150,
180,
150,
101,
138,
181,
196,
197,
81,
73,
65,
82,
134,
163,
99,
37,
111,
197,
225,
187,
150,
150,
143,
126,
139,
156,
99,
72,
142,
142,
129,
104,
46,
32,
76,
103,
122,
170,
139,
82,
111,
113,
115,
127,
133,
120,
95,
154,
149,
95,
76,
99,
111,
109,
70,
12,
30,
141,
168,
178,
190,
117,
70,
76,
96,
149,
154,
44,
22,
38,
15,
20,
98,
92,
93,
121,
107,
123,
101,
94,
67,
59,
122,
95,
87,
80,
14,
18,
71,
125,
144,
132,
42,
10,
18,
136,
211,
97,
20,
50,
145,
168,
116,
103,
158,
156,
127,
143,
142,
77,
10,
21,
81,
122,
84,
27,
8,
86,
177,
159,
162,
87,
67,
141,
155,
145,
108,
98,
89,
53,
104,
155,
152,
125,
30,
18,
98,
153,
119,
46,
16,
60,
162,
227,
180,
177,
137,
139,
222,
183,
144,
121,
152,
107,
89,
160,
125,
58,
58,
87,
135,
150,
146,
117,
63,
124,
177,
189,
140,
69,
82,
161,
174,
152,
151,
128,
159,
225,
248,
238,
243,
153,
37,
88,
218,
253,
215,
122,
112,
134,
170,
190,
142,
103,
123,
191,
239,
230,
198,
176,
105,
132,
156,
195,
179,
175,
161,
103,
136,
179,
191,
136,
100,
53,
142,
247,
235,
219,
182,
101,
75,
117,
145,
139,
114,
157,
187,
155,
117,
52,
9,
13,
70,
179,
167,
123,
158,
225,
221,
210,
219,
151,
132,
142,
158,
122,
119,
137,
69,
43,
116,
171,
183,
156,
54,
44,
103,
176,
173,
112,
111,
87,
118,
208,
178,
87,
88,
128,
137,
154,
124,
84,
150,
150,
92,
78,
98,
92,
140,
177,
146,
134,
113,
101,
74,
73,
113,
212,
248,
177,
131,
94,
24,
98,
136,
44,
27,
95,
88,
33,
74,
110,
118,
37,
31,
138,
183,
127,
90,
64,
36,
55,
142,
162,
61,
27,
80,
179,
152,
66,
72,
101,
55,
63,
118,
100,
89,
72,
36,
10,
84,
211,
241,
147,
94,
187,
206,
180,
158,
105,
65,
49,
136,
173,
139,
86,
91,
146,
102,
82,
160,
169,
157,
143,
151,
215,
191,
169,
117,
57,
63,
123,
183,
167,
129,
114,
90,
125,
173,
140,
77,
62,
97,
145,
165,
155,
233,
220,
139,
121,
137,
178,
171,
129,
157,
202,
208,
233,
193,
101,
42,
71,
168,
183,
110,
112,
156,
157,
137,
131,
135,
161,
179,
202,
173,
159,
238,
241,
176,
107,
142,
191,
209,
202,
179,
194,
207,
220,
180,
156,
111,
147,
235,
229,
151,
124,
140,
81,
95,
118,
147,
150,
159,
138,
131,
205,
217,
224,
189,
139,
154,
228,
218,
118,
44,
54,
128,
142,
97,
73,
44,
71,
109,
83,
74,
42,
95,
120,
79,
99,
51,
103,
211,
167,
124,
107,
126,
149,
81,
41,
53,
107,
188,
184,
120,
71,
106,
179,
160,
127,
112,
65,
97,
154,
153,
122,
79,
129,
129,
56,
26,
41,
120,
186,
172,
105,
92,
150,
182,
127,
57,
41,
40,
54,
86,
55,
14,
12,
67,
107,
98,
48,
8,
55,
112,
136,
78,
76,
133,
81,
38,
64,
50,
74,
100,
85,
84,
57,
82,
111,
102,
119,
58,
16,
67,
113,
127,
75,
65,
100,
167,
166,
133,
102,
48,
42,
56,
141,
167,
148,
136,
98,
70,
98,
85,
115,
104,
39,
81,
79,
161,
191,
180,
124,
50,
115,
160,
148,
111,
99,
131,
169,
158,
179,
188,
111,
111,
158,
175,
121,
110,
180,
167,
166,
108,
78,
140,
224,
201,
141,
117,
132,
197,
208,
228,
147,
103,
128,
193,
203,
146,
151,
148,
196,
210,
183,
141,
111,
184,
224,
137,
115,
165,
198,
236,
179,
197,
201,
159,
219,
255,
195,
148,
158,
167,
236,
248,
216,
172,
162,
218,
216,
238,
232,
122,
163,
222,
226,
252,
225,
183,
177,
202,
200,
166,
157,
191,
165,
158,
154,
151,
143,
176,
208,
133,
97,
113,
152,
152,
131,
117,
80,
85,
154,
206,
211,
151,
110,
108,
79,
82,
115,
103,
88,
129,
126,
136,
155,
147,
176,
141,
85,
88,
95,
115,
167,
172,
110,
66,
101,
170,
208,
169,
62,
4,
28,
103,
195,
193,
114,
60,
139,
202,
159,
116,
91,
81,
105,
174,
102,
56,
50,
74,
98,
80,
75,
26,
9,
27,
107,
119,
50,
6,
58,
145,
149,
83,
47,
19,
18,
39,
99,
108,
63,
30,
41,
127,
147,
116,
32,
13,
38,
69,
85,
119,
94,
70,
84,
44,
104,
135,
100,
53,
12,
20,
78,
107,
59,
80,
164,
209,
172,
75,
30,
24,
21,
55,
82,
54,
64,
124,
161,
187,
187,
106,
13,
46,
100,
69,
30,
52,
111,
157,
144,
140,
165,
125,
82,
115,
118,
78,
110,
134,
139,
188,
236,
240,
183,
103,
107,
159,
149,
96,
95,
136,
164,
228,
231,
146,
107,
80,
130,
236,
200,
166,
111,
61,
130,
197,
180,
135,
158,
156,
191,
228,
208,
137,
93,
139,
172,
218,
203,
136,
98,
104,
128,
202,
221,
153,
131,
119,
164,
220,
238,
181,
138,
138,
166,
222,
247,
195,
115,
122,
181,
249,
237,
246,
224,
152,
108,
158,
243,
240,
197,
147,
172,
215,
236,
164,
160,
206,
191,
149,
155,
222,
238,
193,
109,
89,
118,
176,
211,
189,
125,
113,
138,
166,
156,
160,
164,
118,
121,
163,
220,
204,
137,
65,
72,
179,
195,
143,
152,
121,
81,
73,
111,
200,
211,
187,
141,
87,
135,
200,
174,
116,
102,
59,
135,
154,
124,
165,
101,
47,
95,
154,
134,
144,
84,
92,
129,
116,
103,
101,
100,
47,
54,
122,
169,
158,
133,
102,
77,
47,
36,
47,
73,
86,
100,
77,
72,
89,
108,
98,
74,
38,
25,
24,
26,
64,
117,
144,
52,
67,
113,
87,
58,
70,
48,
51,
96,
115,
84,
51,
103,
45,
73,
155,
123,
115,
87,
48,
75,
108,
100,
45,
27,
73,
117,
127,
130,
146,
103,
59,
47,
119,
150,
116,
71,
67,
82,
33,
71,
134,
196,
149,
98,
113,
109,
132,
158,
133,
81,
90,
82,
107,
145,
153,
146,
116,
92,
100,
100,
108,
151,
130,
120,
122,
94,
85,
104,
122,
106,
120,
115,
70,
95,
141,
156,
211,
170,
88,
88,
77,
143,
189,
174,
147,
94,
61,
88,
116,
159,
180,
174,
161,
102,
91,
138,
191,
208,
225,
152,
139,
195,
205,
191,
204,
211,
176,
179,
168,
119,
133,
235,
245,
233,
178,
140,
200,
244,
214,
177,
171,
174,
189,
148,
123,
167,
227,
248,
179,
128,
152,
150,
170,
198,
181,
155,
134,
153,
140,
134,
190,
196,
158,
84,
77,
98,
100,
145,
186,
168,
162,
130,
85,
115,
140,
143,
132,
141,
104,
92,
104,
58,
112,
185,
180,
178,
126,
88,
95,
128,
141,
114,
120,
114,
80,
118,
138,
186,
241,
184,
138,
104,
54,
85,
133,
98,
131,
146,
145,
114,
104,
113,
112,
150,
128,
106,
117,
127,
103,
67,
33,
89,
158,
113,
90,
76,
91,
144,
104,
116,
117,
109,
98,
57,
44,
49,
83,
112,
177,
141,
73,
27,
51,
100,
89,
98,
100,
89,
56,
24,
36,
63,
82,
125,
108,
61,
59,
99,
109,
83,
113,
128,
97,
118,
88,
58,
96,
59,
108,
140,
119,
130,
105,
100,
111,
96,
112,
166,
108,
61,
52,
57,
110,
145,
163,
133,
91,
143,
183,
133,
75,
62,
85,
141,
147,
119,
132,
107,
93,
77,
84,
119,
172,
178,
143,
129,
93,
86,
94,
143,
168,
125,
108,
140,
123,
102,
117,
116,
158,
185,
123,
83,
101,
136,
143,
119,
138,
117,
124,
122,
118,
155,
147,
133,
154,
201,
161,
159,
165,
157,
171,
165,
172,
159,
190,
185,
181,
192,
126,
100,
106,
117,
168,
203,
219,
188,
155,
181,
151,
161,
183,
172,
176,
188,
198,
177,
178,
183,
185,
181,
185,
172,
159,
133,
168,
213,
200,
149,
99,
141,
146,
130,
115,
110,
145,
133,
141,
158,
151,
184,
172,
160,
118,
115,
124,
143,
143,
133,
163,
130,
147,
131,
149,
160,
139,
125,
106,
127,
115,
110,
125,
110,
147,
156,
149,
156,
140,
124,
127,
139,
111,
134,
132,
152,
147,
122,
176,
154,
161,
177,
149,
160,
104,
117,
117,
110,
116,
96,
85,
64,
113,
124,
133,
127,
116,
109,
133,
97,
78,
78,
89,
99,
66,
67,
92,
153,
110,
134,
135,
129,
101,
53,
105,
82,
120,
125,
58,
83,
103,
99,
78,
40,
48,
65,
75,
101,
112,
97,
105,
81,
48,
52,
67,
84,
83,
103,
66,
44,
105,
118,
141,
92,
57,
59,
79,
84,
45,
68,
59,
80,
81,
101,
81,
31,
102,
139,
112,
90,
47,
37,
62,
81,
70,
74,
95,
93,
87,
96,
122,
126,
134,
140,
132,
103,
96,
82,
54,
48,
66,
119,
143,
82,
59,
88,
145,
168,
122,
104,
82,
81,
106,
103,
106,
143,
161,
137,
142,
137,
94,
85,
140,
198,
155,
162,
111,
90,
146,
159,
199,
168,
157,
150,
132,
149,
181,
209,
188,
124,
141,
139,
143,
153,
176,
166,
144,
163,
175,
199,
161,
177,
196,
180,
160,
189,
162,
165,
230,
237,
226,
202,
170,
154,
132,
159,
222,
207,
170,
156,
154,
169,
169,
144,
184,
201,
181,
158,
131,
123,
146,
158,
173,
148,
136,
130,
128,
162,
167,
185,
161,
144,
141,
151,
160,
149,
160,
201,
164,
125,
133,
112,
123,
156,
165,
152,
127,
152,
159,
123,
144,
165,
184,
157,
125,
124,
113,
109,
151,
171,
155,
153,
130,
123,
140,
136,
116,
130,
138,
125,
114,
97,
111,
153,
178,
160,
106,
93,
117,
124,
132,
145,
133,
94,
87,
86,
61,
66,
115,
132,
136,
117,
62,
44,
57,
98,
133,
132,
104,
92,
92,
101,
93,
103,
144,
147,
96,
45,
50,
75,
99,
103,
108,
105,
98,
76,
64,
88,
113,
130,
128,
110,
93,
105,
98,
98,
119,
121,
111,
96,
73,
72,
97,
130,
153,
168,
164,
113,
83,
85,
113,
138,
134,
105,
116,
126,
102,
109,
134,
170,
154,
110,
100,
114,
114,
126,
135,
118,
110,
89,
78,
83,
69,
107,
161,
179,
160,
144,
116,
84,
104,
132,
156,
146,
117,
100,
111,
102,
100,
138,
169,
183,
171,
143,
107,
101,
128,
154,
154,
135,
122,
120,
114,
137,
162,
161,
168,
156,
147,
146,
143,
155,
192,
213,
189,
143,
115,
117,
110,
134,
196,
239,
221,
169,
121,
122,
151,
181,
196,
174,
139,
126,
121,
99,
117,
157,
182,
171,
146,
133,
115,
87,
110,
161,
154,
159,
146,
100,
105,
103,
88,
129,
181,
178,
147,
122,
110,
124,
141,
151,
176,
159,
120,
95,
79,
75,
92,
152,
194,
187,
144,
99,
78,
114,
158,
186,
180,
145,
124,
110,
117,
134,
140,
159,
184,
192,
172,
145,
120,
130,
174,
202,
206,
163,
136,
114,
107,
115,
137,
149,
161,
170,
128,
73,
78,
133,
159,
172,
166,
145,
95,
68,
62,
90,
134,
128,
112,
140,
150,
104,
98,
140,
151,
133,
126,
123,
73,
42,
68,
93,
112,
92,
96,
119,
113,
88,
75,
118,
148,
114,
116,
126,
88,
55,
79,
114,
123,
114,
107,
117,
106,
103,
121,
150,
138,
133,
142,
137,
77,
46,
87,
133,
160,
128,
101,
98,
98,
124,
179,
175,
137,
105,
114,
108,
67,
64,
104,
154,
172,
159,
134,
125,
123,
111,
108,
146,
156,
147,
124,
103,
60,
27,
63,
126,
184,
176,
111,
71,
84,
111,
122,
152,
181,
152,
150,
131,
69,
49,
97,
157,
176,
159,
143,
95,
68,
72,
83,
136,
163,
161,
159,
158,
128,
109,
114,
148,
185,
160,
135,
132,
132,
131,
79,
73,
139,
202,
188,
158,
145,
105,
56,
80,
152,
146,
152,
155,
157,
142,
120,
102,
115,
153,
161,
175,
158,
111,
84,
107,
164,
177,
160,
157,
131,
79,
40,
93,
136,
101,
96,
169,
173,
111,
90,
88,
109,
147,
149,
127,
134,
119,
90,
67,
97,
116,
116,
162,
187,
162,
95,
42,
92,
165,
158,
146,
150,
145,
73,
52,
115,
130,
110,
75,
95,
120,
133,
84,
64,
143,
149,
107,
89,
151,
138,
106,
118,
133,
156,
179,
171,
107,
94,
95,
94,
125,
189,
175,
134,
129,
143,
151,
115,
95,
115,
154,
132,
87,
118,
104,
86,
84,
114,
174,
159,
157,
81,
77,
94,
112,
134,
122,
129,
148,
164,
114,
94,
52,
77,
125,
175,
147,
130,
82,
64,
90,
94,
168,
166,
176,
122,
90,
113,
99,
66,
83,
135,
190,
176,
152,
127,
104,
92,
131,
152,
144,
153,
193,
221,
145,
114,
48,
65,
95,
152,
169,
196,
196,
152,
115,
116,
140,
132,
156,
162,
205,
179,
156,
57,
51,
135,
212,
231,
214,
167,
137,
171,
138,
91,
115,
155,
143,
163,
149,
152,
129,
104,
139,
100,
169,
194,
164,
209,
136,
95,
65,
147,
182,
181,
193,
166,
136,
139,
153,
110,
92,
94,
185,
194,
200,
214,
147,
81,
123,
178,
182,
176,
177,
132,
130,
159,
102,
100,
105,
117,
164,
241,
189,
136,
157,
121,
169,
214,
219,
144,
127,
167,
80,
72,
81,
98,
139,
150,
125,
136,
151,
127,
155,
189,
205,
165,
132,
116,
99,
76,
127,
65,
89,
151,
121,
94,
25,
82,
81,
155,
129,
144,
195,
164,
129,
41,
71,
84,
38,
59,
125,
164,
157,
151,
91,
24,
68,
78,
113,
139,
170,
167,
113,
62,
73,
109,
71,
16,
64,
130,
144,
145,
95,
63,
90,
74,
114,
142,
151,
177,
102,
152,
119,
93,
81,
25,
24,
98,
156,
164,
162,
74,
80,
91,
59,
93,
154,
133,
98,
141,
133,
96,
54,
50,
77,
97,
154,
171,
171,
135,
120,
80,
101,
169,
178,
146,
111,
100,
82,
116,
136,
78,
50,
97,
163,
196,
175,
136,
75,
83,
91,
106,
109,
113,
171,
199,
221,
199,
138,
82,
41,
47,
102,
195,
221,
189,
136,
113,
93,
99,
81,
86,
183,
192,
239,
189,
132,
126,
70,
73,
124,
144,
159,
200,
183,
113,
78,
95,
96,
113,
144,
197,
210,
189,
185,
172,
93,
39,
93,
143,
143,
209,
193,
146,
127,
101,
144,
113,
97,
108,
164,
168,
196,
178,
94,
85,
115,
146,
114,
113,
91,
139,
158,
154,
132,
63,
98,
101,
108,
182,
165,
157,
219,
172,
108,
148,
111,
79,
148,
163,
151,
138,
145,
108,
103,
118,
100,
106,
96,
118,
123,
153,
157,
134,
132,
109,
92,
104,
152,
134,
123,
155,
151,
105,
94,
78,
119,
139,
101,
86,
91,
116,
115,
114,
59,
86,
125,
138,
168,
166,
105,
70,
84,
89,
111,
87,
97,
130,
76,
99,
166,
130,
87,
131,
153,
106,
121,
122,
122,
53,
57,
126,
118,
136,
101,
120,
143,
83,
68,
32,
26,
112,
199,
213,
114,
80,
111,
155,
144,
109,
143,
139,
148,
150,
136,
123,
76,
99,
124,
65,
109,
109,
65,
91,
95,
134,
147,
153,
209,
136,
58,
89,
87,
149,
181,
160,
154,
112,
103,
131,
142,
147,
114,
76,
70,
153,
197,
132,
155,
143,
166,
151,
99,
89,
85,
162,
165,
178,
121,
94,
105,
80,
108,
95,
102,
142,
207,
176,
191,
182,
126,
124,
120,
136,
102,
142,
181,
189,
201,
177,
186,
164,
109,
131,
118,
112,
156,
169,
188,
182,
191,
160,
92,
112,
155,
159,
165,
140,
141,
174,
160,
141,
125,
86,
77,
107,
105,
95,
175,
194,
170,
200,
162,
137,
93,
90,
135,
152,
184,
227,
202,
157,
144,
135,
144,
140,
116,
129,
143,
110,
164,
204,
153,
130,
141,
105,
112,
118,
102,
174,
179,
164,
162,
138,
153,
114,
80,
83,
72,
96,
136,
156,
171,
167,
162,
155,
105,
100,
103,
92,
108,
165,
181,
140,
137,
137,
144,
143,
121,
96,
87,
130,
133,
142,
180,
173,
154,
106,
70,
83,
107,
112,
139,
154,
143,
123,
118,
141,
127,
101,
86,
82,
78,
89,
85,
82,
144,
134,
108,
123,
126,
118,
133,
134,
112,
123,
119,
115,
138,
146,
90,
108,
109,
79,
64,
87,
132,
130,
155,
165,
151,
138,
98,
83,
111,
112,
127,
131,
121,
131,
142,
140,
162,
157,
135,
123,
103,
106,
91,
83,
105,
129,
147,
155,
140,
96,
64,
65,
90,
139,
169,
174,
157,
149,
134,
139,
157,
135,
119,
101,
95,
114,
147,
156,
164,
169,
153,
125,
103,
91,
66,
82,
116,
136,
147,
120,
104,
117,
125,
133,
94,
64,
79,
93,
133,
149,
149,
174,
155,
128,
148,
155,
134,
113,
145,
175,
180,
176,
183,
188,
173,
161,
149,
154,
118,
97,
116,
139,
146,
147,
170,
197,
190,
179,
169,
148,
135,
146,
156,
153,
172,
158,
152,
135,
121,
122,
134,
129,
117,
123,
92,
71,
91,
127,
143,
148,
140,
122,
97,
91,
75,
83,
93,
103,
115,
125,
135,
108,
101,
109,
121,
106,
107,
79,
67,
110,
110,
111,
117,
130,
151,
148,
142,
122,
101,
115,
125,
136,
142,
137,
163,
180,
186,
174,
137,
123,
137,
134,
116,
122,
165,
199,
183,
171,
156,
174,
181,
150,
125,
101,
111,
133,
140,
151,
167,
154,
145,
125,
127,
125,
106,
117,
114,
112,
121,
131,
167,
161,
115,
106,
120,
135,
116,
99,
97,
89,
69,
90,
106,
108,
144,
126,
100,
93,
97,
108,
90,
73,
105,
143,
153,
144,
142,
145,
153,
142,
126,
93,
65,
68,
58,
63,
67,
104,
114,
121,
131,
106,
83,
86,
117,
130,
124,
116,
104,
96,
112,
145,
172,
156,
145,
131,
106,
120,
143,
140,
121,
93,
101,
122,
127,
123,
122,
116,
92,
75,
95,
110,
94,
98,
124,
127,
125,
140,
140,
135,
124,
116,
126,
123,
116,
147,
128,
111,
129,
133,
136,
126,
125,
123,
130,
133,
123,
115,
125,
125,
128,
144,
151,
151,
144,
154,
151,
128,
108,
113,
136,
169,
207,
206,
165,
138,
139,
149,
157,
159,
157,
150,
139,
125,
137,
146,
152,
151,
141,
155,
174,
185,
167,
141,
129,
116,
113,
129,
137,
131,
115,
126,
163,
164,
165,
162,
136,
123,
111,
100,
112,
129,
137,
126,
121,
137,
142,
159,
166,
142,
131,
128,
135,
126,
118,
126,
133,
148,
134,
129,
129,
120,
116,
142,
146,
124,
136,
134,
138,
158,
167,
158,
133,
108,
110,
112,
129,
160,
150,
125,
114,
105,
98,
95,
117,
154,
141,
120,
103,
72,
62,
95,
124,
132,
121,
86,
82,
104,
127,
127,
106,
109,
124,
106,
86,
94,
102,
104,
92,
82,
84,
103,
107,
89,
107,
117,
121,
104,
67,
60,
84,
114,
120,
116,
113,
120,
120,
142,
133,
94,
93,
108,
123,
129,
133,
136,
159,
139,
91,
103,
152,
146,
124,
126,
120,
114,
109,
113,
121,
129,
138,
135,
119,
96,
92,
120,
126,
131,
156,
164,
120,
94,
131,
158,
154,
152,
136,
118,
127,
150,
188,
179,
145,
149,
170,
172,
147,
130,
147,
178,
207,
197,
167,
150,
140,
147,
153,
149,
152,
146,
158,
170,
157,
167,
171,
193,
212,
182,
141,
129,
140,
154,
169,
190,
188,
166,
149,
118,
114,
132,
167,
182,
173,
149,
127,
116,
120,
132,
126,
146,
155,
136,
125,
133,
141,
161,
167,
147,
124,
120,
115,
119,
142,
170,
177,
164,
148,
133,
134,
136,
150,
152,
164,
149,
128,
146,
145,
131,
136,
134,
101,
88,
98,
104,
104,
108,
121,
118,
85,
61,
71,
78,
69,
89,
112,
107,
100,
95,
84,
94,
96,
96,
100,
79,
89,
99,
111,
94,
74,
92,
99,
89,
88,
109,
118,
105,
92,
84,
71,
77,
78,
87,
83,
65,
72,
101,
115,
133,
133,
127,
121,
98,
109,
149,
161,
117,
120,
128,
132,
159,
155,
119,
115,
117,
114,
139,
155,
138,
134,
162,
161,
132,
114,
109,
90,
94,
126,
147,
153,
158,
134,
129,
119,
114,
113,
118,
153,
159,
153,
135,
122,
112,
123,
133,
142,
117,
93,
102,
108,
128,
130,
155,
177,
160,
134,
136,
124,
138,
150,
158,
164,
162,
164,
147,
140,
133,
163,
179,
182,
181,
181,
175,
167,
142,
144,
179,
175,
159,
136,
120,
134,
181,
179,
145,
152,
156,
161,
152,
129,
144,
140,
111,
115,
139,
134,
167,
174,
158,
150,
100,
102,
134,
142,
168,
164,
147,
134,
91,
83,
82,
129,
133,
116,
128,
89,
96,
97,
120,
128,
94,
107,
117,
107,
106,
106,
77,
66,
87,
123,
135,
107,
78,
77,
97,
91,
78,
101,
106,
89,
80,
84,
104,
119,
121,
83,
54,
44,
65,
68,
70,
95,
85,
98,
107,
89,
81,
95,
87,
91,
87,
71,
74,
78,
81,
75,
94,
104,
124,
123,
72,
83,
126,
111,
110,
94,
96,
108,
64,
50,
79,
75,
65,
117,
105,
114,
161,
142,
139,
131,
124,
132,
116,
104,
96,
78,
120,
141,
122,
136,
138,
147,
125,
116,
132,
149,
160,
141,
108,
105,
111,
89,
112,
140,
160,
160,
139,
166,
157,
111,
154,
168,
167,
130,
94,
110,
111,
122,
156,
123,
138,
177,
176,
214,
177,
180,
173,
147,
146,
188,
170,
121,
123,
116,
131,
182,
193,
187,
199,
200,
235,
219,
219,
208,
184,
198,
153,
142,
164,
185,
205,
146,
170,
202,
179,
187,
192,
192,
197,
212,
228,
206,
192,
196,
176,
164,
175,
181,
128,
116,
147,
170,
183,
193,
162,
186,
212,
221,
197,
156,
150,
135,
183,
182,
154,
87,
129,
191,
113,
92,
146,
170,
145,
155,
190,
199,
181,
145,
141,
134,
148,
155,
82,
99,
74,
49,
78,
119,
176,
170,
191,
186,
153,
127,
97,
109,
119,
114,
142,
132,
102,
52,
10,
74,
116,
129,
165,
186,
193,
142,
82,
96,
107,
97,
115,
111,
70,
50,
9,
19,
69,
32,
67,
126,
181,
191,
134,
121,
74,
76,
81,
60,
80,
54,
49,
64,
61,
49,
44,
79,
121,
158,
105,
105,
114,
83,
48,
59,
90,
91,
66,
50,
123,
62,
56,
73,
59,
86,
82,
136,
171,
168,
136,
108,
64,
60,
57,
60,
50,
40,
73,
32,
94,
148,
118,
98,
107,
123,
88,
93,
126,
130,
149,
122,
106,
123,
133,
164,
149,
132,
135,
126,
61,
73,
118,
121,
161,
174,
126,
144,
146,
141,
147,
91,
77,
86,
111,
86,
128,
170,
149,
128,
108,
96,
97,
183,
209,
163,
153,
192,
210,
189,
163,
155,
182,
178,
152,
124,
122,
75,
46,
83,
121,
159,
192,
226,
177,
141,
153,
182,
200,
199,
209,
166,
152,
155,
133,
110,
91,
120,
121,
135,
177,
181,
183,
163,
167,
178,
148,
144,
165,
175,
171,
155,
132,
134,
145,
104,
85,
93,
101,
122,
171,
207,
220,
251,
236,
206,
172,
141,
123,
130,
125,
122,
110,
91,
65,
64,
105,
145,
161,
138,
135,
147,
168,
190,
193,
119,
96,
115,
89,
135,
188,
165,
125,
68,
34,
58,
125,
129,
130,
148,
152,
163,
175,
155,
141,
141,
86,
58,
38,
118,
121,
153,
149,
71,
73,
67,
88,
101,
132,
164,
192,
178,
163,
85,
37,
64,
77,
85,
91,
105,
106,
94,
84,
92,
89,
80,
100,
101,
84,
121,
142,
163,
167,
150,
143,
128,
109,
108,
103,
67,
83,
111,
127,
156,
146,
109,
110,
112,
106,
71,
81,
147,
170,
137,
105,
127,
126,
119,
135,
145,
120,
106,
130,
151,
133,
91,
91,
93,
84,
98,
119,
132,
139,
157,
184,
196,
148,
98,
111,
103,
97,
94,
81,
126,
150,
175,
177,
157,
144,
93,
78,
119,
146,
156,
171,
192,
229,
230,
181,
128,
134,
124,
78,
91,
75,
69,
106,
157,
213,
190,
148,
107,
84,
108,
138,
150,
160,
178,
208,
233,
233,
184,
153,
149,
127,
103,
103,
105,
89,
96,
141,
224,
182,
123,
103,
95,
115,
119,
135,
145,
142,
172,
204,
188,
140,
93,
119,
122,
85,
64,
84,
115,
129,
181,
213,
141,
88,
103,
149,
195,
173,
153,
137,
149,
179,
169,
135,
86,
96,
105,
114,
98,
71,
77,
81,
119,
172,
148,
98,
118,
158,
166,
126,
131,
172,
221,
199,
144,
119,
127,
127,
118,
113,
116,
77,
65,
97,
93,
116,
158,
159,
121,
116,
91,
96,
105,
122,
135,
144,
105,
74,
91,
100,
118,
112,
97,
84,
108,
134,
105,
118,
126,
102,
92,
91,
149,
146,
137,
128,
137,
150,
127,
116,
103,
107,
123,
118,
90,
96,
93,
89,
116,
136,
129,
134,
150,
124,
88,
100,
106,
106,
124,
148,
142,
150,
171,
146,
119,
91,
86,
103,
77,
46,
71,
131,
195,
194,
123,
86,
93,
84,
76,
69,
82,
90,
116,
145,
154,
159,
116,
76,
81,
95,
112,
140,
132,
117,
149,
186,
159,
116,
103,
99,
112,
83,
34,
38,
54,
96,
151,
192,
191,
159,
110,
89,
91,
96,
93,
88,
129,
156,
150,
113,
100,
108,
154,
168,
138,
105,
82,
87,
98,
137,
162,
157,
155,
162,
144,
135,
118,
120,
164,
185,
183,
157,
122,
117,
123,
135,
158,
144,
112,
124,
122,
132,
147,
134,
118,
126,
163,
181,
175,
185,
192,
199,
213,
195,
171,
175,
199,
172,
127,
121,
122,
142,
156,
166,
165,
137,
118,
90,
88,
126,
169,
197,
206,
206,
196,
194,
193,
176,
144,
113,
110,
128,
150,
159,
154,
144,
124,
104,
90,
80,
82,
120,
154,
161,
162,
155,
131,
131,
145,
143,
158,
185,
175,
141,
135,
156,
145,
131,
144,
156,
155,
127,
117,
120,
113,
113,
127,
143,
164,
164,
147,
133,
141,
169,
165,
161,
140,
111,
87,
80,
114,
140,
132,
124,
121,
82,
40,
46,
85,
109,
142,
164,
152,
112,
70,
43,
29,
53,
80,
109,
145,
127,
93,
81,
65,
71,
84,
111,
122,
121,
101,
69,
56,
49,
63,
95,
118,
148,
171,
147,
110,
69,
51,
68,
79,
83,
112,
124,
124,
115,
127,
143,
154,
158,
118,
84,
59,
57,
68,
81,
78,
84,
105,
132,
147,
139,
147,
161,
149,
102,
64,
57,
84,
118,
127,
147,
147,
158,
155,
126,
137,
140,
144,
148,
144,
116,
128,
144,
144,
138,
124,
127,
133,
172,
187,
186,
172,
119,
78,
94,
117,
133,
167,
184,
198,
185,
153,
124,
122,
127,
115,
136,
142,
150,
158,
156,
153,
139,
143,
162,
132,
123,
147,
162,
136,
108,
164,
174,
147,
157,
186,
160,
154,
167,
179,
170,
139,
148,
162,
165,
175,
188,
154,
125,
136,
133,
119,
129,
116,
180,
180,
127,
151,
158,
139,
153,
176,
138,
153,
180,
156,
123,
130,
138,
142,
148,
134,
128,
112,
113,
141,
140,
115,
125,
159,
158,
134,
137,
111,
120,
157,
140,
131,
116,
97,
113,
142,
139,
152,
177,
161,
142,
134,
113,
111,
136,
139,
114,
107,
104,
103,
114,
124,
130,
131,
137,
116,
94,
87,
74,
70,
101,
136,
157,
140,
120,
126,
125,
105,
100,
123,
124,
125,
133,
135,
123,
93,
100,
122,
105,
91,
87,
118,
143,
113,
104,
148,
137,
103,
95,
90,
125,
133,
146,
156,
139,
131,
115,
127,
129,
99,
88,
99,
108,
117,
104,
72,
56,
64,
81,
132,
141,
116,
142,
130,
119,
88,
74,
101,
112,
121,
116,
112,
124,
141,
135,
123,
124,
117,
119,
149,
139,
139,
99,
52,
84,
113,
114,
126,
125,
124,
146,
129,
99,
73,
96,
133,
159,
169,
145,
110,
132,
158,
144,
116,
128,
147,
131,
138,
120,
82,
83,
169,
165,
106,
121,
157,
148,
133,
116,
75,
119,
150,
144,
160,
151,
136,
135,
165,
158,
123,
124,
122,
121,
116,
116,
106,
135,
157,
149,
124,
97,
139,
158,
144,
111,
126,
115,
100,
147,
107,
112,
165,
174,
165,
137,
101,
75,
101,
133,
130,
122,
142,
163,
151,
163,
144,
112,
124,
144,
136,
106,
112,
149,
160,
121,
136,
143,
145,
122,
108,
135,
132,
134,
147,
146,
156,
148,
112,
158,
172,
149,
128,
100,
80,
95,
97,
99,
132,
127,
133,
176,
168,
135,
111,
103,
135,
119,
127,
156,
168,
163,
177,
163,
134,
163,
171,
167,
141,
133,
135,
112,
109,
122,
113,
93,
100,
150,
145,
141,
121,
79,
109,
116,
144,
178,
164,
173,
162,
113,
101,
94,
100,
124,
127,
142,
156,
161,
172,
162,
157,
154,
140,
141,
150,
140,
113,
148,
147,
101,
113,
129,
148,
186,
188,
153,
140,
133,
126,
117,
99,
107,
138,
143,
153,
148,
155,
160,
132,
140,
162,
166,
125,
114,
161,
133,
96,
141,
127,
86,
76,
91,
112,
132,
156,
151,
114,
96,
120,
123,
126,
106,
106,
115,
68,
97,
132,
79,
103,
148,
183,
161,
101,
111,
101,
125,
150,
160,
156,
100,
101,
140,
123,
132,
167,
127,
100,
113,
141,
125,
74,
127,
149,
114,
109,
75,
65,
93,
84,
114,
136,
91,
99,
109,
90,
109,
117,
119,
118,
84,
94,
118,
100,
78,
110,
130,
128,
123,
141,
142,
92,
100,
131,
117,
101,
137,
136,
137,
145,
124,
106,
106,
120,
134,
128,
98,
118,
126,
139,
157,
129,
119,
120,
121,
117,
131,
139,
125,
107,
98,
132,
124,
85,
101,
107,
99,
110,
116,
100,
99,
143,
123,
120,
146,
116,
88,
96,
104,
76,
92,
120,
87,
73,
112,
128,
134,
151,
143,
131,
143,
149,
170,
141,
103,
145,
169,
125,
97,
128,
132,
100,
125,
173,
146,
146,
175,
167,
138,
128,
109,
106,
120,
102,
128,
167,
172,
173,
145,
137,
154,
161,
161,
130,
123,
148,
141,
122,
130,
136,
135,
133,
154,
160,
154,
156,
153,
157,
152,
137,
124,
109,
110,
131,
133,
120,
117,
133,
152,
167,
174,
174,
168,
167,
164,
163,
146,
165,
173,
138,
134,
136,
141,
145,
148,
156,
179,
185,
177,
174,
152,
135,
133,
144,
148,
134,
127,
148,
169,
167,
163,
136,
124,
154,
143,
134,
161,
169,
175,
170,
166,
156,
155,
141,
105,
93,
88,
107,
125,
129,
127,
135,
152,
149,
129,
122,
109,
110,
144,
142,
136,
134,
127,
131,
136,
139,
122,
110,
106,
126,
148,
163,
178,
157,
153,
145,
130,
124,
118,
117,
119,
116,
104,
113,
114,
137,
148,
161,
172,
140,
117,
103,
87,
86,
99,
110,
123,
138,
119,
98,
95,
90,
98,
98,
102,
120,
139,
120,
111,
109,
107,
101,
89,
95,
104,
103,
80,
89,
108,
121,
112,
111,
112,
105,
103,
89,
77,
92,
119,
129,
133,
138,
138,
126,
103,
97,
109,
108,
104,
108,
120,
121,
127,
125,
103,
91,
97,
100,
99,
114,
130,
129,
117,
110,
112,
111,
107,
108,
95,
97,
97,
90,
108,
118,
119,
128,
138,
124,
109,
115,
108,
122,
146,
141,
123,
121,
112,
102,
101,
115,
123,
121,
143,
139,
125,
123,
131,
137,
139,
144,
139,
130,
119,
110,
112,
118,
122,
137,
125,
121,
125,
132,
130,
128,
143,
142,
149,
143,
144,
147,
134,
129,
126,
140,
139,
118,
123,
127,
140,
151,
162,
151,
143,
151,
130,
116,
100,
121,
129,
134,
138,
136,
129,
112,
106,
116,
133,
141,
138,
124,
131,
136,
141,
149,
143,
124,
120,
126,
137,
142,
139,
153,
165,
152,
159,
169,
168,
176,
171,
143,
125,
136,
143,
161,
177,
170,
156,
130,
120,
128,
126,
138,
142,
152,
157,
160,
165,
150,
133,
143,
152,
133,
120,
117,
82,
83,
116,
141,
153,
133,
123,
125,
117,
112,
118,
99,
93,
91,
90,
103,
119,
109,
97,
118,
128,
120,
116,
118,
118,
117,
123,
133,
127,
128,
145,
144,
136,
115,
110,
119,
118,
115,
117,
146,
151,
136,
120,
134,
137,
109,
106,
127,
125,
116,
107,
105,
111,
102,
100,
115,
122,
112,
120,
126,
130,
136,
129,
110,
106,
106,
126,
138,
146,
123,
110,
125,
137,
149,
135,
141,
126,
125,
126,
113,
109,
113,
122,
121,
105,
105,
103,
111,
117,
117,
123,
121,
126,
132,
137,
120,
113,
114,
124,
133,
130,
119,
126,
137,
137,
134,
147,
157,
135,
122,
128,
119,
111,
132,
137,
145,
138,
129,
117,
116,
138,
137,
133,
139,
143,
128,
116,
122,
119,
127,
126,
127,
141,
143,
134,
132,
137,
137,
149,
158,
160,
149,
138,
140,
142,
134,
145,
151,
137,
127,
128,
139,
147,
148,
147,
143,
144,
151,
148,
160,
164,
151,
142,
139,
141,
143,
138,
135,
141,
132,
119,
123,
146,
156,
146,
128,
115,
122,
124,
111,
110,
126,
130,
129,
133,
117,
108,
114,
115,
116,
112,
119,
117,
111,
111,
115,
130,
119,
114,
127,
137,
145,
133,
135,
139,
133,
124,
136,
151,
139,
127,
124,
142,
145,
142,
148,
157,
155,
150,
144,
127,
123,
128,
129,
125,
122,
136,
155,
154,
141,
145,
151,
137,
125,
116,
123,
125,
122,
128,
129,
134,
141,
142,
133,
126,
127,
135,
133,
113,
113,
118,
113,
113,
117,
130,
135,
141,
135,
138,
136,
126,
137,
136,
137,
127,
117,
122,
137,
146,
140,
135,
136,
144,
136,
130,
143,
149,
140,
127,
129,
144,
136,
119,
101,
110,
134,
140,
127,
124,
132,
126,
126,
110,
106,
113,
116,
123,
125,
124,
116,
115,
125,
134,
139,
135,
116,
117,
126,
126,
118,
119,
118,
117,
113,
106,
125,
131,
121,
114,
128,
135,
134,
134,
126,
129,
127,
125,
115,
111,
110,
106,
114,
122,
125,
126,
133,
130,
129,
123,
109,
101,
101,
107,
111,
118,
113,
110,
114,
121,
113,
107,
107,
116,
115,
110,
115,
109,
110,
111,
116,
128,
125,
115,
115,
118,
118,
112,
113,
119,
123,
130,
131,
126,
119,
119,
118,
117,
109,
101,
107,
124,
133,
138,
144,
140,
137,
129,
125,
126,
130,
134,
131,
129,
129,
119,
117,
141,
138,
128,
136,
143,
146,
146,
140,
136,
145,
141,
137,
139,
141,
145,
144,
155,
156,
144,
142,
130,
112,
117,
121,
122,
123,
121,
119,
120,
130,
131,
140,
145,
140,
145,
145,
143,
143,
137,
138,
144,
140,
144,
148,
144,
148,
142,
143,
159,
163,
165,
159,
156,
158,
151,
147,
154,
152,
155,
160,
164,
165,
169,
164,
154,
150,
146,
146,
137,
139,
138,
139,
148,
154,
146,
143,
140,
129,
127,
125,
130,
142,
133,
127,
130,
127,
127,
125,
132,
131,
134,
131,
136,
132,
126,
125,
108,
108,
111,
117,
111,
114,
121,
117,
105,
99,
104,
106,
109,
112,
108,
111,
108,
94,
101,
102,
102,
109,
113,
120,
130,
122,
100,
90,
92,
95,
99,
102,
103,
105,
102,
99,
105,
115,
115,
105,
92,
90,
90,
97,
98,
96,
96,
92,
94,
88,
80,
82,
90,
94,
98,
102,
102,
100,
88,
91,
100,
103,
108,
102,
101,
103,
108,
104,
100,
101,
103,
106,
104,
107,
100,
106,
106,
105,
109,
104,
100,
110,
118,
115,
116,
106,
113,
118,
113,
115,
126,
124,
110,
113,
118,
125,
131,
130,
130,
134,
135,
132,
134,
139,
136,
136,
133,
130,
139,
144,
143,
143,
148,
152,
151,
153,
158,
155,
157,
156,
164,
167,
164,
172,
170,
165,
164,
163,
169,
183,
184,
190,
194,
181,
165,
165,
175,
169,
166,
172,
171,
170,
165,
162,
162,
169,
174,
169,
164,
161,
167,
163,
161,
165,
168,
165,
158,
156,
150,
156,
157,
154,
158,
160,
161,
157,
145,
135,
134,
145,
155,
155,
157,
157,
157,
157,
159,
154,
147,
150,
150,
145,
145,
146,
148,
159,
164,
169,
170,
169,
166,
160,
156,
157,
149,
140,
148,
143,
140,
147,
148,
143,
138,
143,
140,
135,
135,
133,
133,
135,
133,
120,
111,
109,
111,
114,
103,
98,
102,
99,
96,
106,
114,
108,
95,
90,
88,
80,
83,
85,
89,
91,
87,
92,
94,
105,
106,
101,
101,
106,
105,
97,
98,
102,
102,
95,
95,
100,
103,
84,
76,
84,
80,
78,
73,
76,
71,
74,
89,
92,
89,
83,
81,
72,
59,
61,
63,
64,
66,
76,
80,
82,
85,
96,
97,
90,
100,
97,
92,
89,
90,
94,
89,
81,
82,
83,
86,
95,
91,
93,
95,
89,
88,
91,
87,
88,
96,
97,
108,
111,
111,
121,
128,
138,
142,
136,
134,
128,
134,
139,
143,
143,
140,
136,
132,
135,
132,
134,
132,
132,
133,
134,
137,
144,
139,
123,
117,
126,
128,
130,
141,
143,
143,
142,
149,
158,
157,
154,
157,
160,
161,
165,
160,
157,
158,
151,
149,
149,
152,
152,
151,
147,
147,
138,
138,
146,
150,
161,
163,
171,
169,
166,
168,
167,
169,
175,
176,
181,
185,
177,
173,
175,
177,
180,
188,
189,
189,
179,
172,
168,
164,
169,
170,
160,
165,
164,
148,
149,
139,
142,
155,
158,
153,
147,
142,
136,
145,
146,
136,
142,
140,
133,
144,
148,
147,
148,
148,
147,
148,
151,
151,
138,
136,
139,
137,
134,
123,
122,
119,
117,
117,
118,
126,
123,
124,
127,
133,
135,
127,
127,
126,
129,
124,
129,
139,
140,
132,
130,
136,
140,
137,
140,
151,
139,
134,
135,
140,
144,
143,
136,
137,
135,
135,
129,
129,
133,
120,
107,
97,
97,
87,
92,
98,
99,
99,
108,
111,
107,
106,
108,
114,
111,
118,
109,
106,
111,
110,
112,
114,
111,
107,
108,
106,
115,
123,
103,
96,
100,
98,
114,
119,
121,
111,
97,
97,
111,
109,
99,
107,
113,
119,
125,
118,
116,
122,
117,
120,
112,
109,
95,
95,
108,
113,
111,
102,
98,
93,
98,
100,
109,
99,
87,
85,
79,
87,
105,
92,
95,
113,
106,
100,
102,
114,
126,
126,
132,
139,
127,
128,
137,
145,
150,
151,
139,
140,
139,
143,
141,
131,
138,
137,
141,
145,
148,
134,
117,
110,
110,
102,
86,
70,
78,
86,
85,
93,
85,
79,
91,
101,
103,
101,
101,
108,
114,
125,
128,
110,
108,
128,
141,
129,
112,
123,
140,
157,
154,
143,
137,
146,
151,
162,
177,
165,
164,
159,
161,
163,
164,
170,
164,
161,
175,
168,
168,
166,
183,
185,
167,
168,
167,
171,
162,
175,
178,
163,
157,
175,
181,
179,
175,
181,
193,
184,
167,
158,
154,
145,
153,
140,
129,
132,
136,
147,
163,
138,
126,
122,
114,
135,
137,
129,
108,
109,
123,
133,
118,
102,
114,
119,
112,
132,
132,
136,
144,
139,
148,
138,
144,
144,
145,
157,
157,
155,
170,
176,
179,
180,
171,
155,
148,
157,
154,
139,
142,
158,
148,
146,
154,
149,
132,
125,
130,
121,
114,
138,
132,
126,
122,
116,
120,
118,
113,
100,
100,
101,
98,
92,
92,
90,
91,
87,
89,
82,
76,
81,
78,
76,
75,
75,
74,
74,
74,
75,
75,
77,
77,
78,
77,
77,
78,
79,
88,
86,
87,
104,
104,
92,
83,
89,
87,
86,
102,
108,
107,
126,
142,
132,
122,
134,
138,
117,
114,
113,
105,
98,
118,
126,
107,
101,
115,
125,
119,
116,
106,
97,
89,
99,
111,
117,
121,
113,
112,
109,
105,
107,
97,
90,
104,
103,
95,
104,
108,
100,
99,
113,
111,
110,
121,
128,
129,
125,
140,
146,
136,
138,
151,
151,
151,
153,
146,
150,
151,
150,
150,
150,
150,
150,
150,
150,
150,
149,
148,
148,
147,
148,
148,
149,
149,
149,
150,
150,
151,
152,
153,
151,
149,
153,
155,
156,
158,
159,
161,
161,
162,
162,
157,
159,
167,
167,
171,
171,
174,
173,
175,
174,
174,
174,
165,
163,
160,
164,
158,
163,
155,
154,
160,
158,
152,
152,
150,
145,
147,
151,
155,
153,
158,
151,
153,
150,
155,
161,
155,
152,
153,
152,
149,
145,
144,
140,
135,
136,
129,
123,
124,
123,
116,
114,
106,
108,
100,
92,
97,
101,
97,
99,
101,
97,
101,
101,
104,
102,
100,
101,
102,
101,
106,
106,
106,
106,
107,
112,
112,
118,
118,
116,
120,
120,
121,
125,
125,
124,
128,
129,
128,
129,
126,
123,
125,
131,
132,
125,
116,
114,
112,
110,
109,
107,
107,
108,
114,
118,
114,
112,
114,
114,
109,
108,
108,
102,
101,
100,
92,
90,
93,
92,
89,
87,
83,
83,
81,
81,
89,
101,
106,
112,
120,
117,
115,
116,
123,
129,
129,
130,
132,
136,
142,
148,
142,
135,
135,
140,
139,
132,
125,
128,
139,
143,
146,
142,
144,
140,
138,
138,
138,
136,
130,
131,
133,
134,
130,
128,
132,
135,
135,
139,
134,
138,
140,
135,
138,
141,
140,
142,
143,
142,
142,
141,
143,
142,
141,
138,
139,
138,
141,
145,
144,
144,
147,
150,
150,
147,
147,
148,
146,
147,
148,
149,
151,
151,
152,
151,
146,
145,
146,
148,
150,
146,
141,
139,
133,
130,
127,
127,
130,
128,
128,
129,
125,
118,
116,
110,
110,
113,
110,
106,
111,
112,
116,
123,
120,
120,
118,
122,
124,
132,
139,
144,
149,
151,
148,
146,
142,
136,
133,
131,
131,
129,
134,
134,
131,
131,
129,
131,
130,
122,
120,
123,
128,
126,
123,
124,
125,
128,
130,
130,
129,
124,
122,
125,
128,
130,
125,
122,
116,
116,
118,
120,
118,
121,
125,
119,
114,
113,
115,
117,
117,
112,
107,
103,
100,
98,
99,
102,
105,
106,
105,
107,
110,
116,
121,
127,
129,
124,
121,
119,
121,
119,
115,
118,
118,
121,
117,
118,
126,
131,
136,
141,
145,
147,
147,
150,
158,
164,
162,
159,
156,
145,
136,
137,
143,
149,
149,
156,
160,
158,
162,
163,
161,
155,
150,
151,
149,
148,
144,
138,
133,
124,
119,
114,
112,
114,
114,
117,
118,
116,
117,
117,
115,
117,
119,
117,
115,
120,
124,
123,
125,
127,
129,
129,
131,
134,
136,
133,
133,
136,
134,
134,
135,
134,
128,
127,
127,
127,
132,
136,
138,
136,
131,
125,
122,
121,
117,
114,
113,
114,
114,
114,
113,
108,
105,
107,
110,
112,
112,
107,
110,
113,
115,
117,
116,
114,
114,
116,
116,
115,
113,
113,
111,
109,
111,
114,
115,
115,
113,
111,
107,
104,
100,
101,
104,
106,
106,
101,
96,
95,
97,
97,
103,
107,
103,
98,
98,
95,
93,
97,
100,
104,
106,
104,
105,
106,
106,
106,
107,
111,
110,
109,
109,
112,
117,
116,
113,
115,
112,
108,
109,
111,
112,
118,
124,
126,
130,
128,
126,
129,
131,
132,
132,
132,
134,
134,
133,
134,
138,
142,
142,
145,
149,
149,
152,
156,
161,
163,
163,
164,
164,
164,
163,
164,
167,
167,
167,
166,
159,
154,
154,
154,
154,
156,
157,
154,
149,
143,
145,
149,
148,
150,
152,
150,
146,
145,
148,
149,
151,
154,
152,
147,
144,
145,
145,
149,
151,
150,
149,
153,
156,
156,
154,
151,
154,
157,
161,
162,
165,
166,
166,
165,
164,
168,
174,
177,
177,
178,
179,
180,
180,
177,
172,
169,
168,
171,
173,
171,
167,
159,
156,
154,
150,
145,
143,
141,
141,
140,
139,
133,
130,
128,
125,
125,
123,
121,
117,
117,
117,
117,
116,
115,
114,
111,
106,
103,
104,
102,
107,
111,
109,
105,
105,
107,
108,
109,
109,
107,
102,
100,
101,
103,
106,
110,
116,
120,
115,
109,
108,
112,
114,
111,
109,
104,
98,
95,
95,
98,
99,
98,
99,
96,
90,
90,
86,
82,
81,
82,
82,
82,
81,
80,
77,
75,
76,
72,
70,
70,
70,
70,
72,
75,
78,
80,
80,
81,
82,
83,
85,
90,
92,
94,
96,
100,
102,
104,
106,
109,
111,
116,
122,
121,
119,
118,
118,
119,
120,
118,
116,
117,
122,
119,
113,
112,
110,
107,
107,
106,
104,
102,
103,
102,
102,
103,
102,
101,
105,
110,
110,
111,
112,
114,
118,
120,
123,
125,
126,
126,
127,
126,
131,
137,
139,
142,
140,
137,
139,
147,
155,
161,
162,
159,
156,
153,
153,
154,
158,
164,
171,
175,
175,
173,
175,
177,
174,
172,
172,
169,
168,
166,
168,
168,
167,
167,
167,
167,
168,
169,
167,
166,
165,
162,
161,
163,
162,
160,
158,
155,
155,
156,
155,
153,
151,
150,
147,
146,
146,
152,
157,
159,
158,
154,
153,
151,
149,
149,
149,
147,
145,
147,
148,
149,
150,
150,
148,
147,
146,
144,
145,
148,
150,
150,
150,
150,
152,
154,
155,
156,
157,
161,
164,
165,
164,
162,
163,
166,
168,
166,
161,
162,
162,
162,
162,
161,
158,
154,
151,
150,
146,
144,
144,
142,
141,
139,
135,
129,
124,
120,
116,
113,
110,
108,
104,
101,
100,
100,
99,
100,
100,
100,
100,
103,
106,
106,
106,
106,
107,
106,
108,
111,
114,
116,
118,
121,
123,
124,
121,
119,
120,
119,
116,
114,
113,
112,
109,
109,
111,
109,
106,
105,
104,
104,
103,
102,
101,
100,
101,
99,
97,
96,
93,
91,
91,
91,
92,
94,
96,
96,
96,
99,
100,
100,
99,
98,
96,
93,
91,
92,
93,
94,
94,
95,
95,
95,
96,
95,
97,
100,
102,
104,
106,
107,
107,
108,
107,
107,
109,
108,
105,
104,
101,
99,
96,
97,
98,
100,
99,
96,
96,
96,
97,
97,
96,
94,
94,
96,
96,
96,
98,
98,
98,
100,
102,
105,
105,
105,
107,
109,
112,
114,
117,
120,
122,
123,
124,
127,
128,
129,
131,
134,
137,
142,
143,
143,
142,
143,
145,
146,
148,
149,
148,
145,
146,
149,
151,
151,
151,
150,
148,
148,
150,
153,
155,
157,
156,
155,
154,
154,
155,
155,
154,
154,
155,
154,
150,
147,
147,
148,
148,
148,
148,
147,
147,
144,
141,
141,
142,
141,
140,
139,
137,
135,
135,
137,
138,
139,
141,
144,
145,
147,
148,
148,
150,
152,
154,
156,
159,
161,
162,
164,
168,
173,
176,
179,
181,
183,
184,
184,
182,
181,
181,
183,
184,
184,
183,
181,
179,
178,
177,
174,
170,
169,
167,
163,
161,
159,
158,
156,
155,
152,
150,
147,
146,
143,
140,
137,
135,
133,
131,
128,
125,
122,
121,
120,
121,
121,
119,
118,
117,
117,
117,
119,
120,
120,
120,
120,
119,
119,
120,
123,
125,
127,
127,
126,
126,
126,
125,
124,
122,
122,
122,
120,
117,
116,
116,
115,
115,
113,
112,
110,
107,
105,
104,
105,
104,
102,
101,
99,
95,
93,
91,
91,
90,
91,
90,
88,
87,
88,
89,
91,
93,
94,
94,
95,
97,
100,
101,
101,
100,
102,
101,
100,
100,
99,
99,
100,
101,
101,
100,
100,
101,
102,
101,
101,
101,
102,
100,
97,
95,
95,
95,
95,
95,
95,
94,
94,
96,
97,
97,
99,
100,
99,
100,
103,
103,
105,
106,
107,
108,
109,
110,
110,
111,
111,
111,
112,
114,
116,
119,
120,
121,
122,
123,
125,
127,
130,
133,
136,
139,
140,
141,
142,
143,
144,
146,
147,
148,
149,
149,
149,
150,
151,
151,
150,
149,
148,
147,
146,
147,
148,
150,
151,
151,
150,
149,
148,
148,
148,
149,
149,
149,
148,
145,
143,
141,
141,
141,
140,
140,
139,
137,
136,
135,
135,
135,
135,
135,
133,
131,
130,
130,
130,
131,
132,
133,
134,
135,
136,
138,
140,
143,
144,
145,
146,
146,
146,
147,
149,
151,
154,
156,
157,
159,
160,
162,
163,
164,
164,
164,
165,
166,
167,
167,
167,
166,
166,
165,
164,
163,
162,
160,
158,
157,
155,
154,
153,
151,
149,
146,
143,
140,
136,
134,
132,
130,
128,
125,
121,
118,
116,
115,
114,
114,
114,
113,
113,
113,
113,
113,
114,
115,
116,
116,
116,
115,
116,
117,
119,
121,
124,
125,
125,
125,
125,
126,
127,
127,
127,
126,
125,
123,
121,
121,
121,
121,
120,
118,
116,
113,
111,
110,
110,
109,
109,
107,
106,
104,
102,
101,
101,
101,
101,
101,
101,
101,
102,
102,
103,
104,
105,
106,
106,
107,
107,
108,
109,
110,
110,
111,
111,
111,
111,
111,
111,
112,
112,
112,
113,
114,
115,
115,
116,
116,
116,
116,
116,
115,
115,
115,
114,
114,
114,
114,
114,
114,
114,
114,
113,
112,
110,
109,
109,
109,
108,
108,
108,
108,
108,
109,
110,
110,
111,
111,
113,
115,
118,
122,
125,
127,
129,
131,
132,
134,
136,
139,
143,
146,
149,
150,
152,
153,
154,
155,
156,
156,
157,
158,
158,
158,
158,
158,
158,
157,
155,
154,
154,
154,
155,
156,
158,
159,
159,
157,
156,
154,
152,
151,
151,
151,
152,
151,
150,
148,
147,
146,
145,
144,
142,
139,
135,
132,
128,
127,
125,
124,
122,
122,
117,
123,
