151,
152,
152,
150,
147,
143,
140,
136,
132,
126,
119,
115,
113,
111,
108,
104,
101,
98,
95,
91,
88,
84,
80,
77,
74,
72,
71,
72,
72,
70,
68,
65,
65,
65,
66,
67,
68,
69,
70,
70,
71,
76,
80,
84,
86,
88,
88,
86,
84,
84,
87,
94,
100,
101,
100,
98,
99,
102,
106,
108,
108,
108,
107,
107,
108,
110,
114,
116,
117,
116,
115,
116,
118,
123,
126,
128,
129,
129,
131,
134,
136,
136,
135,
133,
133,
137,
144,
152,
156,
157,
157,
155,
154,
154,
157,
163,
170,
176,
178,
180,
181,
181,
181,
182,
184,
186,
187,
189,
191,
192,
193,
192,
189,
185,
183,
182,
181,
179,
174,
170,
168,
169,
170,
170,
169,
166,
163,
160,
157,
156,
157,
160,
162,
164,
165,
165,
165,
165,
167,
170,
173,
176,
179,
182,
186,
191,
195,
199,
200,
200,
199,
200,
204,
210,
216,
220,
222,
223,
224,
224,
225,
226,
227,
229,
229,
229,
227,
227,
228,
229,
230,
230,
230,
230,
228,
226,
224,
221,
218,
217,
216,
215,
214,
211,
208,
207,
207,
206,
203,
200,
197,
195,
193,
192,
191,
189,
187,
187,
187,
188,
187,
185,
184,
185,
186,
185,
185,
186,
189,
192,
192,
191,
188,
186,
184,
183,
183,
183,
184,
184,
183,
181,
178,
175,
172,
170,
169,
167,
166,
166,
166,
163,
158,
155,
153,
153,
151,
148,
144,
140,
136,
132,
129,
126,
123,
120,
116,
111,
105,
100,
96,
93,
89,
87,
86,
83,
80,
76,
72,
70,
68,
64,
62,
59,
59,
60,
61,
62,
63,
62,
60,
58,
59,
62,
66,
67,
67,
67,
66,
68,
71,
74,
76,
79,
82,
85,
89,
91,
93,
94,
94,
95,
97,
100,
103,
105,
106,
106,
107,
107,
107,
107,
107,
108,
110,
112,
114,
117,
120,
122,
123,
123,
123,
122,
121,
122,
125,
128,
131,
132,
132,
134,
135,
136,
137,
138,
140,
143,
146,
148,
150,
152,
154,
157,
158,
159,
160,
161,
162,
161,
162,
163,
164,
165,
163,
161,
159,
157,
157,
155,
154,
151,
148,
145,
143,
143,
144,
144,
141,
138,
136,
135,
135,
136,
138,
139,
141,
142,
141,
140,
139,
139,
141,
145,
149,
154,
157,
161,
164,
166,
168,
171,
175,
178,
182,
186,
191,
197,
203,
207,
209,
210,
210,
210,
210,
211,
212,
216,
220,
223,
224,
222,
219,
214,
210,
208,
209,
211,
213,
213,
211,
210,
208,
206,
203,
199,
196,
196,
196,
196,
195,
193,
190,
190,
192,
194,
194,
194,
193,
194,
194,
192,
192,
197,
204,
209,
209,
209,
209,
209,
209,
208,
207,
210,
213,
215,
215,
215,
215,
214,
211,
207,
201,
198,
196,
197,
196,
194,
191,
188,
186,
184,
182,
180,
176,
172,
168,
166,
166,
166,
164,
160,
155,
151,
148,
146,
143,
142,
140,
137,
132,
125,
117,
112,
110,
111,
110,
108,
106,
104,
101,
98,
93,
88,
85,
85,
86,
88,
87,
85,
84,
85,
87,
89,
89,
88,
86,
86,
87,
88,
91,
94,
98,
100,
101,
101,
100,
99,
98,
97,
99,
104,
107,
108,
106,
106,
108,
111,
113,
116,
116,
115,
113,
112,
114,
117,
121,
124,
127,
129,
129,
128,
127,
127,
127,
128,
133,
139,
143,
144,
142,
142,
142,
141,
139,
139,
143,
148,
150,
150,
150,
151,
154,
155,
155,
155,
155,
155,
155,
155,
154,
152,
150,
149,
148,
148,
146,
145,
144,
141,
139,
136,
134,
133,
132,
132,
131,
130,
128,
127,
127,
126,
125,
123,
121,
119,
119,
122,
127,
130,
131,
131,
131,
133,
133,
133,
134,
136,
141,
145,
148,
149,
151,
154,
158,
163,
166,
168,
169,
171,
173,
175,
178,
180,
181,
183,
184,
185,
185,
185,
185,
185,
184,
185,
187,
189,
189,
187,
185,
184,
185,
186,
185,
183,
179,
176,
175,
177,
179,
180,
180,
178,
176,
173,
171,
170,
170,
171,
172,
171,
170,
170,
168,
168,
168,
170,
172,
175,
177,
180,
182,
184,
185,
186,
188,
188,
189,
188,
187,
188,
190,
193,
195,
195,
195,
192,
189,
186,
186,
188,
190,
189,
185,
182,
180,
178,
175,
170,
167,
165,
166,
165,
162,
157,
154,
151,
148,
144,
140,
136,
133,
132,
130,
129,
127,
124,
122,
119,
116,
113,
113,
114,
113,
111,
108,
107,
106,
106,
107,
107,
108,
108,
108,
110,
113,
115,
117,
118,
120,
121,
122,
125,
128,
131,
133,
136,
138,
141,
142,
142,
143,
145,
148,
151,
154,
155,
156,
156,
154,
151,
150,
153,
156,
159,
160,
158,
157,
156,
157,
158,
160,
163,
164,
165,
164,
163,
163,
164,
167,
170,
173,
173,
173,
174,
175,
176,
176,
176,
176,
177,
177,
178,
181,
186,
190,
192,
192,
191,
189,
185,
181,
179,
179,
180,
180,
179,
176,
174,
172,
167,
162,
158,
155,
156,
157,
156,
152,
148,
145,
143,
140,
138,
136,
135,
134,
132,
131,
129,
129,
130,
130,
130,
130,
131,
132,
134,
136,
136,
137,
138,
141,
143,
145,
148,
150,
152,
155,
158,
160,
162,
164,
166,
168,
169,
171,
172,
173,
174,
174,
175,
176,
176,
176,
175,
176,
177,
178,
178,
176,
175,
173,
171,
170,
169,
169,
169,
168,
166,
165,
163,
162,
161,
159,
158,
157,
157,
157,
156,
155,
154,
153,
153,
153,
153,
155,
157,
159,
161,
163,
164,
166,
167,
168,
168,
168,
169,
169,
170,
171,
173,
173,
172,
171,
169,
166,
165,
164,
163,
162,
161,
160,
157,
155,
151,
149,
146,
143,
140,
137,
135,
132,
130,
127,
125,
122,
119,
116,
113,
109,
106,
103,
100,
97,
95,
92,
89,
87,
86,
85,
85,
85,
86,
87,
87,
87,
87,
87,
86,
84,
83,
82,
82,
83,
85,
88,
91,
95,
97,
99,
100,
102,
103,
105,
107,
109,
113,
116,
117,
118,
118,
118,
119,
121,
122,
123,
125,
127,
128,
129,
130,
132,
134,
135,
136,
137,
138,
139,
140,
141,
143,
146,
149,
150,
151,
152,
154,
155,
156,
157,
159,
161,
163,
165,
167,
168,
169,
170,
171,
171,
172,
173,
173,
173,
174,
175,
177,
180,
182,
184,
187,
189,
190,
190,
189,
189,
188,
187,
185,
182,
181,
179,
176,
174,
173,
173,
173,
172,
171,
168,
165,
162,
159,
158,
158,
159,
159,
158,
156,
153,
149,
146,
146,
148,
151,
153,
154,
155,
158,
159,
161,
163,
165,
167,
168,
169,
171,
173,
176,
180,
184,
189,
191,
192,
190,
190,
191,
194,
197,
198,
198,
198,
198,
198,
197,
196,
196,
197,
198,
197,
196,
195,
195,
196,
196,
197,
197,
197,
195,
193,
191,
189,
188,
186,
184,
182,
180,
178,
177,
177,
176,
175,
175,
175,
176,
177,
178,
179,
180,
181,
181,
182,
183,
184,
184,
185,
185,
185,
186,
188,
189,
188,
186,
182,
180,
180,
181,
182,
181,
180,
179,
178,
175,
172,
168,
165,
163,
161,
158,
156,
153,
150,
146,
141,
136,
129,
123,
121,
120,
118,
115,
110,
103,
98,
94,
93,
93,
92,
89,
86,
84,
83,
84,
84,
83,
83,
82,
81,
79,
78,
78,
79,
81,
83,
84,
83,
82,
81,
82,
85,
89,
92,
94,
96,
97,
98,
98,
98,
98,
99,
102,
105,
106,
107,
108,
110,
113,
116,
118,
120,
120,
119,
119,
120,
122,
124,
125,
125,
126,
125,
125,
125,
126,
127,
127,
129,
131,
132,
133,
135,
137,
139,
140,
142,
144,
147,
150,
152,
154,
155,
158,
161,
164,
166,
168,
168,
168,
170,
174,
179,
183,
183,
182,
179,
176,
171,
167,
166,
165,
165,
165,
165,
165,
165,
166,
164,
160,
157,
155,
154,
156,
159,
163,
165,
164,
162,
159,
156,
154,
150,
147,
146,
147,
150,
153,
157,
159,
159,
159,
159,
160,
161,
164,
166,
168,
171,
174,
176,
179,
180,
182,
183,
184,
186,
186,
187,
188,
191,
193,
195,
197,
197,
195,
194,
194,
194,
195,
196,
197,
196,
196,
195,
192,
190,
189,
189,
190,
192,
191,
191,
191,
190,
189,
188,
188,
186,
184,
181,
178,
176,
175,
174,
174,
174,
174,
174,
174,
173,
173,
175,
177,
179,
180,
181,
184,
186,
186,
185,
183,
184,
187,
188,
189,
188,
187,
185,
184,
182,
181,
180,
179,
179,
179,
178,
178,
176,
175,
172,
167,
163,
158,
154,
150,
146,
139,
133,
127,
123,
118,
113,
108,
103,
99,
97,
96,
95,
93,
90,
87,
83,
80,
78,
78,
77,
77,
76,
73,
72,
74,
79,
82,
83,
84,
86,
89,
93,
95,
97,
98,
99,
101,
105,
109,
113,
115,
116,
117,
118,
121,
123,
125,
126,
126,
126,
127,
129,
132,
135,
137,
137,
138,
138,
138,
138,
138,
138,
138,
138,
137,
136,
135,
136,
137,
137,
137,
138,
140,
141,
140,
138,
137,
139,
142,
144,
146,
147,
147,
148,
148,
148,
149,
152,
156,
159,
160,
160,
161,
164,
168,
172,
176,
178,
178,
176,
174,
171,
170,
170,
168,
166,
164,
164,
163,
159,
155,
150,
146,
145,
145,
146,
146,
145,
146,
145,
144,
144,
146,
149,
151,
150,
149,
147,
147,
147,
147,
146,
145,
145,
146,
148,
150,
154,
159,
161,
163,
166,
170,
173,
174,
174,
174,
174,
178,
183,
189,
192,
193,
194,
194,
194,
195,
195,
196,
198,
199,
199,
199,
199,
200,
199,
196,
193,
193,
194,
195,
193,
190,
187,
187,
187,
186,
185,
184,
183,
181,
180,
179,
180,
182,
184,
184,
183,
183,
184,
186,
188,
190,
192,
194,
195,
196,
196,
197,
197,
196,
193,
190,
189,
190,
190,
189,
188,
186,
183,
181,
179,
176,
175,
174,
174,
173,
171,
170,
167,
165,
162,
159,
156,
156,
157,
157,
155,
151,
145,
138,
131,
123,
115,
110,
105,
103,
99,
93,
86,
80,
75,
71,
67,
63,
60,
58,
57,
57,
57,
58,
59,
60,
60,
60,
60,
62,
63,
64,
66,
70,
75,
78,
79,
79,
82,
87,
93,
96,
99,
101,
103,
106,
108,
111,
113,
116,
118,
121,
123,
125,
128,
132,
134,
135,
135,
136,
138,
139,
139,
140,
140,
140,
142,
144,
145,
145,
144,
142,
142,
142,
143,
144,
144,
145,
144,
144,
144,
146,
148,
149,
149,
148,
147,
148,
150,
154,
158,
160,
161,
162,
164,
166,
168,
171,
173,
176,
178,
179,
178,
175,
171,
165,
159,
154,
152,
153,
154,
154,
152,
149,
146,
142,
139,
138,
137,
137,
138,
139,
141,
143,
146,
148,
150,
151,
152,
153,
154,
154,
154,
155,
155,
155,
154,
155,
156,
157,
159,
162,
165,
167,
168,
168,
169,
172,
176,
179,
181,
186,
190,
194,
194,
194,
194,
195,
195,
197,
198,
200,
201,
202,
203,
202,
201,
199,
199,
199,
198,
196,
195,
196,
196,
195,
193,
192,
192,
193,
193,
192,
190,
187,
185,
186,
187,
188,
188,
185,
183,
181,
180,
181,
184,
188,
191,
192,
195,
200,
204,
207,
208,
208,
209,
210,
213,
216,
218,
218,
217,
215,
214,
214,
214,
213,
210,
206,
202,
199,
199,
200,
201,
201,
200,
198,
195,
192,
190,
188,
186,
182,
175,
167,
160,
151,
143,
134,
126,
119,
112,
107,
102,
96,
89,
82,
75,
68,
62,
59,
59,
60,
62,
61,
60,
59,
58,
58,
60,
64,
71,
79,
85,
92,
98,
105,
111,
117,
120,
122,
126,
132,
139,
144,
147,
149,
151,
152,
152,
151,
151,
152,
153,
155,
157,
160,
163,
165,
164,
161,
158,
157,
158,
158,
156,
154,
152,
152,
151,
150,
148,
146,
144,
142,
140,
139,
139,
139,
140,
140,
140,
141,
142,
142,
140,
137,
134,
134,
135,
139,
141,
142,
142,
143,
145,
148,
152,
156,
160,
164,
168,
170,
171,
172,
172,
172,
169,
164,
158,
153,
148,
145,
141,
137,
133,
129,
127,
123,
120,
116,
111,
107,
106,
108,
113,
118,
121,
122,
122,
122,
122,
122,
124,
126,
129,
132,
133,
135,
137,
140,
144,
148,
153,
157,
159,
161,
162,
163,
165,
167,
169,
170,
171,
172,
175,
178,
179,
178,
178,
179,
181,
183,
183,
183,
182,
181,
182,
182,
182,
180,
176,
172,
169,
167,
168,
168,
167,
165,
164,
162,
160,
159,
157,
154,
151,
148,
147,
146,
146,
146,
146,
147,
149,
152,
154,
156,
159,
162,
165,
168,
172,
175,
177,
180,
183,
186,
188,
188,
187,
187,
187,
186,
185,
182,
178,
176,
173,
170,
168,
165,
164,
162,
159,
155,
153,
151,
149,
148,
148,
148,
148,
148,
149,
149,
149,
149,
147,
141,
132,
122,
114,
107,
102,
96,
90,
83,
75,
68,
61,
55,
49,
43,
39,
36,
34,
33,
33,
35,
37,
39,
42,
46,
50,
55,
60,
64,
70,
76,
84,
93,
103,
114,
126,
136,
142,
147,
152,
156,
160,
163,
168,
173,
176,
178,
181,
184,
187,
192,
197,
199,
199,
198,
197,
198,
200,
201,
202,
202,
201,
200,
199,
197,
195,
193,
192,
190,
188,
186,
185,
184,
184,
183,
182,
181,
180,
180,
178,
176,
175,
175,
176,
177,
180,
182,
183,
182,
182,
184,
189,
194,
198,
203,
206,
207,
206,
201,
197,
191,
188,
186,
182,
179,
175,
170,
163,
156,
149,
143,
140,
137,
135,
133,
133,
133,
133,
133,
135,
137,
139,
141,
144,
146,
148,
149,
151,
152,
155,
157,
160,
164,
169,
175,
180,
184,
187,
189,
192,
194,
196,
198,
201,
204,
207,
210,
211,
212,
211,
208,
207,
206,
206,
207,
209,
209,
210,
209,
208,
206,
203,
200,
197,
193,
189,
185,
181,
176,
173,
171,
169,
166,
163,
161,
159,
156,
153,
150,
146,
141,
137,
133,
130,
128,
127,
126,
125,
124,
124,
125,
128,
133,
137,
140,
143,
146,
148,
151,
155,
159,
163,
166,
169,
171,
171,
170,
168,
166,
164,
161,
159,
158,
156,
154,
153,
153,
153,
153,
153,
150,
147,
143,
140,
137,
134,
130,
124,
116,
106,
97,
86,
77,
67,
59,
51,
42,
35,
30,
25,
21,
18,
14,
11,
9,
8,
8,
7,
6,
5,
6,
9,
11,
13,
15,
18,
23,
28,
36,
44,
52,
59,
67,
78,
89,
100,
108,
117,
126,
135,
142,
149,
155,
160,
166,
170,
175,
179,
182,
187,
189,
191,
192,
194,
197,
198,
198,
197,
194,
192,
191,
189,
188,
185,
183,
181,
178,
176,
176,
174,
172,
171,
170,
170,
170,
170,
169,
169,
167,
165,
164,
165,
166,
167,
167,
166,
166,
165,
167,
168,
170,
173,
177,
183,
188,
191,
193,
194,
193,
193,
191,
187,
184,
182,
180,
176,
170,
165,
160,
157,
153,
150,
147,
143,
141,
139,
137,
135,
135,
136,
138,
141,
143,
146,
148,
150,
152,
154,
157,
160,
165,
171,
179,
188,
197,
204,
210,
215,
220,
225,
232,
237,
240,
244,
248,
251,
252,
253,
254,
254,
255,
255,
255,
255,
254,
254,
252,
249,
245,
241,
239,
236,
234,
231,
228,
225,
221,
216,
211,
208,
204,
201,
200,
199,
197,
194,
192,
189,
186,
183,
180,
176,
172,
168,
162,
157,
153,
150,
145,
139,
135,
134,
135,
139,
143,
146,
149,
152,
155,
159,
162,
166,
169,
170,
171,
171,
172,
173,
173,
171,
168,
164,
160,
157,
155,
155,
153,
150,
146,
143,
140,
139,
137,
136,
134,
130,
126,
124,
123,
120,
117,
113,
108,
103,
95,
86,
78,
67,
56,
46,
37,
29,
23,
17,
12,
6,
1,
1,
1,
1,
1,
0,
0,
0,
0,
1,
1,
1,
1,
4,
8,
14,
20,
27,
35,
45,
56,
67,
77,
86,
94,
103,
111,
120,
129,
139,
148,
156,
163,
170,
177,
183,
188,
190,
191,
191,
190,
190,
190,
190,
190,
188,
187,
185,
183,
182,
182,
182,
181,
180,
178,
177,
177,
177,
177,
177,
177,
176,
175,
175,
176,
176,
175,
173,
172,
171,
169,
169,
169,
169,
169,
169,
167,
166,
165,
166,
166,
165,
163,
162,
161,
161,
163,
167,
177,
188,
195,
195,
188,
179,
176,
173,
167,
161,
154,
149,
145,
142,
137,
131,
127,
123,
121,
120,
118,
116,
116,
118,
121,
125,
128,
131,
134,
137,
141,
146,
154,
163,
173,
180,
186,
189,
191,
191,
194,
199,
204,
208,
211,
214,
217,
220,
225,
230,
235,
238,
241,
243,
242,
241,
241,
242,
243,
242,
239,
235,
230,
225,
221,
215,
208,
202,
197,
193,
189,
187,
184,
180,
174,
165,
157,
153,
151,
149,
148,
147,
145,
140,
136,
133,
132,
132,
134,
136,
140,
143,
146,
149,
153,
158,
162,
166,
169,
172,
174,
176,
179,
180,
181,
181,
180,
178,
175,
171,
167,
163,
160,
158,
155,
152,
148,
143,
141,
142,
141,
140,
140,
139,
138,
135,
131,
125,
117,
107,
95,
83,
72,
62,
53,
46,
40,
35,
31,
27,
24,
21,
20,
20,
21,
22,
23,
23,
23,
23,
24,
25,
26,
28,
30,
32,
34,
37,
39,
44,
52,
61,
71,
81,
91,
100,
110,
121,
132,
145,
158,
170,
181,
190,
196,
201,
208,
212,
214,
215,
216,
217,
217,
216,
215,
214,
214,
212,
210,
208,
205,
203,
202,
202,
201,
201,
200,
200,
201,
202,
201,
199,
196,
193,
192,
190,
188,
185,
181,
179,
177,
174,
172,
170,
167,
164,
162,
162,
161,
159,
156,
152,
147,
146,
153,
164,
171,
176,
179,
180,
180,
176,
165,
157,
154,
152,
146,
140,
135,
129,
124,
122,
118,
114,
111,
108,
106,
105,
104,
101,
100,
101,
102,
104,
107,
112,
119,
124,
128,
132,
137,
145,
153,
161,
170,
176,
183,
190,
197,
203,
208,
212,
214,
216,
219,
222,
225,
228,
230,
231,
233,
233,
232,
231,
229,
227,
224,
221,
218,
216,
214,
211,
206,
201,
195,
189,
186,
185,
185,
186,
184,
181,
180,
181,
182,
182,
181,
178,
176,
175,
176,
177,
176,
176,
178,
176,
167,
156,
151,
142,
129,
121,
116,
113,
118,
130,
135,
136,
141,
147,
151,
154,
160,
163,
166,
171,
173,
175,
178,
180,
183,
187,
188,
188,
187,
185,
181,
176,
169,
161,
152,
146,
148,
155,
153,
149,
149,
148,
145,
141,
139,
137,
134,
132,
130,
123,
114,
107,
103,
96,
88,
82,
75,
70,
63,
56,
48,
42,
36,
33,
32,
29,
27,
26,
27,
28,
29,
30,
33,
35,
38,
42,
48,
54,
60,
67,
74,
80,
87,
97,
108,
120,
133,
143,
152,
160,
167,
173,
179,
185,
191,
196,
200,
201,
202,
202,
200,
199,
197,
195,
194,
194,
194,
193,
191,
189,
187,
187,
187,
187,
187,
187,
186,
186,
187,
188,
188,
187,
187,
188,
188,
188,
186,
186,
187,
188,
187,
186,
185,
184,
183,
183,
180,
177,
173,
167,
160,
158,
167,
178,
182,
186,
190,
194,
197,
192,
181,
175,
173,
170,
166,
164,
161,
156,
151,
145,
137,
130,
127,
124,
121,
116,
111,
107,
105,
104,
104,
104,
107,
111,
116,
121,
126,
132,
138,
143,
148,
153,
159,
164,
169,
175,
180,
183,
186,
189,
191,
192,
192,
194,
197,
203,
207,
208,
208,
206,
204,
203,
200,
197,
194,
192,
190,
188,
186,
183,
180,
176,
172,
169,
165,
163,
162,
161,
161,
162,
162,
162,
158,
153,
153,
151,
147,
145,
143,
143,
140,
137,
136,
132,
126,
122,
127,
136,
139,
141,
145,
148,
150,
154,
159,
161,
165,
169,
172,
173,
175,
177,
179,
181,
184,
183,
183,
183,
181,
177,
171,
163,
157,
157,
156,
153,
151,
150,
147,
144,
142,
139,
134,
128,
126,
126,
123,
122,
120,
116,
113,
112,
108,
103,
99,
94,
87,
79,
74,
70,
65,
60,
55,
51,
45,
41,
38,
38,
41,
46,
50,
52,
54,
57,
60,
65,
73,
80,
88,
97,
104,
111,
118,
126,
133,
141,
148,
154,
159,
162,
166,
168,
169,
170,
171,
173,
175,
177,
178,
177,
177,
177,
178,
179,
181,
182,
184,
185,
186,
187,
186,
185,
185,
184,
185,
187,
187,
188,
188,
187,
185,
183,
181,
180,
180,
182,
183,
184,
184,
184,
184,
185,
187,
187,
187,
187,
186,
184,
181,
178,
176,
181,
190,
195,
197,
201,
207,
209,
209,
202,
193,
187,
184,
180,
177,
176,
175,
173,
171,
167,
161,
156,
152,
148,
143,
137,
131,
126,
123,
123,
123,
122,
122,
123,
127,
132,
138,
144,
148,
152,
156,
161,
165,
167,
169,
171,
175,
180,
185,
187,
189,
190,
191,
191,
192,
192,
192,
191,
189,
188,
187,
186,
185,
184,
181,
179,
177,
174,
172,
171,
170,
168,
165,
163,
162,
161,
160,
157,
154,
151,
149,
147,
145,
142,
141,
141,
143,
146,
148,
149,
149,
151,
153,
156,
160,
160,
157,
150,
145,
140,
132,
125,
122,
122,
128,
135,
137,
138,
138,
137,
137,
137,
138,
137,
137,
139,
141,
143,
146,
149,
152,
154,
156,
155,
156,
156,
156,
153,
150,
145,
139,
134,
134,
135,
135,
132,
130,
129,
127,
126,
126,
125,
125,
124,
121,
118,
115,
112,
109,
106,
103,
101,
99,
97,
94,
88,
82,
75,
70,
66,
62,
59,
55,
53,
51,
51,
51,
52,
54,
56,
58,
62,
66,
69,
72,
76,
83,
90,
97,
103,
110,
116,
123,
128,
134,
139,
145,
152,
158,
161,
165,
170,
175,
179,
182,
185,
186,
188,
189,
189,
190,
192,
192,
192,
191,
191,
191,
191,
192,
191,
189,
189,
188,
187,
187,
187,
187,
186,
185,
185,
187,
189,
190,
190,
189,
189,
189,
189,
189,
190,
192,
194,
194,
193,
191,
188,
185,
187,
192,
198,
203,
208,
214,
217,
216,
211,
204,
199,
197,
194,
192,
189,
188,
187,
185,
181,
177,
172,
166,
162,
156,
151,
148,
145,
142,
141,
140,
139,
139,
141,
145,
149,
151,
155,
160,
166,
172,
178,
182,
187,
191,
193,
196,
197,
199,
200,
201,
202,
202,
204,
205,
206,
206,
207,
206,
206,
204,
202,
199,
196,
194,
193,
191,
189,
187,
184,
181,
179,
176,
173,
170,
168,
167,
165,
164,
164,
163,
162,
162,
162,
162,
163,
164,
164,
166,
166,
167,
166,
166,
166,
165,
164,
163,
161,
160,
160,
163,
165,
166,
166,
166,
167,
167,
167,
167,
167,
168,
169,
171,
173,
174,
173,
173,
171,
169,
166,
164,
160,
157,
152,
148,
143,
138,
133,
128,
125,
123,
123,
123,
121,
120,
120,
119,
119,
118,
116,
116,
117,
117,
116,
113,
110,
106,
103,
100,
98,
94,
90,
85,
78,
73,
69,
63,
59,
55,
50,
47,
44,
44,
46,
48,
50,
51,
53,
54,
57,
60,
64,
68,
73,
76,
79,
84,
89,
94,
100,
106,
111,
116,
119,
121,
122,
124,
127,
129,
132,
134,
135,
136,
138,
139,
141,
142,
143,
144,
145,
145,
144,
144,
144,
144,
144,
143,
142,
140,
137,
135,
134,
134,
134,
134,
135,
136,
137,
138,
138,
138,
140,
144,
148,
150,
153,
155,
155,
154,
154,
155,
160,
166,
171,
174,
176,
177,
179,
179,
177,
176,
174,
171,
169,
169,
168,
167,
166,
165,
164,
161,
159,
158,
156,
153,
149,
147,
146,
144,
142,
140,
138,
136,
135,
136,
138,
141,
144,
147,
150,
152,
155,
158,
162,
165,
167,
168,
168,
168,
169,
172,
174,
177,
180,
182,
183,
184,
184,
185,
187,
189,
191,
192,
193,
193,
193,
192,
190,
190,
189,
189,
190,
189,
189,
188,
186,
183,
180,
179,
178,
176,
175,
173,
171,
172,
173,
173,
172,
172,
171,
171,
172,
175,
178,
179,
180,
179,
178,
175,
173,
171,
169,
168,
167,
166,
166,
167,
168,
169,
170,
171,
170,
170,
170,
168,
167,
167,
168,
169,
170,
170,
171,
170,
171,
173,
175,
175,
174,
172,
170,
167,
162,
157,
153,
151,
151,
151,
151,
149,
148,
146,
144,
141,
139,
137,
135,
133,
131,
128,
124,
122,
120,
118,
117,
115,
113,
111,
107,
103,
98,
94,
90,
88,
86,
85,
84,
83,
83,
83,
84,
84,
84,
86,
88,
91,
94,
97,
98,
100,
102,
106,
108,
112,
115,
120,
124,
129,
134,
139,
145,
150,
155,
159,
162,
164,
165,
165,
165,
166,
167,
168,
170,
172,
171,
169,
168,
167,
165,
163,
162,
160,
159,
158,
156,
155,
153,
151,
150,
149,
148,
147,
148,
148,
148,
149,
150,
150,
151,
153,
155,
156,
156,
155,
155,
157,
159,
160,
161,
160,
159,
158,
159,
161,
166,
170,
173,
174,
173,
171,
167,
163,
161,
161,
161,
162,
163,
163,
163,
164,
163,
162,
160,
158,
156,
154,
153,
150,
147,
144,
142,
142,
142,
143,
144,
146,
148,
149,
150,
151,
153,
154,
155,
157,
159,
161,
163,
164,
166,
168,
171,
173,
175,
177,
180,
181,
181,
181,
180,
181,
181,
182,
182,
182,
181,
179,
177,
175,
174,
173,
172,
172,
172,
172,
172,
173,
173,
173,
173,
173,
173,
173,
173,
174,
175,
177,
178,
179,
181,
182,
182,
182,
181,
181,
182,
183,
184,
184,
184,
184,
183,
180,
179,
179,
180,
181,
181,
181,
179,
177,
176,
173,
172,
172,
172,
174,
175,
176,
176,
175,
174,
174,
173,
173,
172,
171,
170,
168,
165,
162,
160,
157,
155,
154,
153,
151,
148,
144,
141,
138,
136,
134,
131,
129,
127,
124,
120,
115,
111,
107,
104,
100,
96,
94,
92,
92,
93,
96,
98,
100,
100,
100,
100,
100,
101,
99,
99,
99,
100,
103,
106,
108,
110,
111,
112,
113,
114,
115,
118,
120,
124,
128,
131,
136,
141,
147,
152,
155,
157,
159,
161,
163,
165,
168,
171,
173,
175,
175,
176,
176,
176,
176,
175,
174,
173,
172,
171,
169,
165,
161,
158,
155,
152,
151,
148,
145,
143,
142,
141,
142,
143,
145,
147,
147,
148,
150,
151,
153,
154,
153,
153,
152,
151,
149,
148,
148,
150,
152,
154,
155,
157,
158,
159,
158,
156,
153,
151,
151,
152,
153,
154,
155,
156,
156,
155,
153,
152,
151,
149,
147,
145,
142,
140,
139,
137,
135,
134,
133,
133,
132,
132,
131,
131,
130,
130,
130,
131,
132,
133,
135,
137,
138,
139,
140,
140,
142,
145,
148,
152,
155,
158,
160,
161,
161,
159,
158,
158,
157,
156,
156,
155,
156,
157,
158,
160,
161,
162,
161,
162,
164,
166,
169,
171,
172,
171,
171,
171,
172,
171,
171,
172,
172,
172,
171,
170,
168,
165,
164,
164,
166,
169,
173,
174,
174,
173,
172,
171,
171,
172,
172,
172,
173,
173,
175,
176,
179,
182,
183,
184,
184,
183,
182,
181,
181,
180,
179,
178,
176,
173,
169,
164,
160,
155,
150,
146,
142,
140,
138,
136,
133,
130,
125,
120,
116,
113,
111,
110,
110,
111,
112,
112,
112,
112,
112,
113,
115,
117,
117,
117,
115,
114,
112,
111,
110,
109,
109,
111,
111,
110,
108,
107,
107,
108,
110,
112,
115,
117,
119,
118,
118,
117,
117,
119,
121,
125,
129,
132,
133,
134,
136,
137,
138,
141,
143,
146,
148,
150,
150,
151,
151,
151,
152,
153,
154,
155,
156,
156,
157,
159,
159,
159,
159,
161,
162,
163,
164,
164,
163,
163,
162,
161,
160,
159,
158,
156,
155,
154,
153,
152,
152,
153,
154,
154,
153,
153,
155,
156,
157,
159,
161,
164,
168,
171,
174,
176,
178,
178,
177,
174,
172,
172,
174,
177,
180,
182,
184,
183,
181,
178,
174,
169,
166,
165,
163,
161,
159,
158,
157,
156,
155,
152,
150,
149,
149,
150,
152,
154,
155,
156,
157,
158,
159,
158,
156,
155,
156,
157,
158,
159,
161,
164,
167,
169,
169,
168,
167,
166,
164,
164,
163,
163,
165,
168,
170,
171,
172,
173,
174,
176,
177,
179,
180,
181,
182,
182,
182,
182,
182,
182,
183,
182,
180,
179,
179,
180,
181,
182,
184,
185,
185,
184,
181,
179,
177,
176,
175,
174,
173,
172,
171,
169,
168,
167,
167,
167,
167,
167,
166,
164,
162,
161,
160,
161,
162,
163,
164,
164,
165,
164,
165,
166,
167,
168,
167,
165,
161,
158,
155,
153,
153,
152,
151,
150,
147,
143,
139,
136,
134,
131,
129,
126,
124,
123,
122,
120,
118,
118,
117,
117,
117,
116,
114,
112,
110,
107,
104,
101,
99,
98,
97,
96,
95,
94,
93,
94,
95,
98,
101,
103,
104,
106,
109,
112,
115,
118,
122,
126,
131,
135,
140,
143,
147,
150,
152,
155,
156,
157,
159,
160,
160,
160,
160,
161,
162,
164,
165,
164,
164,
163,
164,
165,
167,
169,
171,
172,
173,
173,
172,
170,
169,
169,
169,
169,
168,
168,
167,
167,
166,
166,
165,
164,
163,
162,
162,
162,
161,
161,
160,
160,
160,
161,
163,
165,
168,
170,
172,
174,
176,
178,
180,
180,
179,
177,
176,
176,
177,
180,
183,
185,
187,
188,
186,
184,
180,
177,
174,
172,
170,
167,
165,
163,
162,
161,
159,
160,
161,
161,
162,
162,
163,
163,
163,
162,
160,
158,
157,
155,
153,
151,
150,
149,
149,
148,
147,
144,
141,
139,
137,
136,
135,
135,
134,
134,
135,
136,
138,
139,
141,
143,
145,
147,
149,
151,
154,
156,
159,
160,
161,
161,
161,
161,
162,
161,
159,
159,
159,
159,
160,
160,
161,
161,
162,
163,
162,
161,
158,
155,
152,
149,
147,
145,
144,
143,
142,
140,
138,
137,
136,
136,
136,
133,
131,
129,
126,
123,
121,
121,
121,
123,
124,
124,
124,
125,
125,
126,
126,
126,
126,
126,
125,
123,
122,
121,
119,
117,
115,
114,
112,
110,
109,
108,
106,
103,
101,
99,
97,
96,
94,
93,
93,
93,
93,
94,
95,
96,
96,
95,
93,
92,
91,
91,
90,
89,
88,
87,
86,
85,
84,
83,
83,
84,
86,
89,
92,
95,
97,
100,
103,
107,
110,
114,
118,
121,
125,
128,
130,
133,
135,
138,
141,
142,
144,
145,
146,
147,
149,
150,
152,
154,
157,
159,
161,
162,
163,
165,
167,
170,
171,
172,
173,
173,
173,
174,
175,
174,
174,
174,
173,
173,
173,
174,
174,
173,
173,
173,
173,
174,
174,
175,
175,
175,
174,
174,
174,
176,
178,
180,
182,
183,
185,
185,
186,
188,
190,
193,
194,
195,
195,
196,
198,
201,
203,
206,
208,
209,
209,
211,
212,
214,
216,
217,
218,
218,
216,
212,
208,
206,
204,
202,
200,
199,
197,
196,
196,
196,
196,
196,
194,
192,
190,
188,
188,
187,
187,
186,
186,
185,
185,
184,
183,
183,
183,
184,
185,
185,
185,
185,
185,
186,
187,
188,
188,
189,
192,
194,
195,
198,
200,
201,
201,
201,
200,
201,
201,
203,
203,
203,
203,
202,
201,
199,
197,
196,
196,
195,
195,
195,
194,
193,
192,
191,
190,
189,
187,
184,
182,
180,
177,
175,
173,
171,
169,
167,
165,
163,
161,
159,
159,
157,
156,
154,
153,
152,
151,
150,
149,
149,
149,
150,
151,
151,
150,
148,
145,
142,
140,
137,
134,
132,
130,
127,
125,
122,
119,
116,
113,
111,
109,
106,
103,
100,
96,
92,
88,
86,
84,
83,
83,
82,
79,
77,
73,
70,
69,
67,
66,
66,
66,
67,
67,
66,
65,
65,
64,
64,
64,
65,
66,
68,
70,
73,
76,
80,
83,
86,
88,
90,
92,
95,
99,
102,
107,
111,
114,
116,
118,
120,
121,
121,
121,
121,
122,
123,
124,
125,
126,
126,
126,
127,
128,
130,
131,
131,
131,
130,
130,
129,
128,
129,
130,
132,
132,
131,
130,
129,
129,
129,
128,
128,
128,
126,
125,
123,
122,
123,
124,
124,
124,
124,
125,
126,
128,
131,
133,
135,
136,
139,
141,
144,
148,
151,
153,
156,
159,
161,
162,
164,
165,
167,
168,
170,
171,
172,
174,
175,
175,
175,
175,
174,
174,
174,
173,
173,
174,
175,
177,
178,
179,
180,
181,
182,
184,
185,
186,
185,
185,
184,
183,
181,
180,
179,
178,
177,
175,
172,
170,
169,
168,
168,
169,
170,
170,
170,
171,
173,
175,
178,
182,
185,
189,
193,
195,
197,
199,
202,
204,
206,
208,
209,
210,
211,
212,
213,
214,
216,
217,
219,
219,
219,
219,
219,
219,
220,
221,
222,
222,
221,
219,
216,
212,
208,
205,
202,
199,
196,
194,
191,
190,
189,
187,
184,
182,
179,
178,
177,
178,
178,
178,
179,
179,
180,
180,
180,
179,
178,
177,
175,
173,
172,
171,
170,
168,
166,
163,
159,
157,
154,
152,
150,
149,
148,
146,
144,
142,
140,
138,
137,
136,
135,
133,
132,
131,
129,
127,
125,
122,
120,
118,
116,
114,
112,
110,
108,
106,
105,
104,
102,
102,
102,
102,
103,
103,
105,
107,
109,
111,
114,
117,
119,
122,
124,
126,
129,
132,
135,
137,
140,
142,
143,
145,
146,
147,
147,
148,
148,
149,
149,
149,
150,
151,
151,
151,
150,
151,
151,
151,
151,
151,
151,
150,
148,
146,
144,
144,
143,
141,
141,
140,
138,
137,
136,
135,
134,
132,
129,
126,
123,
120,
117,
115,
114,
115,
115,
117,
118,
119,
121,
123,
126,
129,
131,
134,
136,
138,
140,
141,
142,
143,
143,
143,
143,
144,
145,
146,
147,
148,
149,
150,
151,
151,
151,
152,
152,
152,
151,
151,
151,
151,
151,
151,
152,
153,
155,
156,
156,
156,
155,
153,
152,
151,
151,
151,
151,
150,
149,
148,
146,
144,
142,
141,
140,
140,
139,
137,
137,
137,
138,
139,
140,
141,
141,
144,
147,
151,
155,
158,
161,
163,
164,
164,
164,
165,
166,
168,
171,
174,
176,
178,
179,
179,
180,
180,
179,
178,
177,
176,
176,
175,
175,
176,
177,
175,
174,
172,
169,
167,
165,
163,
161,
159,
157,
156,
154,
152,
151,
151,
152,
152,
151,
149,
147,
146,
146,
146,
146,
145,
146,
147,
147,
146,
146,
145,
144,
144,
143,
141,
140,
140,
140,
139,
139,
139,
138,
138,
137,
135,
133,
131,
130,
128,
127,
126,
125,
123,
122,
120,
118,
116,
114,
112,
111,
110,
110,
109,
108,
108,
108,
109,
108,
107,
107,
107,
109,
109,
111,
113,
115,
116,
118,
119,
120,
122,
124,
125,
128,
131,
134,
138,
141,
144,
146,
149,
151,
153,
154,
157,
159,
162,
165,
167,
169,
171,
172,
173,
173,
173,
174,
175,
175,
176,
176,
176,
176,
175,
175,
175,
175,
175,
173,
172,
170,
168,
167,
165,
164,
164,
164,
164,
163,
162,
162,
161,
161,
161,
161,
160,
158,
157,
156,
156,
156,
156,
156,
156,
155,
155,
155,
155,
156,
157,
157,
157,
156,
156,
157,
158,
160,
161,
162,
164,
166,
167,
169,
171,
172,
173,
174,
175,
176,
177,
178,
179,
180,
181,
182,
182,
181,
180,
180,
179,
178,
176,
174,
173,
172,
171,
170,
169,
168,
167,
165,
163,
161,
160,
159,
158,
157,
155,
153,
152,
151,
149,
147,
147,
146,
147,
148,
148,
147,
146,
147,
148,
149,
150,
151,
152,
152,
153,
154,
155,
157,
158,
159,
160,
161,
161,
160,
161,
161,
161,
162,
163,
163,
163,
162,
161,
159,
159,
159,
159,
159,
157,
155,
152,
151,
149,
148,
146,
143,
140,
138,
136,
134,
134,
134,
134,
132,
131,
130,
129,
129,
130,
131,
132,
132,
132,
131,
130,
129,
129,
129,
129,
128,
128,
127,
127,
125,
124,
124,
123,
123,
122,
122,
122,
122,
122,
123,
123,
122,
121,
121,
121,
120,
120,
120,
120,
119,
117,
116,
115,
114,
115,
115,
115,
116,
117,
117,
118,
118,
119,
120,
122,
125,
128,
130,
132,
135,
137,
139,
141,
143,
145,
147,
150,
153,
156,
159,
162,
165,
167,
169,
171,
172,
174,
176,
179,
181,
183,
184,
185,
185,
186,
186,
186,
187,
187,
188,
188,
188,
188,
187,
187,
187,
187,
188,
187,
186,
185,
184,
184,
184,
184,
184,
183,
184,
184,
184,
184,
185,
185,
184,
184,
183,
183,
182,
181,
182,
182,
182,
182,
182,
182,
181,
180,
180,
179,
180,
180,
181,
181,
181,
182,
182,
182,
183,
184,
185,
187,
188,
190,
192,
194,
196,
196,
196,
196,
196,
197,
199,
200,
201,
202,
202,
201,
200,
198,
196,
193,
191,
189,
187,
186,
184,
182,
180,
178,
176,
175,
173,
173,
171,
171,
170,
169,
168,
166,
165,
164,
162,
160,
159,
157,
156,
156,
155,
154,
153,
152,
152,
151,
151,
152,
153,
154,
154,
155,
156,
157,
157,
158,
158,
158,
158,
157,
156,
155,
155,
155,
155,
156,
156,
156,
154,
153,
151,
150,
148,
146,
144,
141,
138,
134,
130,
126,
122,
119,
116,
112,
110,
107,
105,
105,
105,
105,
105,
104,
104,
105,
104,
104,
104,
104,
104,
104,
103,
103,
102,
102,
102,
102,
102,
102,
102,
101,
101,
100,
100,
100,
100,
100,
100,
100,
100,
100,
100,
99,
98,
97,
96,
96,
96,
96,
95,
95,
94,
93,
91,
91,
90,
91,
92,
93,
95,
96,
97,
98,
98,
99,
101,
103,
105,
107,
109,
112,
114,
117,
119,
122,
124,
126,
128,
129,
132,
134,
136,
139,
141,
143,
145,
147,
149,
151,
153,
155,
157,
159,
161,
163,
164,
165,
165,
165,
165,
166,
167,
168,
169,
169,
169,
169,
168,
168,
169,
168,
168,
166,
165,
165,
164,
164,
163,
163,
164,
164,
164,
165,
165,
165,
166,
166,
167,
168,
169,
169,
169,
170,
170,
171,
171,
170,
169,
169,
169,
171,
173,
174,
175,
175,
175,
176,
176,
178,
180,
181,
182,
184,
185,
187,
188,
190,
191,
192,
193,
195,
197,
199,
200,
201,
201,
201,
200,
199,
199,
198,
198,
197,
196,
195,
194,
192,
190,
188,
187,
186,
185,
185,
184,
182,
181,
179,
177,
175,
172,
170,
167,
165,
162,
159,
156,
154,
153,
151,
150,
149,
149,
148,
147,
147,
148,
149,
150,
151,
152,
153,
153,
154,
156,
157,
159,
159,
160,
160,
160,
160,
160,
160,
160,
160,
160,
159,
157,
156,
154,
152,
152,
151,
151,
150,
148,
146,
144,
142,
140,
138,
136,
134,
132,
129,
126,
125,
125,
124,
124,
123,
122,
120,
119,
119,
119,
119,
120,
120,
120,
120,
120,
120,
121,
122,
122,
123,
124,
124,
124,
123,
123,
124,
124,
125,
126,
127,
127,
127,
128,
127,
127,
126,
126,
125,
125,
125,
125,
125,
125,
125,
124,
124,
123,
123,
123,
124,
126,
127,
129,
130,
131,
131,
131,
131,
132,
134,
135,
136,
138,
139,
141,
142,
144,
145,
146,
148,
150,
152,
154,
157,
159,
161,
163,
164,
165,
166,
168,
170,
171,
173,
174,
174,
174,
174,
173,
173,
173,
173,
173,
173,
172,
172,
171,
171,
171,
172,
173,
173,
173,
172,
171,
171,
171,
172,
172,
173,
173,
173,
174,
174,
175,
176,
176,
177,
177,
177,
176,
174,
171,
169,
167,
167,
168,
168,
169,
169,
170,
170,
170,
171,
173,
174,
175,
176,
178,
181,
183,
184,
186,
188,
190,
191,
193,
195,
197,
198,
199,
198,
199,
199,
199,
200,
200,
200,
200,
200,
200,
199,
197,
195,
192,
191,
189,
188,
187,
186,
184,
183,
181,
180,
178,
175,
173,
171,
169,
167,
164,
162,
160,
159,
156,
154,
151,
148,
145,
144,
143,
142,
141,
140,
140,
140,
141,
141,
141,
142,
142,
143,
143,
144,
144,
145,
146,
146,
146,
145,
144,
143,
143,
142,
142,
142,
142,
141,
140,
139,
137,
136,
135,
134,
133,
132,
131,
129,
127,
126,
124,
123,
120,
118,
116,
113,
111,
110,
110,
109,
108,
107,
106,
105,
105,
105,
106,
106,
107,
108,
108,
109,
110,
111,
112,
113,
115,
116,
118,
119,
119,
119,
118,
118,
117,
117,
117,
117,
117,
116,
115,
114,
113,
112,
111,
110,
110,
109,
109,
109,
109,
109,
109,
109,
109,
109,
110,
112,
114,
116,
118,
119,
120,
121,
122,
123,
125,
126,
127,
128,
129,
130,
131,
132,
134,
135,
136,
137,
139,
141,
143,
145,
146,
147,
148,
149,
149,
151,
152,
154,
156,
159,
161,
163,
164,
164,
165,
164,
164,
163,
162,
161,
160,
158,
155,
153,
151,
150,
149,
148,
148,
147,
147,
147,
149,
150,
153,
155,
158,
160,
162,
163,
164,
165,
165,
165,
164,
162,
161,
159,
157,
156,
156,
157,
157,
157,
156,
155,
155,
155,
155,
156,
157,
158,
159,
159,
161,
163,
165,
166,
168,
170,
173,
175,
178,
181,
182,
183,
183,
184,
185,
187,
190,
191,
192,
193,
192,
192,
191,
189,
187,
185,
184,
183,
182,
181,
179,
177,
176,
175,
174,
172,
171,
169,
167,
165,
164,
162,
161,
159,
157,
154,
152,
150,
147,
146,
145,
144,
144,
144,
143,
142,
141,
141,
142,
143,
145,
147,
148,
149,
150,
151,
152,
154,
156,
157,
157,
157,
157,
157,
158,
158,
159,
159,
160,
159,
159,
158,
157,
156,
156,
156,
156,
156,
155,
154,
152,
151,
150,
148,
147,
146,
144,
141,
139,
138,
137,
137,
137,
136,
135,
134,
134,
134,
134,
135,
135,
136,
137,
138,
139,
140,
141,
142,
143,
144,
145,
146,
146,
146,
146,
146,
147,
147,
148,
149,
149,
150,
151,
151,
151,
151,
151,
150,
150,
149,
149,
150,
150,
150,
150,
149,
149,
148,
148,
148,
148,
148,
149,
149,
149,
149,
149,
149,
149,
149,
150,
150,
151,
152,
153,
154,
155,
156,
156,
157,
158,
159,
161,
163,
165,
167,
168,
169,
170,
170,
171,
172,
173,
175,
175,
176,
176,
176,
175,
174,
173,
172,
171,
170,
169,
169,
168,
168,
167,
168,
168,
168,
167,
167,
166,
165,
165,
165,
164,
164,
164,
164,
164,
164,
164,
164,
163,
162,
161,
160,
160,
160,
158,
156,
154,
153,
153,
153,
152,
152,
152,
152,
152,
152,
153,
153,
153,
153,
154,
155,
157,
158,
159,
160,
161,
162,
163,
164,
165,
167,
168,
169,
170,
171,
172,
172,
172,
172,
172,
173,
173,
173,
172,
171,
169,
167,
165,
163,
161,
160,
158,
156,
155,
154,
152,
151,
149,
146,
144,
142,
139,
137,
134,
132,
130,
128,
126,
123,
120,
118,
117,
116,
116,
116,
116,
116,
116,
117,
118,
120,
121,
122,
123,
124,
125,
127,
128,
130,
132,
132,
133,
134,
134,
135,
135,
136,
136,
137,
137,
137,
137,
136,
135,
135,
135,
135,
134,
133,
131,
129,
128,
127,
125,
124,
122,
119,
117,
116,
116,
116,
117,
117,
117,
118,
117,
118,
119,
120,
122,
123,
125,
127,
129,
130,
132,
134,
135,
137,
139,
140,
141,
142,
142,
143,
144,
144,
144,
145,
146,
146,
148,
149,
150,
151,
151,
151,
150,
151,
151,
151,
151,
152,
151,
151,
150,
150,
150,
150,
151,
152,
153,
154,
154,
155,
155,
156,
157,
158,
159,
160,
160,
161,
162,
164,
165,
166,
167,
168,
168,
169,
170,
172,
174,
176,
177,
177,
178,
178,
179,
180,
181,
182,
184,
185,
186,
187,
187,
186,
186,
186,
185,
185,
185,
185,
185,
184,
183,
183,
183,
183,
184,
183,
183,
182,
182,
182,
182,
182,
182,
181,
179,
178,
177,
178,
178,
178,
178,
177,
177,
176,
174,
173,
171,
171,
171,
172,
172,
172,
171,
170,
169,
168,
168,
167,
166,
166,
166,
166,
166,
165,
164,
163,
162,
162,
163,
165,
167,
168,
169,
169,
170,
170,
171,
173,
174,
176,
177,
179,
180,
180,
180,
178,
176,
175,
173,
171,
168,
164,
161,
158,
156,
154,
152,
150,
148,
145,
143,
141,
138,
136,
135,
132,
130,
127,
124,
121,
118,
116,
114,
114,
114,
114,
115,
115,
115,
115,
116,
117,
117,
117,
116,
114,
113,
112,
112,
113,
113,
113,
113,
113,
113,
113,
115,
117,
119,
120,
122,
123,
124,
124,
123,
123,
123,
123,
122,
121,
119,
116,
114,
113,
111,
110,
109,
107,
105,
103,
103,
103,
103,
103,
103,
103,
103,
103,
104,
104,
105,
107,
108,
110,
111,
113,
114,
116,
117,
119,
121,
122,
123,
125,
125,
126,
127,
128,
128,
129,
131,
131,
133,
134,
135,
136,
137,
137,
137,
137,
137,
138,
138,
138,
139,
139,
139,
138,
138,
138,
138,
139,
141,
142,
143,
144,
145,
145,
146,
147,
148,
149,
151,
152,
154,
156,
158,
160,
162,
164,
165,
166,
168,
170,
172,
175,
177,
179,
181,
182,
183,
184,
185,
187,
189,
191,
193,
195,
196,
197,
197,
198,
198,
198,
198,
198,
199,
199,
200,
201,
202,
204,
205,
206,
206,
206,
205,
205,
205,
205,
205,
204,
204,
204,
204,
204,
204,
204,
204,
202,
201,
201,
200,
199,
198,
196,
195,
193,
192,
191,
190,
189,
188,
188,
188,
188,
189,
189,
188,
188,
188,
189,
190,
191,
192,
193,
194,
195,
195,
196,
196,
196,
196,
197,
198,
199,
199,
200,
199,
199,
198,
197,
196,
193,
190,
188,
185,
183,
181,
178,
176,
173,
171,
169,
167,
165,
163,
160,
158,
155,
151,
148,
145,
143,
140,
137,
134,
132,
128,
125,
122,
119,
118,
117,
116,
114,
113,
113,
113,
113,
114,
116,
116,
116,
117,
117,
119,
120,
122,
123,
123,
123,
123,
122,
122,
122,
122,
122,
121,
120,
118,
117,
116,
115,
114,
114,
114,
113,
112,
111,
109,
107,
106,
105,
103,
101,
99,
96,
95,
94,
94,
94,
94,
94,
93,
93,
93,
93,
94,
95,
96,
97,
98,
100,
101,
103,
105,
106,
108,
110,
111,
112,
113,
114,
115,
116,
117,
117,
118,
118,
120,
121,
122,
123,
123,
123,
121,
120,
119,
119,
119,
120,
120,
121,
120,
120,
120,
120,
120,
120,
121,
122,
123,
123,
124,
124,
125,
127,
128,
129,
130,
131,
133,
134,
137,
139,
141,
143,
144,
145,
146,
148,
151,
155,
158,
161,
163,
164,
165,
166,
168,
170,
172,
175,
176,
178,
180,
181,
181,
182,
182,
182,
183,
183,
184,
185,
186,
187,
188,
189,
191,
193,
194,
194,
194,
194,
195,
196,
198,
199,
199,
199,
198,
198,
198,
199,
199,
200,
199,
199,
198,
197,
195,
194,
193,
192,
191,
191,
191,
191,
190,
190,
189,
189,
188,
188,
188,
189,
190,
193,
194,
194,
194,
194,
194,
195,
197,
200,
201,
203,
203,
203,
204,
205,
206,
207,
207,
208,
208,
208,
208,
207,
205,
203,
201,
199,
197,
194,
192,
189,
187,
185,
183,
181,
179,
176,
173,
169,
166,
163,
161,
158,
155,
152,
148,
144,
141,
137,
135,
134,
133,
134,
134,
134,
133,
132,
132,
133,
133,
135,
137,
137,
137,
137,
137,
139,
141,
142,
143,
143,
142,
141,
140,
140,
140,
140,
139,
138,
137,
136,
135,
134,
134,
133,
133,
133,
132,
130,
129,
127,
126,
125,
124,
122,
120,
118,
115,
114,
113,
113,
113,
112,
110,
109,
108,
107,
106,
106,
106,
106,
106,
107,
108,
109,
111,
112,
114,
115,
116,
117,
118,
119,
121,
122,
124,
125,
126,
127,
128,
129,
130,
131,
131,
131,
130,
128,
127,
126,
125,
125,
125,
125,
124,
124,
123,
122,
122,
121,
121,
122,
123,
123,
123,
123,
123,
124,
125,
127,
130,
132,
135,
136,
138,
140,
142,
143,
144,
144,
144,
142,
141,
141,
141,
142,
143,
144,
145,
145,
146,
148,
150,
154,
157,
161,
165,
168,
169,
169,
170,
171,
171,
171,
171,
171,
171,
171,
171,
171,
172,
173,
173,
173,
173,
174,
175,
175,
177,
177,
177,
177,
176,
175,
176,
177,
177,
177,
177,
176,
175,
173,
172,
171,
170,
168,
166,
165,
164,
162,
161,
160,
159,
159,
159,
160,
161,
163,
164,
164,
165,
165,
165,
165,
166,
168,
169,
172,
174,
177,
179,
180,
181,
182,
184,
186,
187,
189,
189,
190,
190,
189,
188,
186,
184,
182,
180,
179,
177,
176,
174,
173,
171,
170,
169,
167,
165,
163,
161,
158,
155,
152,
149,
148,
147,
145,
143,
139,
136,
133,
131,
130,
129,
129,
129,
128,
128,
128,
128,
129,
131,
132,
134,
135,
135,
136,
138,
140,
142,
144,
145,
145,
145,
144,
144,
145,
146,
146,
146,
146,
145,
144,
143,
143,
143,
142,
142,
141,
139,
138,
136,
134,
133,
132,
130,
128,
126,
124,
122,
122,
122,
123,
123,
122,
122,
122,
122,
122,
123,
124,
125,
127,
128,
129,
131,
133,
134,
136,
137,
137,
137,
138,
138,
138,
139,
139,
139,
139,
139,
139,
139,
139,
139,
139,
139,
138,
137,
135,
134,
134,
133,
133,
133,
133,
133,
132,
132,
131,
131,
132,
132,
133,
134,
134,
134,
133,
134,
135,
135,
136,
137,
138,
139,
140,
142,
144,
146,
148,
148,
149,
150,
150,
152,
155,
158,
160,
162,
163,
164,
165,
165,
166,
168,
169,
171,
173,
173,
175,
175,
176,
177,
177,
178,
177,
177,
177,
176,
176,
176,
178,
180,
181,
182,
181,
181,
180,
180,
181,
181,
181,
180,
179,
177,
176,
176,
176,
175,
174,
172,
171,
169,
168,
167,
165,
163,
161,
158,
156,
155,
155,
155,
155,
155,
154,
154,
154,
154,
155,
156,
158,
159,
160,
160,
160,
162,
164,
167,
170,
173,
175,
177,
178,
179,
181,
182,
184,
185,
185,
186,
186,
186,
185,
184,
182,
180,
179,
177,
175,
173,
170,
168,
167,
166,
164,
163,
162,
160,
157,
155,
152,
149,
147,
144,
142,
139,
135,
131,
128,
126,
125,
124,
125,
125,
124,
123,
122,
122,
122,
124,
126,
127,
127,
127,
128,
129,
131,
134,
138,
140,
141,
142,
142,
142,
142,
143,
144,
145,
145,
145,
144,
143,
144,
144,
145,
145,
144,
143,
141,
140,
138,
137,
135,
134,
132,
130,
128,
126,
125,
125,
126,
126,
126,
126,
126,
126,
126,
127,
128,
130,
131,
131,
132,
134,
135,
137,
139,
140,
141,
142,
143,
143,
144,
145,
146,
146,
147,
147,
148,
148,
148,
149,
149,
148,
147,
146,
145,
143,
142,
141,
141,
141,
141,
140,
139,
138,
136,
136,
135,
136,
137,
138,
139,
139,
139,
141,
142,
144,
146,
147,
147,
148,
149,
151,
152,
154,
156,
158,
158,
159,
160,
161,
163,
166,
169,
171,
173,
173,
174,
174,
175,
177,
179,
182,
183,
184,
186,
187,
188,
189,
190,
190,
189,
188,
188,
189,
190,
192,
193,
194,
194,
193,
192,
191,
190,
189,
188,
187,
186,
183,
180,
176,
174,
172,
171,
170,
169,
166,
163,
161,
159,
158,
156,
155,
153,
152,
151,
151,
152,
154,
154,
155,
156,
157,
159,
160,
162,
162,
163,
164,
164,
165,
166,
167,
168,
169,
172,
174,
176,
177,
178,
179,
180,
181,
182,
182,
183,
182,
181,
181,
181,
180,
179,
178,
177,
176,
174,
171,
168,
165,
161,
157,
153,
149,
145,
140,
135,
130,
126,
122,
119,
117,
116,
114,
112,
110,
108,
107,
108,
107,
106,
107,
107,
107,
107,
107,
107,
107,
108,
109,
110,
110,
111,
112,
113,
116,
119,
121,
122,
122,
121,
121,
121,
122,
122,
123,
123,
122,
122,
121,
121,
121,
122,
121,
121,
119,
118,
117,
115,
114,
112,
111,
109,
107,
105,
104,
104,
104,
105,
106,
106,
106,
106,
106,
106,
107,
109,
110,
111,
113,
114,
117,
120,
122,
125,
126,
127,
129,
130,
132,
133,
135,
136,
136,
137,
137,
138,
139,
139,
139,
140,
140,
140,
140,
140,
140,
140,
141,
141,
141,
142,
142,
141,
141,
140,
140,
141,
142,
144,
145,
146,
147,
148,
150,
151,
153,
154,
154,
155,
156,
158,
161,
163,
166,
168,
170,
171,
173,
174,
176,
178,
182,
185,
187,
189,
190,
191,
192,
194,
196,
198,
201,
203,
205,
206,
207,
208,
208,
208,
208,
207,
207,
207,
207,
208,
209,
210,
211,
212,
212,
211,
210,
210,
210,
210,
210,
208,
206,
203,
201,
201,
201,
200,
199,
196,
193,
191,
188,
187,
185,
183,
181,
178,
175,
171,
169,
168,
167,
166,
165,
164,
164,
164,
165,
166,
167,
169,
169,
170,
170,
171,
172,
174,
177,
181,
183,
185,
187,
187,
189,
190,
191,
193,
193,
193,
193,
193,
192,
190,
188,
186,
183,
181,
179,
176,
173,
170,
168,
165,
163,
161,
159,
156,
153,
150,
146,
143,
139,
136,
133,
130,
125,
120,
115,
111,
108,
107,
106,
106,
106,
105,
104,
103,
103,
104,
106,
109,
110,
110,
110,
110,
111,
114,
117,
120,
122,
122,
122,
121,
121,
121,
121,
122,
122,
120,
119,
118,
117,
118,
118,
117,
116,
115,
113,
111,
110,
109,
108,
107,
106,
105,
102,
100,
99,
99,
99,
100,
99,
99,
98,
97,
97,
97,
97,
99,
100,
101,
102,
104,
106,
109,
112,
114,
115,
116,
117,
118,
118,
120,
121,
122,
122,
122,
122,
122,
123,
124,
125,
126,
126,
126,
125,
125,
124,
124,
125,
126,
127,
127,
128,
128,
128,
127,
127,
127,
129,
130,
132,
134,
135,
137,
138,
140,
142,
144,
145,
146,
147,
148,
150,
152,
155,
157,
160,
161,
162,
163,
164,
167,
172,
176,
180,
182,
184,
186,
187,
190,
193,
196,
199,
202,
204,
206,
209,
212,
215,
216,
216,
216,
215,
214,
215,
215,
217,
218,
219,
219,
218,
217,
216,
216,
215,
216,
216,
215,
213,
210,
208,
206,
205,
204,
203,
201,
198,
196,
194,
192,
190,
188,
186,
183,
180,
177,
175,
175,
175,
175,
175,
175,
175,
176,
177,
179,
180,
182,
183,
184,
185,
185,
185,
186,
188,
191,
194,
195,
196,
197,
199,
200,
201,
202,
202,
202,
202,
202,
203,
202,
201,
199,
196,
194,
192,
190,
187,
184,
181,
177,
174,
172,
170,
167,
164,
160,
156,
152,
147,
143,
140,
136,
133,
129,
125,
121,
118,
116,
114,
114,
114,
114,
114,
114,
114,
116,
117,
118,
120,
120,
120,
121,
122,
124,
127,
129,
130,
129,
128,
126,
124,
123,
121,
120,
119,
117,
115,
114,
113,
112,
112,
112,
112,
111,
110,
109,
108,
108,
108,
107,
106,
104,
103,
102,
102,
103,
104,
104,
104,
104,
103,
102,
102,
101,
102,
103,
104,
105,
106,
107,
109,
112,
113,
115,
115,
115,
116,
116,
117,
117,
117,
116,
115,
114,
114,
116,
118,
120,
122,
123,
124,
123,
122,
121,
119,
117,
114,
112,
109,
107,
105,
103,
101,
101,
100,
101,
104,
106,
110,
112,
116,
119,
122,
124,
126,
127,
128,
130,
131,
132,
134,
136,
138,
140,
142,
142,
143,
145,
147,
151,
155,
159,
163,
165,
166,
167,
169,
171,
174,
177,
180,
182,
185,
187,
189,
190,
191,
192,
192,
191,
191,
191,
191,
192,
194,
195,
196,
196,
195,
193,
193,
193,
194,
195,
195,
194,
191,
187,
185,
184,
184,
184,
183,
180,
177,
175,
173,
172,
172,
172,
171,
169,
166,
165,
165,
165,
166,
166,
165,
165,
166,
167,
169,
172,
175,
177,
180,
181,
182,
184,
186,
190,
194,
198,
201,
203,
204,
206,
207,
208,
210,
211,
212,
213,
214,
215,
215,
214,
212,
210,
208,
206,
203,
201,
198,
195,
193,
190,
189,
188,
186,
184,
180,
176,
172,
168,
164,
160,
157,
154,
149,
145,
140,
136,
133,
132,
131,
130,
130,
129,
128,
127,
127,
128,
130,
132,
133,
133,
132,
132,
134,
137,
141,
144,
146,
146,
145,
144,
144,
145,
146,
146,
145,
144,
142,
141,
141,
141,
142,
141,
139,
136,
133,
131,
129,
128,
127,
125,
123,
120,
117,
114,
112,
111,
111,
111,
111,
110,
110,
109,
109,
108,
108,
109,
109,
110,
111,
113,
114,
117,
119,
121,
122,
123,
123,
124,
125,
126,
126,
126,
126,
125,
124,
124,
124,
124,
125,
126,
126,
126,
125,
124,
123,
122,
121,
121,
121,
121,
121,
121,
120,
119,
118,
117,
117,
118,
119,
120,
120,
121,
122,
123,
124,
126,
126,
126,
127,
128,
131,
134,
137,
139,
141,
142,
143,
143,
145,
148,
152,
157,
161,
164,
165,
166,
167,
169,
171,
174,
176,
178,
180,
181,
183,
184,
185,
185,
184,
183,
182,
182,
183,
184,
185,
187,
189,
189,
189,
188,
187,
186,
186,
187,
187,
186,
183,
179,
175,
173,
172,
171,
171,
169,
166,
164,
162,
161,
160,
160,
158,
156,
153,
150,
149,
149,
150,
150,
150,
150,
150,
152,
155,
157,
160,
163,
165,
166,
167,
169,
171,
174,
178,
182,
186,
189,
191,
194,
197,
199,
201,
203,
203,
204,
204,
206,
208,
208,
207,
205,
202,
200,
197,
194,
190,
187,
184,
181,
178,
176,
173,
171,
167,
164,
160,
156,
153,
150,
148,
145,
142,
138,
134,
131,
128,
126,
126,
126,
126,
126,
127,
128,
129,
130,
132,
133,
134,
135,
134,
135,
136,
138,
140,
143,
144,
145,
145,
145,
145,
145,
146,
146,
145,
145,
143,
142,
142,
142,
142,
142,
140,
138,
135,
132,
131,
130,
130,
129,
127,
124,
122,
119,
117,
116,
117,
118,
119,
118,
117,
117,
117,
117,
118,
119,
119,
118,
119,
119,
121,
124,
126,
128,
129,
129,
129,
129,
130,
132,
132,
133,
133,
133,
133,
133,
134,
135,
136,
136,
137,
137,
137,
135,
135,
134,
133,
133,
133,
132,
132,
131,
130,
129,
127,
126,
126,
127,
128,
130,
131,
132,
133,
134,
137,
138,
139,
140,
140,
142,
144,
148,
152,
155,
157,
158,
159,
160,
161,
163,
167,
170,
173,
175,
176,
175,
174,
174,
174,
175,
177,
178,
180,
181,
183,
184,
186,
188,
189,
190,
190,
190,
190,
191,
192,
194,
196,
197,
196,
195,
194,
194,
195,
196,
196,
195,
191,
187,
182,
180,
179,
179,
178,
176,
173,
169,
166,
163,
162,
162,
161,
159,
156,
153,
151,
150,
149,
148,
146,
145,
145,
147,
151,
155,
160,
164,
166,
167,
166,
166,
166,
166,
167,
169,
169,
169,
169,
170,
171,
173,
174,
177,
179,
181,
184,
188,
192,
194,
194,
193,
191,
189,
187,
185,
182,
178,
174,
171,
167,
164,
161,
159,
156,
152,
148,
144,
140,
137,
134,
131,
127,
123,
118,
113,
109,
107,
106,
106,
106,
106,
105,
105,
104,
105,
107,
109,
112,
113,
113,
113,
113,
114,
118,
121,
125,
127,
127,
128,
127,
127,
128,
128,
128,
127,
125,
123,
121,
121,
122,
124,
124,
123,
121,
118,
116,
115,
115,
115,
115,
114,
112,
109,
107,
105,
105,
105,
105,
105,
105,
104,
105,
105,
106,
108,
110,
112,
114,
116,
118,
120,
123,
126,
128,
130,
130,
131,
132,
133,
134,
135,
136,
136,
136,
137,
137,
138,
138,
139,
139,
140,
140,
139,
139,
138,
138,
138,
138,
139,
139,
139,
139,
138,
137,
135,
134,
134,
135,
136,
138,
139,
140,
142,
143,
145,
147,
148,
149,
149,
150,
152,
155,
159,
163,
167,
169,
170,
171,
172,
175,
180,
184,
189,
192,
195,
196,
197,
198,
200,
203,
205,
207,
209,
212,
213,
214,
216,
217,
216,
214,
212,
210,
209,
209,
209,
210,
211,
211,
209,
207,
205,
203,
203,
203,
204,
203,
201,
197,
193,
190,
189,
188,
187,
186,
183,
180,
178,
176,
175,
175,
175,
173,
170,
166,
162,
161,
161,
161,
160,
160,
159,
160,
161,
164,
167,
170,
173,
175,
176,
177,
178,
179,
181,
185,
188,
191,
193,
194,
196,
199,
200,
201,
201,
200,
200,
200,
201,
201,
200,
198,
195,
192,
189,
186,
183,
179,
175,
171,
168,
165,
162,
160,
157,
153,
149,
144,
139,
135,
131,
127,
124,
120,
115,
110,
106,
103,
101,
100,
100,
100,
99,
98,
97,
97,
98,
100,
102,
103,
104,
104,
105,
107,
111,
115,
119,
121,
122,
122,
121,
121,
120,
120,
120,
118,
117,
115,
113,
113,
113,
113,
112,
110,
107,
104,
102,
101,
101,
100,
99,
97,
94,
91,
89,
88,
88,
89,
90,
89,
89,
89,
89,
89,
90,
92,
94,
95,
97,
99,
101,
105,
109,
112,
114,
115,
115,
115,
116,
118,
119,
121,
123,
124,
124,
125,
126,
126,
127,
127,
127,
126,
125,
123,
121,
121,
120,
120,
120,
121,
122,
122,
122,
122,
121,
121,
120,
121,
123,
125,
127,
130,
133,
136,
139,
143,
145,
147,
149,
151,
154,
157,
161,
165,
167,
169,
170,
170,
171,
174,
177,
182,
187,
191,
195,
197,
197,
198,
200,
203,
205,
208,
210,
211,
213,
214,
215,
216,
215,
213,
211,
209,
207,
207,
208,
211,
213,
215,
215,
213,
212,
211,
212,
213,
214,
215,
214,
210,
206,
202,
200,
199,
198,
196,
193,
190,
186,
183,
181,
181,
180,
179,
176,
172,
167,
165,
165,
165,
166,
167,
167,
167,
169,
172,
175,
179,
182,
184,
185,
185,
186,
187,
189,
193,
197,
200,
203,
205,
207,
209,
211,
213,
214,
214,
215,
216,
218,
219,
219,
218,
216,
214,
211,
209,
206,
202,
198,
194,
190,
187,
184,
182,
179,
176,
171,
166,
160,
153,
147,
142,
136,
130,
123,
116,
109,
104,
101,
100,
100,
101,
101,
101,
101,
102,
103,
106,
109,
111,
113,
114,
115,
117,
121,
126,
131,
135,
138,
138,
137,
136,
135,
135,
134,
134,
132,
129,
126,
124,
123,
123,
123,
122,
119,
116,
113,
111,
110,
110,
109,
107,
104,
99,
94,
90,
88,
89,
91,
92,
93,
94,
94,
93,
93,
93,
94,
93,
92,
89,
87,
86,
86,
87,
88,
89,
90,
92,
94,
96,
99,
102,
106,
109,
111,
113,
114,
115,
116,
117,
118,
118,
117,
115,
112,
110,
109,
108,
107,
107,
108,
109,
110,
110,
109,
108,
107,
107,
108,
110,
112,
114,
116,
118,
120,
122,
125,
126,
127,
128,
128,
130,
133,
138,
143,
147,
150,
152,
153,
153,
156,
159,
164,
168,
173,
177,
178,
180,
181,
183,
185,
188,
190,
191,
193,
194,
195,
197,
198,
199,
198,
196,
195,
194,
195,
198,
200,
203,
204,
203,
202,
201,
200,
200,
201,
201,
201,
198,
195,
192,
190,
189,
189,
190,
189,
188,
186,
184,
183,
182,
182,
181,
180,
177,
173,
170,
169,
169,
170,
171,
172,
173,
174,
177,
180,
183,
187,
189,
191,
192,
194,
196,
198,
201,
206,
210,
214,
217,
220,
223,
225,
227,
227,
227,
227,
227,
227,
229,
230,
229,
227,
224,
220,
217,
214,
210,
207,
203,
200,
197,
194,
192,
190,
187,
184,
180,
175,
171,
166,
162,
159,
156,
152,
147,
142,
138,
135,
133,
132,
132,
131,
130,
129,
129,
129,
130,
131,
133,
133,
133,
133,
133,
134,
136,
139,
140,
141,
141,
140,
139,
139,
138,
138,
137,
136,
134,
131,
130,
129,
128,
128,
127,
124,
121,
118,
117,
116,
116,
116,
114,
111,
107,
103,
100,
98,
98,
98,
97,
96,
95,
95,
95,
95,
97,
99,
100,
101,
102,
103,
105,
107,
110,
111,
112,
112,
111,
111,
111,
112,
112,
113,
113,
113,
113,
113,
113,
113,
113,
113,
113,
112,
111,
109,
108,
107,
106,
106,
105,
106,
106,
107,
106,
106,
105,
104,
103,
104,
106,
108,
110,
112,
113,
115,
118,
120,
121,
121,
121,
122,
123,
125,
129,
133,
137,
139,
141,
142,
144,
147,
152,
158,
163,
168,
171,
173,
175,
176,
178,
180,
183,
185,
186,
187,
188,
189,
190,
190,
190,
188,
186,
184,
183,
183,
185,
188,
190,
191,
191,
189,
187,
186,
186,
187,
188,
188,
187,
183,
179,
176,
174,
173,
173,
172,
171,
168,
166,
164,
163,
163,
164,
164,
162,
159,
156,
154,
154,
156,
157,
159,
160,
162,
164,
167,
170,
174,
178,
180,
181,
182,
182,
183,
185,
189,
193,
197,
200,
202,
205,
208,
210,
212,
213,
213,
214,
216,
218,
219,
219,
218,
217,
215,
214,
213,
211,
208,
205,
202,
199,
197,
195,
193,
190,
186,
180,
174,
168,
163,
159,
156,
153,
148,
143,
137,
132,
129,
127,
126,
126,
126,
126,
125,
125,
125,
125,
128,
130,
131,
131,
130,
129,
131,
134,
138,
142,
145,
146,
147,
147,
147,
148,
149,
149,
149,
147,
144,
141,
139,
139,
140,
139,
136,
132,
128,
124,
122,
120,
120,
119,
117,
114,
111,
108,
106,
105,
105,
105,
105,
105,
106,
106,
106,
108,
110,
111,
113,
114,
114,
115,
116,
117,
119,
121,
121,
122,
122,
122,
122,
122,
123,
124,
124,
125,
126,
127,
129,
130,
130,
131,
131,
130,
129,
129,
128,
128,
127,
127,
127,
127,
127,
128,
127,
126,
124,
122,
120,
119,
118,
118,
117,
116,
116,
117,
118,
120,
121,
121,
122,
124,
127,
132,
137,
143,
148,
152,
155,
156,
159,
163,
168,
173,
179,
184,
188,
191,
193,
195,
197,
198,
199,
200,
202,
202,
203,
203,
203,
203,
202,
199,
197,
196,
195,
196,
198,
202,
203,
204,
203,
200,
197,
194,
192,
191,
191,
192,
191,
189,
187,
184,
183,
181,
180,
177,
173,
166,
161,
154,
151,
147,
146,
142,
141,
136,
134,
151,
