132,
134,
135,
137,
138,
139,
141,
142,
144,
145,
146,
147,
148,
148,
149,
149,
150,
151,
152,
152,
153,
153,
154,
154,
155,
155,
156,
156,
157,
157,
158,
158,
158,
159,
160,
161,
162,
162,
163,
163,
163,
163,
164,
164,
165,
165,
165,
165,
165,
165,
165,
164,
164,
164,
164,
163,
163,
163,
162,
162,
161,
160,
159,
159,
158,
157,
156,
156,
155,
154,
153,
153,
152,
151,
150,
150,
149,
148,
147,
147,
146,
146,
145,
145,
145,
145,
145,
145,
146,
146,
146,
147,
147,
147,
148,
148,
149,
150,
151,
151,
152,
153,
154,
155,
156,
157,
159,
160,
161,
163,
164,
165,
166,
167,
168,
169,
170,
171,
171,
172,
173,
173,
174,
174,
174,
175,
176,
176,
177,
177,
178,
178,
178,
179,
179,
179,
178,
177,
175,
172,
169,
166,
163,
161,
159,
156,
153,
151,
148,
145,
142,
139,
136,
132,
129,
126,
123,
121,
119,
117,
114,
111,
107,
104,
102,
100,
100,
100,
100,
99,
97,
95,
93,
91,
90,
89,
89,
89,
89,
89,
88,
87,
86,
85,
84,
84,
85,
85,
85,
84,
84,
84,
85,
85,
85,
85,
85,
85,
85,
85,
85,
84,
83,
83,
83,
83,
83,
83,
83,
83,
82,
82,
82,
82,
82,
82,
81,
81,
80,
80,
80,
80,
80,
80,
80,
79,
80,
80,
80,
81,
82,
82,
83,
84,
85,
86,
88,
88,
90,
91,
93,
94,
96,
98,
100,
102,
104,
106,
108,
110,
112,
114,
117,
118,
121,
123,
124,
126,
128,
130,
131,
133,
135,
137,
139,
141,
143,
145,
146,
148,
150,
151,
153,
154,
155,
157,
158,
159,
160,
161,
162,
163,
164,
164,
165,
165,
166,
167,
168,
169,
169,
170,
170,
170,
171,
171,
172,
172,
172,
172,
172,
172,
172,
172,
172,
172,
171,
171,
170,
169,
169,
168,
167,
166,
165,
165,
164,
162,
161,
159,
158,
157,
156,
155,
154,
153,
152,
151,
150,
149,
148,
148,
147,
146,
145,
145,
145,
145,
145,
145,
145,
145,
146,
146,
147,
147,
148,
149,
150,
152,
153,
156,
157,
159,
160,
162,
163,
165,
167,
168,
170,
172,
175,
177,
180,
183,
186,
189,
192,
193,
194,
195,
195,
195,
194,
192,
191,
190,
189,
187,
186,
183,
180,
177,
174,
169,
165,
161,
158,
155,
154,
152,
151,
149,
147,
144,
140,
137,
134,
133,
132,
132,
131,
130,
128,
126,
123,
121,
119,
119,
118,
118,
118,
118,
118,
118,
118,
117,
116,
116,
116,
115,
115,
114,
113,
113,
112,
112,
112,
111,
111,
111,
110,
110,
109,
108,
106,
104,
102,
101,
100,
99,
98,
96,
95,
93,
92,
91,
90,
88,
86,
84,
82,
80,
78,
77,
75,
74,
72,
70,
68,
66,
65,
64,
63,
62,
61,
60,
60,
60,
59,
59,
59,
59,
59,
60,
61,
61,
62,
63,
64,
65,
66,
66,
68,
69,
70,
72,
73,
76,
78,
80,
83,
85,
88,
90,
92,
95,
98,
101,
104,
107,
111,
114,
117,
120,
123,
126,
129,
131,
134,
137,
140,
143,
145,
148,
151,
153,
156,
157,
159,
160,
162,
163,
164,
165,
166,
167,
168,
168,
169,
169,
169,
169,
169,
169,
169,
170,
170,
170,
169,
169,
168,
168,
167,
167,
167,
167,
167,
166,
166,
165,
164,
164,
163,
162,
162,
161,
161,
160,
159,
158,
157,
157,
156,
155,
154,
152,
152,
151,
150,
150,
149,
148,
147,
146,
145,
144,
143,
142,
141,
140,
140,
140,
140,
140,
140,
139,
139,
139,
140,
141,
142,
143,
144,
145,
146,
147,
148,
149,
150,
151,
151,
152,
152,
153,
154,
155,
156,
157,
157,
157,
158,
159,
160,
160,
160,
159,
159,
159,
159,
159,
159,
159,
159,
160,
160,
161,
161,
161,
160,
158,
155,
153,
153,
153,
153,
152,
150,
147,
144,
141,
138,
137,
136,
135,
135,
136,
136,
136,
136,
136,
135,
134,
134,
134,
135,
135,
135,
135,
135,
135,
136,
136,
136,
136,
137,
138,
139,
139,
138,
138,
137,
137,
137,
138,
138,
137,
137,
136,
135,
134,
134,
132,
131,
129,
128,
126,
124,
123,
121,
119,
116,
114,
111,
109,
106,
104,
101,
99,
97,
95,
93,
91,
89,
87,
85,
83,
81,
80,
79,
77,
75,
74,
72,
71,
70,
68,
67,
67,
66,
66,
65,
65,
64,
65,
65,
65,
66,
67,
67,
68,
69,
71,
72,
74,
76,
78,
79,
81,
83,
84,
86,
88,
90,
93,
95,
97,
99,
102,
104,
107,
109,
112,
115,
117,
120,
123,
126,
128,
130,
132,
134,
136,
139,
141,
143,
145,
146,
148,
150,
152,
153,
155,
156,
157,
158,
159,
160,
161,
162,
163,
164,
165,
166,
167,
168,
168,
169,
169,
171,
172,
172,
173,
174,
175,
175,
176,
176,
177,
177,
177,
177,
178,
178,
178,
178,
178,
178,
178,
177,
176,
175,
174,
173,
171,
170,
169,
167,
166,
165,
163,
161,
160,
158,
156,
154,
152,
151,
149,
147,
145,
143,
142,
140,
139,
137,
136,
134,
133,
132,
132,
131,
130,
128,
126,
124,
123,
123,
123,
122,
121,
120,
119,
118,
116,
115,
114,
114,
114,
115,
116,
117,
118,
118,
118,
117,
117,
118,
119,
120,
122,
123,
123,
122,
121,
120,
120,
120,
122,
122,
124,
125,
126,
127,
127,
128,
128,
128,
130,
131,
132,
133,
135,
136,
137,
138,
139,
140,
141,
142,
144,
146,
147,
149,
149,
149,
149,
150,
151,
152,
153,
152,
152,
151,
151,
150,
150,
149,
148,
146,
145,
143,
142,
142,
141,
139,
138,
136,
135,
133,
131,
129,
127,
126,
124,
123,
121,
119,
117,
115,
113,
111,
109,
107,
105,
103,
101,
99,
96,
94,
92,
91,
89,
88,
86,
85,
83,
82,
80,
79,
78,
77,
75,
74,
73,
72,
71,
70,
70,
70,
70,
69,
69,
69,
69,
68,
69,
70,
72,
73,
75,
78,
80,
83,
85,
87,
89,
91,
92,
93,
94,
96,
97,
99,
100,
101,
103,
104,
106,
108,
110,
112,
115,
117,
121,
124,
128,
132,
135,
137,
139,
141,
143,
145,
147,
150,
151,
154,
156,
159,
161,
163,
166,
168,
171,
173,
175,
178,
181,
183,
185,
187,
189,
190,
192,
193,
194,
195,
196,
197,
197,
198,
199,
199,
200,
199,
200,
199,
199,
198,
197,
196,
195,
195,
195,
195,
194,
194,
194,
193,
193,
192,
191,
190,
189,
188,
186,
185,
183,
181,
179,
177,
175,
173,
171,
169,
167,
163,
159,
155,
151,
148,
146,
145,
144,
142,
138,
132,
126,
121,
117,
112,
108,
104,
101,
99,
98,
97,
98,
100,
101,
102,
103,
104,
106,
109,
113,
115,
116,
118,
118,
119,
120,
122,
124,
127,
129,
130,
132,
133,
133,
134,
136,
139,
141,
144,
145,
146,
147,
148,
149,
151,
152,
154,
155,
157,
158,
159,
159,
158,
157,
157,
157,
158,
159,
158,
158,
157,
157,
156,
156,
155,
154,
153,
151,
150,
149,
148,
147,
146,
146,
144,
142,
140,
138,
136,
135,
133,
132,
131,
130,
129,
127,
126,
125,
124,
123,
122,
121,
121,
120,
120,
118,
117,
116,
114,
113,
111,
109,
106,
104,
102,
100,
98,
97,
96,
94,
93,
91,
89,
86,
84,
82,
80,
78,
76,
74,
72,
70,
67,
65,
63,
60,
57,
54,
52,
49,
47,
45,
43,
41,
40,
39,
38,
37,
37,
36,
36,
35,
35,
36,
36,
36,
37,
39,
40,
41,
43,
45,
47,
48,
51,
53,
55,
58,
60,
62,
65,
68,
70,
73,
75,
78,
81,
84,
87,
91,
94,
97,
100,
103,
106,
109,
112,
115,
119,
122,
125,
128,
132,
134,
137,
140,
142,
145,
147,
149,
151,
153,
156,
159,
162,
164,
167,
170,
173,
176,
179,
182,
186,
189,
192,
196,
199,
203,
206,
208,
211,
213,
215,
217,
219,
220,
222,
223,
225,
225,
225,
226,
227,
228,
228,
228,
227,
225,
224,
223,
222,
220,
218,
214,
209,
205,
202,
198,
193,
188,
184,
180,
176,
171,
167,
163,
159,
154,
151,
148,
147,
146,
146,
145,
144,
141,
137,
134,
132,
131,
131,
132,
132,
133,
134,
134,
135,
135,
135,
135,
135,
136,
137,
139,
141,
143,
145,
147,
148,
150,
152,
155,
158,
162,
166,
169,
171,
172,
174,
175,
178,
180,
182,
184,
184,
184,
184,
184,
185,
185,
185,
184,
182,
181,
180,
179,
177,
177,
175,
174,
173,
171,
169,
167,
166,
165,
164,
163,
162,
161,
160,
159,
157,
156,
155,
154,
153,
151,
150,
148,
146,
144,
142,
141,
140,
138,
137,
135,
133,
133,
131,
130,
129,
129,
128,
127,
126,
125,
124,
123,
122,
121,
120,
119,
118,
116,
113,
110,
107,
105,
103,
101,
98,
95,
93,
89,
86,
83,
80,
77,
74,
71,
68,
66,
63,
60,
57,
54,
51,
48,
46,
42,
40,
37,
34,
32,
29,
27,
25,
24,
23,
21,
20,
20,
19,
19,
20,
20,
21,
22,
22,
24,
25,
27,
30,
32,
35,
37,
40,
43,
46,
49,
53,
56,
60,
63,
66,
70,
73,
77,
81,
85,
89,
93,
96,
100,
103,
106,
110,
113,
116,
119,
123,
125,
128,
131,
134,
137,
139,
143,
146,
148,
151,
153,
156,
159,
161,
164,
166,
168,
170,
172,
174,
176,
178,
180,
181,
183,
185,
186,
186,
186,
185,
184,
184,
185,
187,
187,
187,
186,
185,
184,
184,
184,
184,
184,
183,
182,
181,
180,
178,
176,
173,
170,
167,
165,
164,
163,
162,
159,
156,
152,
148,
144,
141,
139,
136,
134,
132,
131,
130,
128,
127,
125,
124,
124,
126,
129,
132,
135,
137,
140,
142,
143,
143,
144,
146,
149,
153,
157,
161,
163,
165,
166,
167,
168,
169,
171,
172,
172,
173,
174,
177,
180,
182,
185,
187,
188,
190,
191,
192,
193,
195,
197,
199,
200,
201,
202,
202,
203,
203,
202,
202,
201,
200,
199,
198,
197,
197,
196,
195,
194,
192,
190,
188,
186,
184,
183,
182,
182,
181,
180,
178,
175,
174,
172,
171,
169,
167,
166,
163,
162,
160,
158,
156,
155,
154,
153,
152,
152,
151,
151,
150,
150,
149,
149,
148,
147,
145,
143,
141,
139,
137,
135,
133,
130,
127,
124,
121,
117,
113,
110,
106,
103,
101,
99,
96,
93,
90,
87,
83,
79,
76,
72,
68,
64,
60,
55,
51,
47,
43,
38,
34,
30,
26,
22,
19,
17,
15,
12,
11,
10,
8,
6,
6,
5,
5,
5,
5,
6,
7,
9,
11,
13,
15,
18,
21,
24,
27,
30,
33,
37,
41,
45,
49,
53,
58,
62,
66,
70,
75,
80,
85,
90,
95,
101,
106,
110,
115,
119,
123,
128,
132,
136,
140,
143,
146,
149,
151,
153,
155,
157,
159,
161,
162,
163,
163,
163,
164,
165,
167,
169,
170,
170,
170,
169,
169,
169,
169,
170,
170,
170,
171,
172,
174,
175,
176,
177,
177,
178,
180,
183,
186,
188,
188,
188,
186,
185,
185,
185,
186,
186,
185,
184,
182,
181,
180,
178,
176,
173,
170,
167,
164,
160,
157,
153,
149,
144,
139,
134,
131,
129,
129,
129,
128,
127,
125,
123,
122,
121,
122,
124,
125,
126,
126,
127,
129,
131,
134,
136,
137,
138,
139,
140,
140,
142,
144,
145,
147,
148,
149,
149,
150,
151,
154,
156,
158,
161,
163,
165,
167,
169,
172,
175,
179,
182,
186,
188,
189,
190,
190,
192,
192,
194,
195,
196,
196,
196,
195,
195,
194,
194,
194,
194,
194,
193,
192,
190,
189,
189,
188,
187,
187,
187,
186,
186,
185,
184,
183,
182,
181,
180,
179,
177,
176,
175,
173,
172,
171,
169,
168,
167,
166,
165,
164,
163,
161,
160,
159,
158,
158,
157,
156,
154,
153,
151,
149,
147,
144,
142,
140,
137,
135,
133,
131,
129,
126,
124,
121,
117,
114,
111,
107,
104,
101,
97,
93,
89,
84,
79,
74,
70,
65,
60,
55,
50,
45,
40,
35,
31,
27,
23,
20,
16,
13,
11,
9,
8,
6,
5,
5,
4,
4,
5,
6,
8,
10,
12,
15,
18,
21,
25,
28,
33,
38,
42,
47,
52,
57,
62,
68,
73,
79,
84,
89,
95,
100,
106,
111,
115,
120,
123,
125,
129,
133,
137,
141,
144,
146,
146,
147,
147,
147,
147,
147,
146,
145,
145,
144,
143,
143,
142,
140,
139,
137,
137,
138,
140,
140,
141,
140,
138,
137,
136,
137,
137,
138,
138,
139,
140,
141,
142,
143,
143,
143,
144,
146,
148,
149,
151,
152,
153,
154,
154,
154,
155,
155,
156,
157,
157,
156,
153,
151,
148,
146,
145,
144,
142,
138,
135,
132,
130,
129,
128,
127,
126,
125,
123,
122,
121,
121,
122,
123,
125,
126,
127,
128,
129,
131,
133,
136,
138,
141,
144,
146,
148,
150,
153,
156,
158,
159,
161,
162,
163,
165,
167,
170,
173,
176,
178,
181,
184,
186,
189,
191,
194,
197,
200,
202,
204,
206,
207,
208,
208,
208,
208,
207,
207,
206,
204,
203,
201,
199,
197,
195,
193,
191,
188,
186,
183,
181,
179,
177,
175,
173,
171,
169,
168,
166,
164,
162,
160,
159,
157,
156,
154,
153,
152,
151,
150,
149,
148,
148,
147,
146,
145,
143,
142,
141,
140,
140,
139,
137,
136,
135,
133,
132,
131,
130,
128,
126,
124,
122,
119,
117,
115,
113,
111,
108,
106,
104,
102,
100,
97,
95,
94,
94,
94,
95,
97,
96,
93,
88,
82,
76,
71,
66,
61,
55,
50,
44,
38,
33,
27,
23,
19,
16,
14,
13,
12,
11,
10,
9,
9,
10,
11,
12,
14,
15,
17,
19,
21,
24,
29,
32,
37,
42,
48,
54,
61,
70,
80,
88,
95,
101,
106,
112,
119,
126,
132,
138,
143,
148,
152,
157,
160,
163,
164,
165,
166,
167,
170,
174,
178,
180,
179,
176,
173,
171,
170,
169,
168,
166,
164,
162,
162,
163,
163,
161,
160,
159,
159,
158,
157,
157,
157,
158,
159,
159,
158,
158,
158,
158,
160,
162,
162,
162,
162,
162,
162,
164,
166,
169,
171,
173,
175,
178,
180,
181,
182,
183,
183,
181,
178,
176,
173,
172,
170,
168,
165,
162,
158,
155,
152,
150,
147,
145,
143,
140,
138,
135,
132,
129,
127,
126,
126,
126,
125,
124,
123,
123,
124,
124,
126,
128,
129,
131,
132,
134,
135,
136,
138,
141,
143,
145,
147,
149,
150,
151,
153,
154,
156,
158,
159,
160,
161,
161,
162,
162,
162,
162,
163,
163,
163,
162,
161,
161,
160,
160,
160,
160,
159,
158,
158,
157,
156,
155,
154,
152,
151,
150,
149,
147,
146,
144,
142,
140,
138,
136,
135,
133,
131,
129,
128,
126,
124,
122,
121,
120,
118,
117,
115,
114,
113,
111,
110,
108,
107,
106,
105,
104,
102,
101,
100,
99,
98,
97,
95,
94,
93,
93,
92,
91,
89,
88,
86,
84,
83,
81,
80,
78,
77,
76,
75,
74,
73,
72,
71,
71,
70,
69,
69,
68,
67,
67,
65,
63,
61,
59,
58,
56,
54,
52,
50,
47,
44,
42,
41,
40,
39,
38,
37,
36,
35,
35,
35,
36,
37,
37,
37,
37,
37,
37,
38,
40,
41,
42,
44,
45,
47,
50,
53,
55,
58,
61,
65,
70,
77,
84,
90,
96,
101,
107,
112,
118,
125,
133,
139,
144,
149,
154,
159,
164,
168,
172,
176,
178,
182,
185,
187,
189,
192,
194,
197,
198,
200,
203,
206,
210,
212,
214,
215,
215,
216,
217,
219,
221,
223,
224,
225,
225,
226,
227,
228,
229,
229,
229,
228,
228,
227,
228,
228,
228,
228,
227,
227,
226,
226,
225,
224,
224,
224,
223,
221,
219,
217,
214,
211,
209,
207,
204,
201,
197,
194,
191,
188,
185,
181,
178,
174,
171,
168,
165,
164,
162,
161,
160,
161,
161,
162,
163,
164,
165,
166,
168,
171,
174,
176,
178,
180,
182,
184,
185,
187,
189,
191,
192,
193,
194,
194,
194,
194,
193,
194,
194,
194,
194,
193,
192,
191,
189,
188,
187,
185,
183,
181,
179,
177,
175,
173,
171,
169,
166,
164,
162,
160,
158,
155,
152,
150,
148,
146,
144,
143,
140,
138,
136,
134,
131,
129,
127,
125,
123,
120,
118,
116,
113,
111,
108,
104,
99,
96,
92,
89,
86,
82,
79,
76,
73,
71,
69,
67,
65,
64,
63,
61,
61,
61,
60,
60,
60,
61,
62,
63,
64,
64,
65,
66,
66,
67,
67,
67,
67,
66,
66,
65,
64,
64,
62,
61,
59,
58,
58,
58,
57,
55,
53,
51,
49,
47,
46,
44,
41,
38,
34,
29,
24,
20,
17,
13,
8,
4,
1,
0,
0,
1,
1,
0,
0,
1,
0,
0,
0,
0,
0,
0,
0,
1,
1,
0,
1,
0,
0,
1,
1,
4,
10,
14,
18,
22,
26,
30,
35,
41,
47,
54,
61,
67,
73,
79,
87,
94,
102,
110,
118,
123,
128,
132,
137,
142,
147,
154,
159,
163,
165,
169,
172,
175,
179,
182,
185,
187,
187,
188,
189,
192,
196,
200,
204,
206,
208,
210,
211,
211,
212,
213,
215,
216,
217,
217,
217,
217,
218,
220,
221,
222,
223,
223,
224,
224,
224,
224,
223,
223,
223,
222,
220,
218,
216,
214,
218,
230,
239,
242,
247,
255,
255,
252,
245,
240,
242,
241,
239,
235,
232,
229,
224,
220,
216,
211,
208,
206,
203,
199,
196,
193,
192,
192,
192,
193,
195,
197,
199,
200,
201,
202,
204,
205,
207,
209,
210,
209,
207,
207,
205,
203,
202,
201,
200,
199,
199,
199,
198,
199,
200,
201,
202,
204,
204,
204,
204,
205,
205,
205,
206,
207,
207,
206,
206,
205,
204,
203,
201,
199,
197,
195,
192,
190,
188,
186,
183,
181,
177,
174,
171,
166,
162,
159,
155,
152,
148,
145,
141,
138,
136,
132,
129,
126,
124,
122,
120,
116,
114,
114,
112,
108,
105,
104,
101,
99,
97,
96,
96,
96,
95,
93,
92,
91,
90,
89,
88,
86,
84,
82,
81,
78,
78,
78,
77,
76,
74,
71,
69,
67,
65,
63,
60,
58,
57,
54,
51,
48,
45,
43,
40,
37,
34,
32,
30,
25,
22,
17,
12,
8,
4,
2,
0,
1,
0,
0,
0,
0,
0,
0,
0,
0,
0,
0,
0,
0,
0,
0,
0,
1,
1,
4,
9,
14,
19,
24,
28,
32,
36,
41,
47,
52,
58,
63,
67,
72,
79,
86,
92,
97,
103,
108,
113,
118,
122,
126,
130,
134,
138,
140,
143,
145,
147,
149,
151,
154,
155,
157,
157,
158,
158,
159,
160,
160,
161,
161,
162,
162,
162,
162,
162,
162,
162,
162,
162,
162,
162,
163,
163,
164,
164,
165,
166,
166,
167,
167,
168,
168,
169,
169,
168,
169,
171,
175,
177,
177,
178,
179,
181,
183,
183,
184,
185,
187,
187,
186,
188,
188,
189,
190,
190,
187,
183,
181,
180,
179,
176,
173,
171,
168,
166,
164,
162,
161,
159,
158,
158,
157,
157,
157,
157,
159,
161,
163,
166,
169,
172,
174,
177,
180,
183,
186,
188,
191,
193,
194,
194,
195,
197,
199,
200,
200,
201,
202,
202,
203,
204,
204,
205,
205,
205,
207,
208,
208,
209,
208,
207,
208,
208,
208,
208,
207,
207,
205,
204,
203,
202,
201,
200,
198,
196,
195,
193,
192,
191,
190,
189,
187,
184,
182,
182,
180,
178,
177,
175,
173,
171,
170,
168,
165,
162,
159,
157,
153,
150,
148,
146,
143,
139,
136,
132,
129,
128,
129,
127,
125,
123,
121,
120,
119,
117,
116,
114,
112,
109,
107,
106,
104,
103,
101,
97,
92,
88,
86,
84,
81,
78,
74,
70,
67,
65,
63,
61,
60,
58,
54,
51,
50,
49,
47,
47,
45,
42,
39,
37,
35,
32,
30,
29,
27,
24,
21,
18,
16,
15,
15,
15,
14,
13,
12,
12,
13,
14,
15,
15,
16,
17,
18,
20,
22,
24,
27,
30,
32,
34,
36,
38,
40,
44,
48,
52,
56,
60,
62,
66,
69,
74,
79,
83,
86,
89,
92,
94,
97,
100,
104,
107,
111,
114,
117,
119,
121,
124,
127,
129,
131,
134,
137,
138,
140,
141,
143,
145,
146,
147,
148,
149,
150,
152,
155,
158,
160,
162,
165,
167,
168,
171,
173,
175,
176,
178,
180,
182,
184,
185,
186,
187,
187,
186,
185,
186,
190,
192,
191,
191,
192,
192,
192,
192,
191,
192,
192,
192,
192,
191,
192,
192,
190,
186,
183,
181,
179,
176,
174,
171,
168,
165,
162,
159,
155,
153,
150,
148,
146,
145,
144,
144,
144,
145,
146,
147,
149,
151,
153,
156,
158,
161,
164,
166,
169,
171,
172,
172,
172,
173,
174,
174,
175,
176,
177,
178,
178,
178,
179,
180,
180,
180,
180,
180,
182,
184,
187,
189,
190,
193,
195,
196,
197,
198,
199,
199,
199,
198,
198,
198,
198,
197,
195,
193,
192,
191,
189,
188,
186,
183,
181,
178,
176,
174,
173,
170,
167,
164,
161,
157,
153,
150,
146,
141,
136,
132,
129,
125,
120,
116,
110,
104,
99,
96,
96,
95,
93,
90,
88,
85,
84,
83,
81,
79,
80,
84,
87,
89,
89,
88,
88,
88,
88,
87,
86,
89,
91,
93,
93,
92,
91,
88,
87,
86,
85,
83,
81,
79,
77,
75,
73,
72,
71,
70,
67,
65,
63,
61,
59,
58,
56,
55,
53,
50,
47,
45,
43,
42,
41,
41,
42,
41,
41,
41,
41,
41,
42,
42,
43,
45,
48,
51,
53,
56,
59,
62,
65,
68,
71,
73,
76,
79,
82,
86,
89,
93,
96,
99,
102,
104,
106,
108,
111,
115,
117,
119,
122,
124,
126,
128,
131,
133,
136,
138,
140,
142,
144,
146,
147,
150,
151,
153,
154,
155,
157,
158,
159,
160,
161,
162,
163,
164,
165,
166,
167,
168,
168,
168,
169,
169,
170,
170,
170,
170,
169,
169,
168,
169,
170,
171,
172,
172,
173,
173,
173,
173,
173,
174,
174,
174,
174,
175,
176,
177,
179,
180,
181,
180,
178,
176,
175,
174,
173,
173,
172,
171,
169,
167,
165,
163,
161,
161,
160,
159,
158,
157,
156,
156,
156,
156,
157,
158,
160,
161,
163,
164,
166,
167,
169,
170,
172,
173,
175,
176,
177,
178,
179,
179,
179,
180,
181,
181,
182,
183,
183,
183,
182,
182,
182,
182,
182,
181,
180,
180,
179,
178,
176,
174,
173,
172,
171,
169,
167,
165,
163,
161,
159,
157,
154,
151,
148,
145,
142,
139,
136,
133,
129,
126,
123,
121,
119,
116,
114,
113,
111,
109,
108,
106,
105,
103,
101,
99,
97,
95,
94,
93,
91,
89,
88,
87,
88,
90,
92,
94,
94,
94,
94,
94,
94,
95,
98,
100,
102,
102,
103,
103,
104,
106,
107,
107,
106,
105,
103,
101,
99,
98,
97,
95,
93,
90,
87,
84,
82,
80,
79,
77,
76,
74,
72,
70,
69,
68,
67,
66,
64,
62,
59,
57,
55,
53,
52,
51,
51,
50,
49,
47,
46,
45,
45,
46,
46,
48,
49,
51,
53,
55,
57,
59,
62,
65,
68,
70,
73,
75,
77,
80,
83,
85,
88,
91,
94,
97,
100,
103,
106,
110,
114,
117,
121,
124,
127,
130,
133,
136,
139,
142,
144,
146,
149,
152,
154,
156,
158,
160,
162,
163,
164,
164,
164,
165,
165,
165,
164,
165,
166,
166,
166,
166,
167,
166,
166,
167,
167,
169,
171,
172,
174,
175,
176,
177,
178,
180,
181,
183,
184,
186,
187,
189,
191,
194,
196,
199,
200,
201,
201,
202,
202,
203,
205,
206,
207,
207,
208,
209,
210,
210,
209,
207,
206,
204,
202,
201,
200,
199,
197,
196,
194,
191,
189,
187,
185,
184,
182,
181,
179,
178,
177,
177,
177,
177,
177,
177,
177,
177,
178,
179,
179,
180,
181,
181,
181,
181,
180,
180,
179,
179,
177,
175,
174,
172,
171,
170,
168,
166,
163,
159,
156,
152,
149,
146,
143,
140,
137,
133,
131,
129,
127,
125,
122,
120,
119,
119,
119,
119,
119,
117,
116,
116,
116,
116,
116,
116,
116,
116,
115,
115,
117,
118,
120,
122,
122,
121,
121,
121,
122,
123,
122,
119,
115,
111,
108,
105,
103,
100,
97,
95,
92,
89,
88,
86,
85,
85,
84,
84,
84,
84,
84,
84,
85,
86,
86,
86,
85,
84,
83,
82,
81,
82,
82,
82,
81,
81,
80,
79,
79,
78,
78,
77,
76,
74,
72,
70,
69,
67,
67,
67,
67,
66,
66,
65,
64,
63,
62,
62,
61,
60,
58,
57,
56,
55,
55,
55,
55,
55,
55,
55,
54,
55,
55,
56,
57,
58,
60,
62,
64,
65,
67,
69,
70,
72,
74,
76,
78,
80,
83,
85,
88,
90,
93,
95,
98,
101,
103,
106,
108,
111,
113,
116,
119,
121,
124,
127,
130,
133,
135,
137,
139,
142,
144,
146,
148,
150,
152,
154,
155,
156,
157,
158,
159,
160,
161,
162,
163,
164,
165,
166,
168,
169,
170,
171,
172,
173,
174,
175,
177,
178,
179,
180,
181,
181,
181,
182,
184,
188,
192,
194,
195,
196,
196,
195,
195,
195,
196,
198,
200,
201,
202,
203,
204,
204,
203,
203,
201,
200,
200,
199,
197,
196,
194,
193,
191,
191,
190,
189,
188,
186,
185,
184,
183,
183,
182,
182,
181,
180,
179,
179,
179,
179,
178,
178,
177,
177,
177,
177,
177,
176,
175,
174,
173,
173,
172,
172,
170,
168,
165,
163,
162,
162,
161,
159,
156,
153,
151,
150,
149,
150,
151,
152,
153,
154,
154,
156,
158,
160,
162,
163,
164,
164,
165,
167,
169,
170,
171,
171,
170,
170,
170,
171,
170,
169,
166,
164,
160,
157,
155,
152,
150,
148,
145,
141,
136,
132,
128,
125,
122,
120,
117,
115,
112,
109,
107,
105,
104,
102,
100,
99,
96,
94,
92,
90,
89,
88,
88,
87,
87,
86,
86,
86,
85,
84,
84,
85,
85,
85,
86,
85,
86,
86,
87,
88,
88,
88,
88,
87,
86,
85,
84,
83,
82,
81,
80,
79,
77,
75,
74,
72,
70,
69,
68,
67,
66,
66,
64,
63,
61,
60,
59,
58,
57,
57,
57,
57,
56,
56,
55,
55,
56,
57,
58,
58,
58,
59,
59,
60,
61,
63,
64,
65,
67,
68,
69,
71,
73,
74,
76,
78,
80,
81,
84,
86,
88,
91,
93,
96,
98,
100,
102,
104,
107,
109,
112,
114,
116,
119,
121,
123,
125,
127,
129,
131,
132,
133,
134,
136,
136,
137,
138,
139,
140,
141,
142,
143,
144,
146,
147,
148,
148,
150,
152,
153,
156,
158,
161,
163,
165,
167,
169,
170,
172,
174,
176,
178,
179,
182,
185,
187,
190,
192,
194,
196,
197,
197,
197,
197,
198,
199,
200,
201,
201,
202,
203,
203,
203,
203,
203,
202,
201,
199,
197,
195,
192,
190,
187,
184,
181,
179,
176,
173,
170,
168,
165,
164,
163,
162,
162,
161,
160,
160,
161,
162,
164,
166,
168,
169,
171,
172,
174,
176,
178,
179,
180,
180,
180,
182,
184,
187,
189,
190,
189,
189,
190,
191,
191,
192,
192,
191,
190,
189,
189,
188,
187,
186,
184,
182,
181,
179,
177,
176,
176,
175,
173,
172,
170,
168,
166,
164,
162,
160,
158,
156,
154,
151,
149,
147,
146,
144,
142,
141,
139,
136,
134,
133,
131,
131,
130,
130,
129,
128,
128,
127,
126,
126,
126,
126,
126,
125,
124,
122,
121,
120,
119,
118,
117,
116,
115,
114,
113,
112,
112,
111,
110,
110,
109,
109,
109,
108,
108,
107,
106,
104,
103,
101,
100,
98,
97,
95,
93,
91,
89,
88,
86,
84,
82,
80,
78,
76,
75,
74,
73,
73,
71,
71,
69,
68,
66,
63,
62,
60,
59,
58,
57,
56,
55,
53,
53,
52,
52,
52,
52,
52,
52,
52,
52,
53,
54,
55,
56,
58,
60,
61,
63,
65,
67,
69,
71,
73,
75,
77,
78,
80,
82,
85,
88,
90,
93,
95,
97,
98,
100,
102,
104,
107,
109,
111,
114,
115,
117,
119,
121,
123,
124,
126,
128,
129,
131,
132,
134,
135,
137,
138,
139,
140,
142,
144,
144,
145,
145,
146,
147,
148,
148,
149,
149,
149,
149,
148,
148,
148,
148,
148,
147,
146,
145,
145,
145,
144,
143,
141,
139,
137,
135,
134,
132,
131,
130,
130,
131,
132,
133,
133,
133,
133,
132,
132,
133,
134,
135,
136,
137,
139,
140,
144,
147,
150,
152,
153,
154,
155,
158,
162,
166,
169,
171,
171,
172,
174,
176,
178,
179,
180,
182,
183,
184,
185,
187,
188,
188,
186,
184,
182,
181,
180,
180,
180,
181,
181,
181,
181,
181,
180,
180,
181,
182,
182,
182,
182,
183,
183,
183,
184,
185,
184,
184,
183,
183,
182,
182,
183,
183,
183,
184,
184,
184,
183,
183,
183,
183,
184,
184,
183,
182,
181,
180,
178,
176,
174,
172,
170,
166,
163,
159,
156,
154,
153,
152,
150,
149,
147,
145,
144,
142,
139,
137,
136,
134,
132,
130,
128,
128,
126,
125,
124,
123,
122,
120,
118,
116,
114,
112,
109,
107,
105,
103,
101,
99,
97,
95,
93,
92,
91,
91,
90,
88,
87,
85,
84,
83,
81,
80,
79,
78,
78,
77,
77,
76,
76,
75,
75,
75,
74,
73,
71,
69,
68,
66,
65,
64,
64,
64,
63,
62,
61,
61,
61,
61,
62,
62,
63,
64,
65,
65,
66,
67,
68,
69,
70,
71,
73,
74,
75,
77,
78,
80,
83,
85,
87,
89,
91,
94,
96,
98,
100,
102,
104,
106,
108,
110,
111,
113,
115,
117,
119,
120,
121,
122,
122,
123,
122,
122,
122,
122,
122,
122,
122,
122,
121,
121,
120,
120,
120,
120,
120,
119,
118,
118,
118,
117,
116,
116,
116,
116,
117,
117,
118,
118,
118,
118,
119,
120,
122,
123,
126,
129,
132,
135,
138,
142,
146,
150,
154,
156,
157,
160,
163,
167,
172,
175,
177,
179,
180,
183,
185,
188,
191,
192,
193,
193,
193,
194,
194,
193,
192,
190,
189,
187,
185,
185,
185,
185,
185,
185,
184,
182,
180,
178,
177,
177,
177,
177,
177,
176,
176,
175,
175,
175,
175,
174,
174,
172,
172,
172,
173,
174,
176,
177,
179,
180,
181,
182,
182,
184,
186,
188,
191,
192,
194,
194,
194,
194,
194,
194,
194,
193,
192,
191,
189,
188,
186,
184,
183,
181,
179,
177,
175,
173,
171,
170,
168,
166,
164,
162,
160,
159,
157,
156,
154,
153,
151,
149,
148,
146,
145,
143,
141,
139,
137,
135,
133,
131,
130,
128,
127,
125,
124,
123,
122,
121,
119,
118,
116,
115,
113,
112,
111,
110,
109,
108,
107,
106,
106,
104,
104,
103,
102,
101,
100,
99,
98,
97,
96,
95,
94,
92,
91,
90,
88,
87,
85,
84,
83,
81,
80,
78,
77,
75,
73,
72,
70,
69,
68,
67,
66,
65,
64,
63,
62,
62,
62,
61,
61,
61,
61,
62,
62,
63,
64,
65,
66,
67,
68,
70,
71,
73,
75,
76,
78,
79,
81,
82,
85,
87,
88,
90,
91,
92,
93,
94,
95,
95,
96,
97,
97,
97,
97,
98,
99,
100,
100,
101,
101,
100,
98,
94,
91,
88,
87,
86,
86,
86,
86,
86,
87,
87,
88,
89,
90,
91,
92,
93,
95,
97,
101,
107,
111,
114,
117,
118,
121,
124,
130,
136,
141,
145,
148,
151,
154,
157,
160,
162,
162,
164,
165,
166,
167,
168,
169,
169,
169,
167,
166,
164,
163,
161,
160,
159,
158,
157,
156,
154,
153,
152,
151,
151,
150,
149,
149,
150,
150,
151,
151,
152,
154,
155,
156,
157,
158,
159,
160,
161,
162,
163,
163,
164,
165,
166,
167,
170,
172,
175,
177,
178,
179,
181,
182,
183,
184,
185,
185,
186,
186,
187,
187,
188,
189,
189,
190,
190,
190,
191,
191,
191,
192,
191,
191,
190,
190,
189,
188,
187,
186,
186,
185,
184,
183,
182,
182,
180,
179,
178,
177,
176,
175,
175,
174,
174,
173,
172,
171,
169,
168,
167,
165,
165,
163,
162,
161,
159,
157,
156,
154,
152,
149,
147,
146,
144,
143,
141,
139,
137,
136,
134,
133,
132,
132,
131,
131,
130,
130,
129,
128,
127,
125,
124,
124,
123,
122,
121,
121,
119,
118,
116,
115,
114,
112,
111,
109,
107,
105,
104,
102,
101,
99,
97,
95,
94,
94,
93,
93,
93,
92,
92,
92,
92,
92,
92,
91,
91,
90,
90,
89,
88,
87,
86,
85,
84,
84,
84,
84,
84,
84,
84,
84,
85,
85,
85,
85,
86,
86,
86,
86,
86,
85,
84,
82,
81,
80,
79,
78,
77,
76,
74,
73,
72,
71,
70,
69,
67,
65,
64,
64,
64,
65,
66,
67,
68,
69,
72,
74,
77,
80,
81,
81,
83,
85,
90,
95,
100,
103,
105,
107,
110,
113,
116,
119,
121,
123,
125,
127,
130,
132,
133,
133,
133,
132,
132,
131,
131,
132,
132,
132,
132,
132,
130,
130,
129,
129,
129,
129,
129,
129,
129,
129,
130,
132,
133,
134,
135,
137,
139,
140,
142,
144,
146,
148,
149,
150,
152,
154,
156,
159,
161,
164,
166,
169,
171,
173,
175,
177,
179,
180,
182,
184,
185,
186,
186,
186,
186,
186,
186,
186,
186,
187,
187,
187,
186,
186,
185,
184,
184,
184,
184,
184,
184,
184,
183,
183,
182,
181,
180,
180,
180,
179,
179,
178,
178,
178,
178,
178,
178,
178,
178,
177,
177,
177,
176,
176,
175,
175,
174,
174,
174,
174,
174,
174,
174,
173,
173,
172,
171,
170,
168,
167,
166,
165,
164,
164,
162,
161,
160,
159,
158,
157,
157,
156,
155,
153,
152,
150,
149,
147,
146,
145,
145,
144,
143,
142,
141,
140,
139,
138,
137,
136,
134,
133,
132,
130,
130,
129,
129,
127,
127,
126,
126,
125,
125,
124,
123,
123,
122,
121,
121,
121,
121,
120,
120,
120,
119,
119,
119,
119,
118,
118,
117,
116,
116,
116,
115,
115,
114,
113,
111,
109,
107,
105,
103,
102,
100,
98,
95,
93,
91,
89,
87,
84,
83,
81,
80,
78,
76,
74,
72,
70,
67,
65,
64,
63,
63,
63,
62,
63,
64,
66,
68,
70,
71,
71,
71,
72,
76,
80,
85,
88,
89,
91,
94,
98,
101,
105,
107,
109,
111,
112,
115,
117,
118,
118,
118,
117,
117,
116,
115,
115,
115,
116,
116,
116,
116,
115,
114,
114,
113,
113,
112,
111,
110,
109,
109,
110,
111,
112,
113,
113,
114,
115,
117,
118,
120,
123,
126,
128,
131,
133,
135,
138,
141,
144,
148,
151,
153,
156,
158,
160,
161,
162,
164,
166,
168,
169,
170,
171,
172,
173,
173,
172,
171,
171,
170,
169,
169,
168,
166,
164,
162,
161,
159,
159,
158,
159,
159,
159,
159,
160,
160,
160,
161,
161,
162,
162,
163,
164,
165,
165,
166,
166,
166,
166,
167,
167,
168,
169,
170,
171,
171,
171,
172,
172,
173,
173,
174,
174,
175,
175,
176,
176,
176,
176,
176,
175,
175,
174,
174,
173,
172,
171,
170,
169,
169,
168,
167,
167,
167,
167,
166,
165,
164,
163,
162,
161,
160,
160,
160,
159,
158,
158,
156,
155,
154,
153,
152,
150,
149,
147,
145,
144,
143,
141,
140,
138,
137,
135,
134,
133,
132,
132,
131,
131,
130,
130,
129,
129,
129,
128,
128,
128,
128,
128,
128,
128,
127,
127,
126,
126,
126,
126,
125,
124,
123,
122,
120,
119,
117,
114,
112,
110,
108,
106,
103,
101,
98,
96,
94,
92,
90,
87,
85,
83,
80,
78,
76,
74,
73,
71,
69,
67,
67,
67,
67,
68,
67,
65,
64,
64,
66,
69,
73,
76,
79,
81,
83,
85,
88,
91,
93,
94,
96,
98,
100,
103,
104,
104,
103,
102,
101,
101,
101,
101,
101,
100,
100,
98,
97,
96,
95,
94,
93,
92,
91,
89,
88,
87,
86,
86,
86,
85,
84,
84,
84,
84,
86,
87,
89,
91,
93,
96,
98,
101,
104,
106,
109,
112,
115,
117,
119,
121,
122,
124,
126,
128,
129,
131,
133,
134,
136,
138,
140,
142,
145,
147,
150,
152,
153,
154,
154,
154,
154,
154,
154,
154,
154,
153,
152,
151,
151,
151,
151,
151,
151,
151,
151,
150,
150,
150,
150,
151,
152,
153,
153,
154,
155,
156,
156,
156,
157,
157,
158,
159,
159,
160,
162,
163,
164,
165,
165,
166,
167,
167,
168,
169,
169,
170,
171,
172,
173,
173,
173,
172,
172,
172,
172,
172,
173,
173,
173,
173,
173,
173,
173,
173,
174,
174,
174,
173,
173,
172,
171,
171,
170,
170,
170,
169,
169,
169,
168,
168,
168,
167,
167,
166,
165,
163,
162,
161,
160,
159,
158,
157,
156,
156,
155,
155,
155,
154,
154,
153,
152,
151,
151,
151,
150,
150,
150,
150,
150,
150,
150,
150,
150,
150,
150,
150,
149,
149,
149,
149,
149,
148,
146,
144,
142,
140,
138,
136,
134,
131,
128,
126,
123,
120,
117,
115,
113,
110,
108,
106,
104,
103,
101,
99,
99,
99,
99,
100,
100,
99,
97,
96,
97,
100,
103,
105,
106,
107,
108,
111,
113,
115,
116,
117,
118,
119,
120,
121,
122,
121,
120,
119,
117,
115,
114,
113,
113,
113,
113,
113,
112,
111,
110,
109,
107,
107,
105,
104,
102,
100,
99,
98,
97,
97,
96,
95,
93,
92,
91,
91,
92,
94,
96,
97,
98,
99,
101,
103,
106,
109,
112,
115,
118,
120,
121,
123,
125,
127,
129,
130,
132,
133,
134,
135,
135,
135,
136,
137,
138,
139,
139,
139,
139,
139,
139,
138,
138,
137,
137,
137,
137,
137,
136,
136,
135,
134,
134,
133,
133,
132,
132,
131,
131,
132,
132,
132,
132,
131,
131,
132,
132,
133,
133,
133,
133,
134,
134,
134,
135,
136,
137,
138,
139,
140,
141,
142,
143,
144,
145,
146,
146,
147,
148,
149,
150,
150,
150,
150,
150,
150,
149,
149,
149,
149,
149,
149,
149,
149,
149,
149,
149,
149,
149,
149,
149,
149,
148,
147,
147,
147,
147,
147,
147,
147,
147,
147,
147,
146,
146,
145,
145,
144,
143,
141,
141,
140,
140,
140,
139,
139,
138,
138,
138,
138,
138,
138,
138,
137,
137,
137,
137,
137,
137,
136,
136,
136,
136,
136,
136,
136,
136,
136,
136,
136,
137,
138,
138,
139,
139,
138,
138,
137,
136,
134,
132,
131,
129,
126,
124,
122,
120,
118,
116,
113,
111,
109,
108,
106,
105,
105,
105,
105,
105,
104,
101,
98,
96,
95,
95,
96,
96,
96,
95,
96,
97,
99,
100,
101,
102,
103,
105,
107,
108,
109,
109,
109,
109,
108,
108,
107,
107,
106,
105,
105,
104,
103,
103,
101,
101,
100,
98,
97,
96,
96,
96,
96,
96,
96,
96,
95,
94,
94,
93,
93,
92,
92,
91,
92,
94,
96,
98,
101,
104,
107,
109,
112,
115,
117,
119,
121,
123,
125,
127,
129,
131,
133,
134,
136,
138,
139,
140,
141,
142,
143,
144,
143,
144,
144,
144,
144,
144,
144,
143,
143,
142,
142,
141,
141,
142,
142,
142,
142,
141,
141,
140,
140,
139,
139,
139,
140,
140,
140,
140,
140,
139,
139,
139,
139,
140,
140,
140,
140,
141,
142,
142,
143,
144,
144,
145,
146,
148,
149,
151,
152,
153,
155,
157,
158,
159,
160,
162,
163,
164,
164,
165,
165,
165,
164,
163,
163,
163,
163,
163,
163,
163,
163,
163,
162,
162,
162,
162,
162,
161,
159,
159,
158,
158,
158,
158,
159,
159,
159,
159,
159,
158,
158,
157,
155,
153,
151,
149,
146,
144,
142,
141,
139,
138,
137,
136,
135,
135,
135,
136,
137,
137,
138,
139,
140,
141,
141,
142,
142,
142,
142,
142,
142,
142,
143,
142,
142,
142,
141,
141,
141,
141,
140,
140,
139,
138,
136,
134,
131,
129,
126,
124,
121,
119,
116,
114,
112,
110,
108,
107,
105,
103,
101,
101,
100,
98,
96,
93,
91,
90,
90,
91,
91,
91,
90,
90,
91,
93,
94,
95,
95,
96,
97,
98,
100,
101,
101,
101,
101,
101,
101,
101,
101,
101,
102,
103,
103,
103,
102,
102,
101,
101,
101,
100,
99,
99,
98,
98,
99,
100,
101,
101,
101,
101,
100,
100,
100,
99,
99,
98,
98,
97,
99,
101,
104,
107,
109,
111,
113,
115,
116,
118,
120,
122,
124,
126,
128,
130,
131,
133,
134,
135,
137,
139,
141,
142,
143,
143,
144,
144,
145,
146,
146,
146,
147,
147,
148,
147,
147,
146,
145,
145,
144,
144,
143,
143,
142,
141,
140,
139,
139,
139,
139,
140,
140,
140,
140,
140,
140,
140,
140,
141,
142,
144,
145,
146,
147,
148,
149,
150,
151,
152,
153,
154,
155,
156,
157,
159,
160,
161,
162,
162,
163,
163,
164,
165,
166,
167,
167,
168,
168,
168,
168,
167,
167,
167,
167,
167,
167,
167,
167,
167,
167,
167,
167,
168,
167,
167,
166,
166,
165,
164,
164,
164,
163,
163,
163,
162,
162,
161,
160,
160,
159,
158,
157,
155,
154,
152,
152,
151,
151,
150,
149,
148,
147,
146,
146,
146,
145,
145,
145,
144,
144,
145,
145,
145,
145,
145,
146,
147,
147,
148,
148,
148,
147,
147,
147,
147,
147,
147,
147,
147,
146,
145,
143,
141,
138,
135,
132,
130,
128,
126,
123,
122,
120,
118,
117,
116,
115,
115,
115,
113,
111,
109,
107,
107,
106,
106,
104,
103,
102,
102,
102,
102,
103,
103,
103,
102,
102,
102,
102,
102,
102,
102,
101,
100,
99,
99,
99,
99,
100,
101,
100,
99,
98,
96,
95,
95,
94,
94,
94,
93,
93,
93,
92,
93,
93,
93,
94,
95,
95,
95,
94,
94,
94,
94,
94,
94,
93,
92,
92,
93,
94,
96,
97,
99,
100,
101,
103,
106,
109,
112,
115,
117,
120,
121,
122,
123,
124,
126,
127,
129,
130,
131,
131,
131,
131,
131,
131,
132,
133,
134,
134,
134,
134,
134,
134,
133,
132,
132,
131,
130,
130,
130,
130,
130,
129,
129,
128,
127,
127,
127,
127,
127,
127,
127,
128,
128,
128,
129,
130,
132,
133,
134,
135,
136,
137,
138,
139,
140,
141,
142,
144,
145,
147,
148,
150,
151,
153,
154,
155,
156,
157,
158,
160,
161,
162,
163,
164,
164,
164,
164,
164,
164,
164,
164,
164,
164,
164,
164,
164,
164,
165,
165,
165,
164,
164,
163,
163,
162,
162,
162,
162,
162,
162,
163,
163,
162,
162,
161,
161,
160,
159,
158,
157,
156,
155,
154,
154,
154,
153,
152,
152,
151,
151,
151,
151,
151,
151,
151,
151,
151,
152,
153,
153,
154,
155,
156,
157,
158,
159,
160,
160,
161,
161,
162,
162,
163,
163,
163,
162,
161,
160,
159,
156,
154,
151,
148,
146,
144,
141,
139,
138,
137,
136,
136,
136,
135,
133,
132,
132,
132,
132,
132,
132,
132,
132,
133,
132,
132,
131,
130,
129,
129,
128,
127,
125,
123,
121,
120,
119,
117,
116,
115,
114,
114,
114,
114,
113,
112,
110,
108,
107,
105,
103,
101,
101,
101,
101,
102,
103,
102,
101,
101,
100,
100,
99,
99,
98,
97,
96,
95,
94,
94,
94,
95,
95,
95,
96,
97,
98,
100,
102,
104,
106,
107,
109,
110,
111,
112,
113,
114,
115,
115,
116,
116,
117,
118,
118,
119,
120,
120,
120,
120,
120,
120,
120,
120,
120,
120,
120,
120,
119,
119,
118,
117,
116,
115,
114,
114,
114,
113,
113,
113,
112,
111,
110,
110,
109,
109,
109,
110,
110,
110,
111,
111,
111,
112,
113,
113,
115,
115,
116,
117,
118,
118,
119,
120,
121,
123,
124,
126,
128,
129,
131,
133,
135,
136,
138,
139,
140,
141,
142,
144,
145,
146,
147,
148,
148,
148,
148,
149,
149,
150,
151,
151,
151,
152,
151,
152,
153,
154,
154,
154,
154,
153,
153,
153,
153,
153,
153,
153,
153,
153,
153,
152,
152,
152,
152,
151,
151,
150,
148,
147,
146,
146,
146,
146,
145,
144,
144,
143,
144,
144,
144,
144,
144,
145,
145,
145,
146,
147,
148,
148,
149,
150,
151,
152,
152,
153,
154,
154,
155,
156,
156,
157,
156,
156,
156,
155,
154,
153,
152,
150,
148,
147,
145,
144,
143,
142,
142,
142,
142,
141,
141,
141,
141,
141,
141,
140,
140,
140,
141,
140,
139,
138,
136,
135,
133,
132,
130,
129,
127,
126,
124,
122,
121,
119,
119,
119,
119,
119,
119,
118,
118,
118,
117,
118,
117,
117,
115,
114,
113,
113,
112,
113,
112,
112,
111,
111,
110,
110,
110,
111,
112,
113,
114,
115,
116,
116,
117,
118,
119,
119,
120,
119,
118,
118,
118,
119,
120,
120,
120,
120,
120,
120,
119,
120,
121,
122,
122,
123,
123,
123,
124,
124,
124,
124,
125,
125,
126,
125,
125,
125,
124,
124,
124,
124,
124,
124,
123,
123,
123,
122,
121,
121,
120,
119,
119,
118,
118,
117,
116,
115,
114,
112,
112,
111,
112,
113,
114,
115,
116,
116,
116,
116,
116,
117,
117,
118,
118,
119,
119,
120,
121,
122,
123,
123,
124,
125,
127,
128,
130,
132,
133,
134,
135,
136,
137,
138,
139,
141,
142,
144,
145,
146,
145,
145,
146,
146,
146,
146,
147,
147,
147,
147,
147,
147,
148,
149,
149,
149,
149,
148,
147,
148,
147,
148,
148,
147,
148,
148,
148,
148,
148,
148,
148,
147,
146,
145,
144,
142,
140,
139,
139,
139,
139,
138,
138,
137,
137,
138,
138,
139,
139,
140,
141,
142,
143,
144,
145,
146,
147,
149,
151,
152,
153,
154,
154,
154,
154,
153,
154,
153,
153,
153,
152,
151,
150,
149,
147,
145,
143,
141,
140,
139,
138,
137,
136,
134,
133,
132,
132,
132,
130,
130,
129,
130,
129,
129,
129,
128,
128,
127,
126,
125,
123,
121,
119,
117,
116,
115,
114,
113,
112,
113,
113,
114,
115,
115,
114,
114,
114,
113,
113,
113,
112,
111,
111,
111,
111,
111,
112,
112,
113,
113,
114,
115,
115,
116,
117,
119,
120,
122,
124,
125,
125,
126,
126,
127,
127,
126,
126,
125,
124,
123,
124,
124,
124,
124,
124,
123,
123,
123,
123,
124,
124,
125,
125,
126,
126,
127,
128,
128,
130,
131,
132,
132,
133,
133,
133,
132,
132,
131,
131,
131,
131,
130,
129,
128,
126,
125,
124,
122,
121,
121,
120,
120,
120,
119,
118,
118,
117,
117,
117,
118,
119,
120,
121,
122,
123,
123,
123,
124,
124,
124,
125,
125,
125,
125,
125,
126,
126,
127,
127,
128,
129,
130,
131,
132,
133,
134,
135,
135,
136,
136,
137,
138,
140,
142,
144,
146,
147,
148,
148,
148,
148,
147,
147,
146,
145,
143,
141,
140,
138,
137,
136,
136,
136,
135,
135,
135,
136,
137,
137,
138,
139,
140,
141,
141,
141,
141,
141,
141,
140,
139,
137,
135,
133,
131,
130,
128,
128,
128,
128,
127,
127,
126,
126,
126,
127,
127,
128,
129,
129,
130,
131,
131,
132,
133,
133,
135,
136,
137,
139,
139,
139,
139,
140,
140,
141,
142,
142,
141,
141,
140,
140,
139,
137,
135,
133,
131,
130,
129,
128,
127,
126,
125,
125,
125,
125,
126,
126,
126,
126,
125,
124,
123,
122,
121,
119,
117,
115,
112,
110,
108,
106,
104,
102,
101,
100,
99,
99,
99,
99,
100,
101,
102,
102,
101,
102,
103,
105,
107,
108,
109,
109,
110,
111,
112,
113,
114,
115,
116,
117,
118,
120,
121,
123,
125,
128,
130,
132,
133,
133,
133,
134,
134,
135,
135,
135,
134,
133,
132,
131,
131,
132,
132,
132,
131,
131,
131,
131,
131,
132,
132,
133,
133,
133,
134,
134,
135,
135,
136,
137,
137,
138,
138,
137,
137,
137,
136,
136,
137,
137,
137,
138,
138,
138,
139,
138,
137,
137,
136,
136,
136,
136,
135,
136,
135,
135,
134,
133,
133,
133,
133,
133,
133,
133,
133,
132,
132,
132,
132,
132,
133,
133,
133,
134,
135,
135,
136,
137,
138,
139,
139,
140,
142,
144,
145,
147,
148,
149,
149,
150,
151,
152,
154,
155,
156,
157,
157,
157,
157,
156,
156,
155,
154,
154,
154,
153,
153,
153,
153,
153,
153,
153,
153,
152,
150,
150,
149,
149,
148,
147,
147,
145,
144,
143,
143,
142,
142,
141,
140,
139,
138,
137,
135,
134,
132,
131,
131,
130,
130,
129,
129,
128,
128,
128,
129,
129,
129,
130,
130,
131,
132,
133,
133,
133,
134,
135,
135,
136,
137,
137,
137,
137,
137,
137,
138,
138,
138,
139,
138,
138,
139,
138,
137,
136,
134,
133,
132,
130,
129,
128,
128,
129,
129,
130,
130,
129,
128,
126,
125,
123,
121,
120,
118,
117,
115,
112,
108,
105,
101,
97,
93,
90,
86,
83,
83,
83,
84,
85,
87,
88,
90,
91,
92,
93,
95,
97,
99,
101,
102,
104,
105,
106,
106,
108,
110,
113,
115,
118,
121,
123,
124,
125,
127,
128,
129,
130,
130,
130,
129,
129,
129,
129,
128,
128,
126,
125,
123,
122,
122,
123,
124,
124,
124,
123,
123,
123,
123,
124,
125,
125,
126,
127,
127,
128,
129,
129,
131,
131,
132,
133,
133,
133,
133,
133,
133,
133,
133,
133,
134,
134,
135,
135,
136,
135,
135,
134,
134,
134,
134,
134,
135,
135,
134,
133,
133,
132,
132,
131,
131,
132,
133,
133,
133,
134,
134,
135,
136,
137,
137,
138,
138,
139,
140,
141,
142,
143,
144,
144,
145,
145,
146,
148,
149,
151,
152,
153,
154,
154,
155,
156,
157,
158,
160,
161,
162,
163,
164,
164,
164,
164,
163,
163,
163,
163,
163,
162,
162,
161,
161,
161,
161,
160,
159,
158,
157,
157,
156,
155,
154,
153,
152,
151,
151,
151,
150,
150,
149,
148,
148,
147,
145,
144,
143,
142,
141,
142,
141,
141,
141,
140,
140,
139,
139,
138,
138,
138,
137,
137,
137,
137,
137,
136,
135,
136,
137,
138,
139,
139,
140,
141,
141,
143,
144,
145,
145,
146,
147,
148,
149,
151,
151,
150,
149,
148,
147,
147,
146,
145,
144,
143,
141,
140,
139,
137,
135,
132,
130,
128,
126,
123,
119,
115,
111,
107,
104,
101,
98,
95,
92,
91,
90,
89,
88,
88,
87,
86,
86,
87,
88,
88,
88,
87,
86,
86,
86,
87,
88,
88,
88,
89,
91,
94,
97,
101,
104,
108,
111,
113,
116,
117,
118,
119,
120,
121,
121,
121,
119,
118,
116,
115,
114,
113,
112,
111,
109,
108,
107,
107,
108,
108,
108,
107,
106,
106,
105,
104,
105,
106,
106,
107,
108,
108,
109,
110,
110,
112,
112,
113,
114,
114,
114,
115,
115,
116,
116,
116,
117,
117,
118,
118,
119,
120,
120,
120,
120,
120,
120,
119,
119,
119,
119,
119,
119,
118,
118,
117,
118,
119,
120,
121,
122,
123,
123,
124,
124,
125,
126,
127,
128,
129,
130,
132,
133,
135,
137,
138,
139,
140,
142,
143,
146,
148,
150,
152,
153,
154,
155,
156,
157,
159,
160,
162,
164,
165,
166,
167,
167,
167,
167,
166,
166,
166,
166,
167,
167,
167,
167,
168,
168,
169,
168,
167,
166,
165,
165,
165,
164,
164,
163,
162,
161,
161,
161,
161,
160,
159,
157,
156,
155,
154,
153,
151,
150,
149,
148,
147,
147,
147,
146,
146,
146,
146,
147,
147,
148,
149,
150,
151,
152,
152,
153,
154,
154,
156,
157,
159,
160,
160,
161,
161,
162,
163,
164,
165,
165,
166,
165,
165,
164,
164,
163,
163,
162,
161,
160,
158,
157,
155,
153,
152,
150,
148,
146,
144,
140,
137,
133,
129,
126,
123,
120,
118,
115,
111,
108,
103,
100,
96,
94,
92,
91,
89,
87,
86,
87,
87,
88,
89,
90,
91,
92,
93,
96,
99,
102,
104,
107,
108,
110,
111,
112,
113,
115,
116,
116,
117,
116,
116,
116,
116,
116,
117,
117,
117,
116,
115,
114,
113,
112,
111,
110,
108,
106,
104,
103,
102,
101,
101,
100,
99,
98,
97,
96,
96,
96,
96,
97,
97,
97,
98,
99,
100,
101,
102,
103,
104,
105,
106,
107,
107,
107,
108,
108,
108,
109,
110,
111,
112,
112,
113,
113,
113,
111,
110,
109,
109,
109,
109,
110,
110,
109,
109,
109,
109,
109,
109,
110,
110,
110,
110,
110,
110,
110,
111,
112,
113,
114,
114,
116,
117,
119,
121,
124,
125,
127,
128,
129,
132,
134,
137,
140,
142,
144,
145,
146,
147,
148,
150,
153,
154,
156,
157,
158,
159,
159,
159,
159,
159,
159,
159,
159,
159,
159,
159,
158,
159,
159,
159,
159,
158,
158,
158,
158,
158,
159,
158,
158,
157,
156,
156,
156,
156,
156,
156,
156,
155,
154,
153,
152,
151,
150,
149,
149,
148,
148,
148,
147,
147,
147,
147,
148,
148,
148,
149,
150,
152,
153,
153,
154,
154,
155,
156,
158,
160,
161,
162,
163,
163,
165,
166,
167,
168,
169,
170,
171,
173,
174,
175,
174,
173,
172,
171,
169,
167,
165,
163,
162,
160,
159,
156,
153,
150,
146,
142,
139,
136,
134,
130,
127,
123,
119,
115,
111,
108,
105,
103,
102,
102,
102,
101,
101,
100,
101,
102,
103,
106,
109,
111,
112,
114,
117,
120,
124,
127,
130,
131,
132,
133,
134,
135,
136,
136,
137,
137,
136,
135,
134,
134,
134,
133,
132,
132,
130,
129,
127,
126,
124,
123,
121,
120,
118,
115,
113,
111,
111,
110,
109,
108,
107,
105,
103,
102,
101,
100,
99,
99,
99,
99,
99,
100,
101,
102,
103,
104,
105,
106,
106,
107,
107,
109,
110,
111,
112,
113,
114,
115,
115,
116,
116,
115,
114,
113,
111,
110,
110,
110,
110,
109,
109,
109,
108,
107,
106,
106,
106,
106,
107,
107,
107,
107,
107,
108,
109,
111,
113,
115,
117,
119,
120,
122,
123,
124,
125,
125,
125,
124,
123,
123,
123,
124,
125,
126,
127,
127,
128,
130,
132,
135,
138,
141,
144,
146,
147,
148,
148,
149,
149,
149,
148,
147,
147,
146,
145,
145,
146,
146,
146,
146,
145,
144,
144,
144,
144,
144,
144,
144,
142,
141,
141,
141,
142,
142,
141,
140,
139,
138,
137,
136,
135,
133,
132,
130,
129,
129,
128,
128,
128,
128,
128,
129,
129,
130,
131,
132,
134,
135,
135,
136,
136,
137,
139,
141,
143,
146,
148,
149,
149,
151,
153,
155,
158,
160,
162,
163,
163,
164,
163,
161,
159,
158,
156,
155,
154,
152,
150,
148,
145,
143,
142,
139,
137,
135,
132,
129,
126,
123,
120,
118,
117,
114,
111,
108,
105,
102,
101,
100,
99,
99,
100,
101,
101,
102,
104,
107,
110,
114,
117,
119,
121,
123,
126,
129,
133,
136,
138,
139,
139,
140,
140,
141,
142,
142,
142,
142,
141,
140,
139,
139,
139,
138,
138,
136,
135,
133,
131,
130,
128,
127,
125,
123,
121,
119,
117,
116,
116,
116,
115,
115,
114,
113,
113,
113,
113,
113,
114,
115,
116,
117,
119,
120,
121,
121,
122,
122,
123,
123,
123,
124,
124,
124,
124,
123,
123,
122,
122,
122,
122,
122,
121,
120,
119,
118,
117,
116,
116,
116,
116,
115,
115,
115,
114,
114,
114,
114,
115,
115,
116,
116,
116,
115,
116,
116,
117,
118,
119,
120,
121,
122,
123,
125,
127,
128,
129,
130,
131,
131,
133,
135,
138,
140,
141,
142,
143,
143,
144,
144,
145,
146,
148,
149,
149,
150,
150,
150,
150,
150,
150,
149,
148,
147,
147,
147,
147,
148,
148,
148,
148,
147,
147,
146,
146,
146,
146,
145,
144,
143,
141,
141,
141,
141,
140,
139,
138,
136,
135,
134,
133,
133,
131,
130,
129,
128,
127,
127,
127,
127,
127,
127,
127,
128,
129,
130,
131,
132,
133,
134,
135,
136,
137,
138,
139,
141,
142,
143,
144,
145,
146,
147,
149,
151,
153,
154,
155,
156,
157,
157,
157,
156,
154,
153,
151,
148,
146,
144,
142,
141,
139,
137,
135,
132,
129,
126,
122,
119,
115,
113,
112,
110,
107,
104,
101,
99,
97,
96,
96,
97,
98,
99,
99,
100,
101,
102,
105,
107,
109,
111,
112,
114,
116,
119,
123,
127,
129,
131,
132,
132,
133,
133,
134,
135,
135,
135,
135,
134,
134,
134,
135,
136,
136,
134,
133,
131,
128,
127,
125,
124,
122,
120,
118,
116,
114,
113,
113,
113,
113,
112,
112,
112,
112,
112,
113,
114,
115,
116,
116,
117,
118,
120,
122,
123,
124,
125,
125,
126,
126,
127,
128,
128,
128,
129,
129,
129,
129,
129,
130,
130,
129,
129,
128,
126,
125,
124,
123,
123,
123,
123,
122,
121,
120,
119,
118,
118,
118,
119,
120,
120,
120,
121,
122,
124,
126,
127,
128,
129,
129,
130,
131,
133,
135,
136,
138,
138,
139,
140,
141,
142,
145,
147,
149,
150,
151,
151,
151,
152,
153,
155,
156,
157,
158,
158,
159,
159,
160,
160,
160,
159,
159,
158,
158,
158,
159,
160,
160,
160,
160,
158,
157,
155,
154,
153,
152,
151,
149,
146,
143,
142,
141,
140,
140,
139,
138,
136,
136,
135,
135,
134,
133,
132,
131,
130,
130,
130,
131,
132,
133,
133,
134,
135,
136,
136,
137,
138,
138,
139,
140,
141,
142,
143,
145,
148,
151,
154,
156,
157,
158,
159,
160,
160,
160,
160,
160,
159,
158,
158,
156,
155,
153,
152,
150,
148,
145,
142,
138,
134,
130,
126,
122,
117,
112,
107,
103,
99,
95,
92,
90,
89,
88,
86,
85,
84,
85,
86,
87,
88,
90,
91,
92,
94,
94,
96,
97,
99,
101,
102,
103,
104,
105,
107,
110,
113,
114,
115,
115,
114,
114,
114,
115,
115,
116,
116,
116,
115,
115,
115,
114,
113,
112,
111,
110,
108,
107,
105,
104,
102,
100,
98,
97,
95,
94,
93,
93,
93,
94,
94,
94,
94,
94,
94,
95,
96,
97,
98,
99,
100,
103,
105,
107,
109,
110,
111,
112,
113,
115,
116,
116,
117,
117,
118,
118,
119,
119,
120,
120,
120,
121,
121,
120,
120,
120,
120,
121,
121,
121,
122,
121,
121,
121,
120,
120,
120,
122,
123,
124,
125,
126,
127,
129,
130,
131,
132,
132,
133,
134,
136,
138,
140,
142,
144,
146,
147,
148,
149,
150,
152,
155,
157,
159,
160,
161,
162,
162,
164,
165,
167,
168,
170,
171,
171,
172,
172,
173,
173,
172,
171,
170,
170,
169,
170,
171,
171,
172,
172,
172,
171,
170,
170,
170,
170,
170,
169,
167,
165,
164,
164,
164,
164,
163,
161,
160,
158,
157,
156,
154,
153,
151,
149,
147,
144,
143,
143,
142,
141,
141,
140,
141,
141,
142,
143,
144,
145,
146,
147,
147,
148,
149,
152,
155,
159,
161,
163,
165,
165,
166,
167,
168,
169,
170,
170,
169,
168,
167,
165,
162,
159,
157,
154,
151,
148,
145,
142,
139,
136,
133,
131,
128,
126,
123,
120,
116,
113,
111,
108,
105,
103,
100,
97,
94,
92,
91,
91,
91,
92,
93,
93,
93,
94,
95,
97,
100,
102,
104,
105,
105,
105,
106,
109,
111,
114,
115,
116,
115,
115,
114,
114,
115,
116,
115,
114,
113,
111,
110,
110,
109,
109,
107,
105,
103,
102,
100,
99,
99,
98,
97,
95,
93,
91,
89,
90,
90,
90,
90,
89,
88,
86,
85,
84,
85,
85,
86,
87,
88,
89,
92,
94,
96,
98,
99,
100,
101,
101,
102,
103,
104,
105,
105,
106,
106,
106,
106,
107,
108,
109,
109,
108,
108,
108,
107,
107,
107,
108,
109,
109,
110,
110,
109,
109,
109,
109,
111,
112,
114,
115,
117,
118,
119,
121,
122,
124,
125,
125,
126,
127,
128,
131,
133,
135,
137,
138,
138,
139,
140,
143,
146,
150,
152,
154,
156,
157,
158,
160,
162,
164,
166,
168,
170,
171,
173,
175,
177,
177,
177,
176,
175,
175,
174,
175,
176,
177,
177,
177,
177,
176,
175,
175,
175,
175,
176,
175,
173,
171,
169,
169,
169,
169,
168,
167,
165,
163,
161,
160,
159,
158,
156,
154,
152,
150,
149,
149,
149,
149,
149,
150,
150,
151,
153,
154,
155,
156,
158,
159,
160,
160,
162,
163,
165,
167,
170,
171,
172,
173,
174,
176,
177,
177,
177,
176,
175,
175,
175,
174,
173,
171,
169,
167,
164,
161,
159,
155,
152,
149,
146,
144,
141,
139,
136,
132,
128,
124,
121,
118,
116,
114,
113,
110,
108,
106,
104,
103,
103,
103,
105,
105,
106,
106,
108,
109,
111,
112,
114,
114,
115,
115,
116,
117,
119,
121,
122,
121,
120,
118,
116,
114,
113,
112,
111,
109,
107,
106,
105,
104,
103,
103,
102,
101,
100,
99,
99,
98,
97,
96,
94,
93,
92,
91,
91,
91,
92,
92,
92,
91,
91,
90,
89,
89,
90,
91,
91,
92,
93,
94,
95,
97,
98,
99,
99,
99,
100,
100,
100,
101,
100,
99,
98,
97,
98,
99,
101,
103,
104,
105,
106,
105,
104,
103,
101,
100,
98,
95,
93,
91,
89,
88,
87,
86,
86,
87,
89,
92,
94,
97,
100,
103,
105,
107,
108,
109,
110,
111,
112,
114,
115,
117,
119,
120,
121,
122,
122,
123,
125,
128,
132,
135,
137,
139,
140,
141,
142,
143,
145,
147,
150,
151,
153,
154,
156,
157,
157,
157,
157,
156,
156,
156,
156,
157,
158,
159,
160,
160,
159,
158,
158,
158,
159,
160,
160,
159,
157,
155,
153,
152,
152,
153,
152,
150,
148,
147,
145,
145,
145,
145,
144,
142,
141,
139,
139,
140,
140,
140,
140,
140,
140,
142,
143,
146,
148,
151,
153,
154,
156,
157,
160,
163,
166,
169,
172,
174,
175,
176,
177,
178,
178,
179,
179,
180,
181,
181,
181,
179,
177,
175,
173,
170,
168,
165,
162,
160,
158,
156,
154,
153,
151,
148,
146,
142,
139,
137,
135,
133,
132,
130,
127,
124,
120,
118,
117,
117,
117,
117,
118,
118,
117,
117,
117,
119,
120,
122,
123,
123,
122,
122,
124,
126,
130,
132,
133,
133,
132,
131,
131,
132,
132,
132,
131,
130,
128,
126,
126,
126,
126,
126,
124,
121,
119,
116,
115,
113,
112,
111,
109,
106,
104,
101,
99,
98,
98,
98,
98,
97,
97,
96,
96,
95,
96,
96,
96,
96,
97,
98,
100,
101,
103,
105,
106,
106,
107,
107,
108,
108,
109,
109,
108,
108,
107,
107,
107,
107,
108,
108,
108,
108,
107,
106,
105,
105,
104,
104,
104,
104,
105,
105,
104,
103,
102,
101,
101,
102,
103,
103,
104,
104,
105,
106,
107,
108,
109,
109,
109,
111,
112,
115,
118,
120,
121,
122,
122,
123,
124,
126,
129,
133,
136,
139,
140,
140,
141,
142,
144,
146,
148,
149,
150,
151,
153,
153,
154,
154,
153,
152,
152,
151,
152,
153,
154,
156,
157,
158,
157,
157,
156,
155,
156,
157,
157,
156,
153,
150,
147,
146,
145,
145,
145,
143,
141,
139,
138,
137,
137,
136,
135,
133,
131,
129,
128,
128,
129,
129,
129,
129,
130,
131,
134,
136,
139,
141,
143,
144,
144,
146,
147,
149,
153,
157,
160,
163,
164,
166,
168,
169,
170,
171,
171,
171,
171,
171,
172,
172,
170,
168,
166,
164,
161,
159,
156,
153,
150,
148,
146,
144,
142,
140,
137,
134,
131,
129,
127,
125,
124,
122,
120,
118,
116,
114,
112,
111,
111,
112,
113,
113,
114,
114,
116,
117,
119,
120,
121,
121,
121,
121,
122,
124,
127,
129,
130,
130,
130,
129,
129,
129,
129,
129,
129,
128,
127,
126,
125,
125,
125,
125,
123,
121,
118,
116,
115,
114,
114,
113,
111,
109,
106,
104,
102,
102,
103,
104,
104,
103,
103,
102,
102,
103,
103,
104,
103,
103,
103,
104,
105,
107,
110,
111,
112,
112,
112,
112,
113,
114,
114,
115,
115,
115,
115,
115,
116,
116,
117,
117,
118,
118,
118,
117,
116,
116,
115,
115,
115,
115,
114,
114,
113,
111,
110,
109,
109,
110,
111,
112,
113,
114,
115,
116,
118,
119,
120,
120,
121,
122,
124,
127,
130,
132,
134,
135,
136,
136,
137,
139,
142,
145,
148,
149,
150,
149,
148,
148,
148,
149,
150,
151,
152,
153,
154,
155,
156,
157,
158,
158,
158,
158,
158,
159,
160,
162,
164,
165,
165,
164,
164,
164,
165,
166,
167,
166,
163,
159,
156,
154,
153,
153,
152,
151,
149,
146,
143,
141,
140,
140,
140,
138,
135,
132,
130,
130,
129,
128,
127,
126,
126,
128,
131,
135,
139,
142,
144,
145,
144,
144,
144,
144,
145,
145,
145,
145,
145,
145,
146,
147,
147,
149,
150,
152,
153,
156,
159,
161,
161,
160,
158,
156,
155,
153,
151,
147,
144,
141,
138,
135,
133,
131,
129,
127,
124,
121,
118,
116,
114,
113,
110,
107,
104,
101,
98,
96,
95,
95,
95,
95,
95,
94,
94,
95,
96,
99,
101,
102,
102,
102,
102,
103,
105,
108,
111,
112,
113,
112,
112,
112,
112,
113,
112,
111,
109,
107,
106,
106,
107,
108,
108,
107,
105,
103,
101,
100,
100,
100,
100,
99,
97,
95,
93,
92,
91,
92,
92,
91,
91,
91,
91,
91,
92,
93,
95,
96,
98,
100,
102,
104,
106,
108,
110,
111,
112,
113,
114,
114,
115,
116,
117,
117,
117,
117,
118,
118,
119,
119,
120,
120,
120,
120,
119,
119,
119,
119,
119,
119,
120,
120,
119,
119,
118,
117,
116,
115,
116,
117,
119,
120,
120,
122,
123,
125,
126,
127,
127,
128,
128,
130,
133,
136,
139,
142,
143,
144,
145,
146,
148,
152,
156,
159,
162,
164,
165,
165,
167,
168,
170,
172,
174,
176,
177,
178,
180,
181,
182,
182,
180,
178,
177,
176,
176,
177,
178,
179,
179,
178,
176,
174,
173,
173,
174,
174,
174,
172,
169,
165,
163,
162,
162,
161,
160,
158,
156,
153,
152,
151,
151,
151,
149,
147,
143,
141,
139,
139,
139,
139,
139,
139,
139,
140,
143,
145,
148,
150,
152,
152,
153,
154,
154,
156,
159,
161,
163,
164,
165,
167,
168,
169,
169,
169,
168,
167,
167,
168,
168,
167,
165,
163,
160,
158,
155,
152,
149,
147,
144,
141,
139,
137,
136,
134,
131,
128,
124,
121,
118,
115,
112,
110,
106,
102,
98,
95,
92,
90,
90,
90,
90,
89,
89,
88,
88,
89,
90,
91,
92,
92,
91,
91,
93,
96,
99,
102,
105,
105,
105,
105,
104,
104,
104,
103,
102,
101,
99,
98,
98,
98,
98,
97,
95,
93,
90,
89,
88,
88,
88,
87,
85,
82,
80,
78,
77,
77,
78,
78,
77,
77,
77,
77,
77,
78,
80,
81,
82,
84,
85,
87,
90,
93,
96,
98,
99,
99,
99,
100,
101,
102,
104,
105,
106,
107,
107,
108,
109,
109,
109,
109,
109,
107,
106,
104,
104,
103,
103,
103,
104,
105,
105,
105,
105,
104,
104,
104,
104,
106,
108,
109,
111,
114,
116,
119,
122,
124,
126,
127,
129,
131,
134,
137,
140,
142,
144,
145,
145,
145,
147,
150,
154,
159,
162,
165,
166,
167,
168,
169,
171,
173,
175,
177,
178,
179,
180,
181,
182,
182,
180,
178,
176,
175,
175,
177,
179,
181,
182,
182,
181,
180,
180,
180,
181,
183,
183,
182,
179,
176,
173,
171,
170,
169,
168,
166,
163,
160,
157,
156,
155,
155,
154,
151,
148,
144,
142,
142,
143,
144,
144,
144,
145,
147,
149,
152,
155,
157,
159,
159,
159,
160,
161,
163,
166,
169,
172,
174,
175,
177,
178,
180,
181,
181,
182,
182,
183,
185,
185,
185,
184,
183,
181,
179,
178,
175,
172,
169,
166,
163,
161,
159,
157,
155,
153,
149,
145,
140,
134,
129,
125,
120,
115,
109,
103,
97,
93,
90,
89,
89,
89,
90,
90,
90,
90,
91,
93,
96,
98,
99,
100,
100,
102,
105,
109,
114,
117,
119,
119,
118,
117,
116,
116,
116,
115,
114,
111,
108,
107,
106,
106,
106,
105,
103,
100,
98,
96,
95,
95,
94,
93,
90,
86,
81,
78,
77,
77,
79,
80,
81,
81,
81,
80,
80,
81,
81,
81,
79,
77,
75,
74,
74,
75,
76,
77,
78,
79,
81,
83,
85,
88,
91,
94,
96,
97,
98,
99,
100,
101,
101,
101,
100,
99,
97,
95,
94,
93,
92,
92,
93,
94,
94,
94,
94,
93,
92,
92,
93,
94,
96,
98,
99,
101,
103,
105,
107,
108,
109,
109,
109,
111,
114,
118,
122,
125,
128,
129,
130,
131,
133,
135,
139,
143,
147,
150,
152,
153,
154,
155,
157,
159,
161,
162,
164,
164,
165,
167,
168,
169,
168,
167,
165,
165,
166,
168,
170,
172,
173,
173,
172,
171,
170,
170,
171,
171,
171,
169,
166,
163,
162,
161,
162,
162,
162,
160,
159,
157,
156,
155,
155,
155,
154,
151,
148,
145,
145,
145,
146,
147,
147,
148,
149,
151,
154,
157,
160,
162,
163,
164,
166,
167,
169,
172,
175,
179,
182,
185,
187,
189,
192,
193,
193,
193,
193,
193,
193,
195,
196,
195,
193,
191,
188,
186,
183,
180,
177,
174,
171,
169,
167,
165,
163,
161,
158,
155,
151,
147,
143,
140,
138,
135,
131,
128,
123,
119,
117,
115,
115,
114,
113,
112,
112,
111,
111,
112,
113,
114,
115,
115,
114,
114,
115,
117,
119,
121,
121,
121,
120,
120,
119,
119,
119,
118,
117,
115,
113,
112,
111,
111,
110,
109,
107,
104,
102,
101,
100,
100,
100,
98,
96,
93,
89,
87,
85,
85,
85,
84,
83,
82,
82,
82,
83,
84,
85,
87,
87,
88,
89,
91,
93,
95,
96,
96,
96,
96,
96,
96,
96,
97,
97,
97,
97,
97,
97,
97,
98,
98,
97,
97,
96,
95,
94,
93,
92,
91,
91,
91,
91,
92,
92,
92,
91,
90,
90,
89,
90,
91,
93,
95,
96,
98,
99,
101,
103,
104,
104,
104,
105,
106,
108,
111,
114,
117,
119,
121,
122,
124,
126,
131,
135,
140,
144,
147,
148,
150,
151,
152,
154,
156,
158,
159,
160,
161,
161,
162,
163,
162,
161,
159,
157,
156,
157,
158,
160,
162,
164,
163,
162,
160,
159,
159,
160,
161,
161,
160,
157,
153,
150,
149,
148,
148,
147,
146,
144,
142,
140,
140,
140,
141,
140,
139,
136,
133,
132,
132,
133,
135,
136,
137,
139,
141,
143,
146,
149,
152,
154,
155,
155,
156,
156,
158,
162,
165,
168,
171,
173,
175,
178,
180,
181,
182,
182,
183,
184,
186,
187,
187,
186,
185,
184,
183,
182,
180,
178,
175,
173,
170,
169,
167,
165,
163,
159,
154,
149,
144,
140,
137,
134,
131,
127,
122,
118,
114,
111,
109,
108,
109,
109,
108,
107,
107,
107,
108,
110,
111,
112,
112,
111,
111,
112,
115,
118,
122,
124,
126,
126,
126,
126,
127,
128,
128,
128,
126,
123,
121,
120,
120,
120,
119,
117,
114,
110,
107,
105,
104,
103,
102,
101,
99,
96,
93,
91,
91,
91,
91,
91,
91,
91,
91,
92,
93,
95,
96,
97,
98,
98,
99,
100,
101,
103,
104,
104,
105,
105,
105,
105,
105,
106,
106,
107,
107,
108,
109,
111,
112,
112,
112,
112,
112,
111,
111,
110,
110,
109,
109,
109,
109,
109,
110,
110,
109,
107,
105,
103,
102,
102,
101,
101,
100,
100,
101,
102,
103,
104,
104,
105,
106,
109,
113,
118,
123,
127,
130,
133,
134,
136,
140,
143,
148,
153,
158,
161,
163,
165,
166,
168,
169,
170,
171,
172,
173,
173,
173,
174,
174,
173,
171,
169,
167,
167,
168,
170,
172,
174,
174,
173,
171,
168,
166,
164,
164,
164,
164,
163,
162,
160,
158,
156,
155,
154,
151,
148,
142,
138,
132,
129,
126,
126,
122,
121,
117,
115,
