sample-data.txt   1 channel (mono)
Sample Rate: 22050 Hz. Sample values on linear scale.
Length processed: 11126 samples 0.50458 seconds.


0.04273
0.05196
0.05583
0.05636
0.05141
0.05772
0.07408
0.09260
0.11235
0.12772
0.14089
0.15795
0.17466
0.19184
0.21158
0.23317
0.25477
0.27721
0.29722
0.31562
0.34074
0.36820
0.39672
0.41891
0.43329
0.43941
0.44411
0.45186
0.45833
0.46772
0.47385
0.47417
0.47200
0.47279
0.47768
0.48420
0.49321
0.49850
0.49749
0.49130
0.48449
0.47527
0.47157
0.46914
0.45879
0.44886
0.43697
0.42132
0.40531
0.39692
0.38969
0.38508
0.37767
0.36171
0.34413
0.32275
0.30195
0.28427
0.27720
0.27171
0.26080
0.25169
0.23941
0.22600
0.21367
0.20145
0.18895
0.17717
0.16933
0.16342
0.15594
0.14537
0.13194
0.11830
0.10206
0.08399
0.06703
0.05127
0.03928
0.02871
0.02060
0.00947
-0.00179
-0.00841
-0.01426
-0.01899
-0.02357
-0.02633
-0.02857
-0.03631
-0.04664
-0.05570
-0.06332
-0.06603
-0.06817
-0.06878
-0.06805
-0.06797
-0.07344
-0.08078
-0.08722
-0.09544
-0.10262
-0.11009
-0.11742
-0.12406
-0.13262
-0.14251
-0.15040
-0.16061
-0.16941
-0.17631
-0.18307
-0.19041
-0.19657
-0.20279
-0.20939
-0.21826
-0.22797
-0.23518
-0.24191
-0.24535
-0.24747
-0.24760
-0.24566
-0.24450
-0.24614
-0.24781
-0.25065
-0.25346
-0.25580
-0.25634
-0.26005
-0.26096
-0.26151
-0.26268
-0.26226
-0.26944
-0.27324
-0.27533
-0.27796
-0.27823
-0.27504
-0.27488
-0.27510
-0.27400
-0.27118
-0.26455
-0.26222
-0.26013
-0.25350
-0.25263
-0.25102
-0.24893
-0.24876
-0.24576
-0.24564
-0.24135
-0.23869
-0.23457
-0.23098
-0.22540
-0.21931
-0.21375
-0.20806
-0.20214
-0.19290
-0.18450
-0.17505
-0.16369
-0.14993
-0.13797
-0.11816
-0.10581
-0.09201
-0.07778
-0.07074
-0.06115
-0.05867
-0.05130
-0.04458
-0.03954
-0.03545
-0.03369
-0.02698
-0.02138
-0.01813
-0.01433
-0.01260
-0.01110
-0.01045
-0.00796
-0.00779
-0.00599
-0.00013
0.00396
0.01067
0.01415
0.02147
0.02624
0.02917
0.02921
0.02700
0.02989
0.03339
0.03916
0.04072
0.04378
0.04564
0.04812
0.05120
0.05440
0.05913
0.05972
0.05868
0.06006
0.06545
0.07065
0.07052
0.07098
0.07256
0.07039
0.06740
0.05873
0.05370
0.05567
0.05996
0.05933
0.05263
0.04245
0.03510
0.03418
0.04101
0.05209
0.05998
0.06987
0.07215
0.06886
0.06203
0.06255
0.06817
0.07580
0.08713
0.09748
0.11649
0.13263
0.14403
0.15769
0.16920
0.18513
0.20086
0.21156
0.22612
0.24146
0.26209
0.28236
0.30205
0.32434
0.33909
0.34162
0.34421
0.34884
0.35155
0.36014
0.37079
0.38048
0.39082
0.40039
0.40407
0.41370
0.42295
0.43079
0.43563
0.42799
0.40944
0.38375
0.36291
0.34959
0.34364
0.33357
0.31125
0.27911
0.24593
0.21481
0.19178
0.17885
0.17107
0.16385
0.15578
0.14605
0.13036
0.11785
0.10915
0.09873
0.08517
0.06813
0.04818
0.02441
-0.00002
-0.02423
-0.04569
-0.06407
-0.08046
-0.08888
-0.09399
-0.09666
-0.10241
-0.11225
-0.12109
-0.12905
-0.13694
-0.14063
-0.14032
-0.14150
-0.13799
-0.13427
-0.12555
-0.12011
-0.11736
-0.11396
-0.11299
-0.10710
-0.10227
-0.09897
-0.10449
-0.11316
-0.12495
-0.13486
-0.13367
-0.13280
-0.12886
-0.12665
-0.13266
-0.14237
-0.15458
-0.16467
-0.17394
-0.18337
-0.19283
-0.19957
-0.20335
-0.21299
-0.22297
-0.23120
-0.23968
-0.24642
-0.25169
-0.25688
-0.25881
-0.25553
-0.25343
-0.25155
-0.25240
-0.25380
-0.25402
-0.25680
-0.26425
-0.27425
-0.27800
-0.28041
-0.28317
-0.28618
-0.28905
-0.29187
-0.29620
-0.29432
-0.29416
-0.29835
-0.30136
-0.30266
-0.30355
-0.30543
-0.30769
-0.30755
-0.30139
-0.29729
-0.29323
-0.28908
-0.28344
-0.27923
-0.27510
-0.26590
-0.26272
-0.25922
-0.25190
-0.24573
-0.24017
-0.23372
-0.22904
-0.22011
-0.20951
-0.20079
-0.19018
-0.18052
-0.16924
-0.15934
-0.14745
-0.13315
-0.12258
-0.11035
-0.09622
-0.08192
-0.06692
-0.05569
-0.04498
-0.03344
-0.01769
-0.00427
0.00702
0.01957
0.03045
0.04007
0.04795
0.05944
0.06775
0.07601
0.08118
0.08535
0.09243
0.09790
0.10319
0.10592
0.10831
0.11356
0.11797
0.12174
0.12822
0.13206
0.13373
0.13345
0.13482
0.13603
0.13913
0.14475
0.14947
0.15466
0.15582
0.15566
0.15749
0.16024
0.16845
0.17827
0.18538
0.19244
0.19463
0.19774
0.20415
0.21693
0.23128
0.23893
0.24420
0.24906
0.25464
0.26000
0.26677
0.27549
0.28515
0.29759
0.30717
0.31268
0.32264
0.33490
0.34624
0.35307
0.35418
0.34523
0.33560
0.33311
0.34048
0.35151
0.35613
0.36112
0.35620
0.34382
0.33376
0.32813
0.32614
0.33054
0.33805
0.34300
0.34737
0.34987
0.34850
0.34985
0.35627
0.36390
0.37292
0.37679
0.38005
0.38608
0.39782
0.41524
0.43202
0.44251
0.44139
0.43308
0.42427
0.41749
0.41555
0.40823
0.39586
0.38157
0.36119
0.34240
0.32652
0.31864
0.31484
0.30969
0.30007
0.28227
0.25988
0.24010
0.22417
0.21138
0.19919
0.18307
0.16393
0.14163
0.12046
0.10548
0.09412
0.08342
0.07362
0.05828
0.03697
0.01460
-0.01010
-0.03538
-0.05375
-0.06752
-0.07679
-0.08470
-0.09416
-0.10276
-0.11384
-0.12702
-0.13918
-0.14914
-0.15462
-0.15707
-0.16226
-0.16999
-0.18197
-0.19482
-0.20795
-0.21898
-0.22585
-0.22820
-0.23101
-0.23150
-0.23202
-0.23854
-0.24054
-0.24186
-0.24179
-0.23734
-0.23045
-0.22662
-0.22681
-0.23110
-0.23625
-0.24382
-0.24944
-0.25023
-0.24774
-0.24514
-0.24835
-0.24669
-0.25199
-0.26179
-0.27038
-0.27584
-0.28147
-0.28793
-0.28953
-0.29337
-0.29310
-0.29127
-0.28394
-0.27983
-0.28098
-0.27643
-0.26961
-0.26406
-0.26170
-0.26132
-0.26362
-0.26396
-0.26530
-0.26736
-0.26954
-0.27119
-0.27116
-0.27516
-0.28129
-0.28638
-0.29063
-0.29687
-0.30074
-0.30271
-0.30383
-0.30559
-0.30386
-0.30034
-0.30099
-0.29791
-0.30117
-0.30035
-0.29649
-0.29746
-0.29248
-0.28788
-0.28021
-0.26952
-0.26293
-0.25699
-0.25131
-0.24876
-0.24391
-0.24145
-0.23595
-0.22849
-0.22221
-0.21355
-0.20549
-0.19437
-0.18371
-0.17297
-0.16287
-0.14874
-0.13350
-0.11932
-0.10302
-0.09019
-0.07563
-0.05932
-0.04559
-0.03122
-0.01492
0.00410
0.02346
0.04519
0.06579
0.08290
0.09652
0.10445
0.11453
0.12048
0.12381
0.12632
0.12497
0.12456
0.12634
0.12886
0.13346
0.13482
0.13414
0.13578
0.13194
0.13084
0.12946
0.13267
0.14258
0.14813
0.15584
0.16365
0.17317
0.18299
0.18691
0.19042
0.19395
0.19502
0.19467
0.19422
0.20006
0.20549
0.21257
0.22302
0.22405
0.22952
0.23425
0.23810
0.24321
0.24790
0.25669
0.26261
0.26959
0.27435
0.28554
0.29219
0.29804
0.31214
0.33104
0.34288
0.33627
0.33298
0.33660
0.34821
0.35303
0.35051
0.33838
0.32431
0.32436
0.33085
0.34127
0.34332
0.34187
0.33535
0.32776
0.31786
0.30277
0.30109
0.31147
0.32076
0.32752
0.33087
0.32889
0.33353
0.34339
0.35532
0.36657
0.37311
0.37714
0.37817
0.38655
0.40089
0.41555
0.42967
0.43668
0.43548
0.42340
0.41038
0.39355
0.37999
0.37810
0.37029
0.35707
0.33436
0.31459
0.29820
0.28679
0.28443
0.28219
0.27427
0.25370
0.22831
0.20261
0.18391
0.16455
0.15299
0.14678
0.12666
0.09590
0.06830
0.04547
0.03328
0.02880
0.01674
0.00088
-0.01767
-0.03671
-0.06420
-0.09430
-0.12101
-0.13429
-0.13636
-0.13614
-0.14012
-0.14922
-0.15769
-0.16879
-0.17588
-0.18479
-0.18820
-0.18974
-0.19100
-0.19273
-0.20759
-0.22698
-0.24693
-0.26568
-0.27517
-0.28011
-0.28197
-0.28274
-0.29157
-0.30014
-0.31130
-0.32261
-0.32440
-0.32948
-0.33076
-0.32541
-0.32897
-0.33795
-0.35306
-0.37188
-0.38782
-0.40087
-0.40905
-0.40737
-0.40507
-0.40684
-0.40805
-0.41308
-0.41984
-0.43064
-0.43934
-0.44417
-0.44725
-0.45081
-0.45732
-0.45930
-0.46404
-0.47153
-0.48060
-0.49061
-0.49394
-0.49674
-0.49919
-0.50465
-0.51332
-0.51734
-0.51959
-0.52516
-0.53028
-0.53510
-0.53976
-0.54047
-0.54215
-0.54198
-0.54327
-0.53895
-0.53348
-0.53162
-0.52582
-0.52229
-0.51786
-0.51163
-0.50195
-0.49626
-0.49298
-0.48960
-0.48412
-0.47765
-0.47277
-0.46209
-0.44974
-0.43792
-0.42923
-0.41628
-0.40017
-0.38898
-0.37793
-0.36428
-0.35037
-0.33431
-0.31793
-0.30231
-0.28569
-0.26940
-0.25077
-0.23252
-0.21674
-0.20026
-0.18215
-0.16153
-0.13658
-0.11105
-0.08607
-0.06484
-0.04257
-0.01626
0.00988
0.03511
0.06308
0.09243
0.11998
0.14678
0.16761
0.18831
0.20416
0.21524
0.22650
0.23364
0.23988
0.24467
0.24845
0.25551
0.26089
0.26329
0.26908
0.27227
0.27220
0.27531
0.27700
0.27864
0.27985
0.28231
0.28804
0.29201
0.29993
0.31088
0.32013
0.31820
0.31367
0.31572
0.32208
0.32738
0.32455
0.32657
0.33806
0.35359
0.36811
0.38174
0.38937
0.39047
0.39601
0.41013
0.42745
0.43035
0.42453
0.42856
0.43250
0.43450
0.43570
0.43757
0.44313
0.44658
0.45189
0.45776
0.45734
0.45396
0.45738
0.46688
0.46925
0.46380
0.45537
0.44827
0.45353
0.46319
0.47474
0.47943
0.47122
0.45990
0.44565
0.42962
0.41571
0.40751
0.40689
0.40766
0.40729
0.41076
0.41024
0.40899
0.40568
0.40569
0.41390
0.42124
0.42944
0.44645
0.46837
0.48687
0.50410
0.50933
0.50866
0.50666
0.49354
0.48177
0.47693
0.47548
0.47202
0.46107
0.44543
0.42601
0.41701
0.41486
0.41239
0.40696
0.39247
0.37359
0.35016
0.32680
0.30434
0.28689
0.26886
0.24939
0.23151
0.20384
0.17183
0.14981
0.13480
0.12066
0.09990
0.06521
0.03152
-0.00214
-0.04038
-0.07067
-0.09150
-0.10470
-0.10699
-0.10514
-0.10661
-0.11277
-0.12520
-0.13307
-0.13759
-0.13574
-0.13068
-0.12671
-0.12210
-0.12399
-0.12775
-0.13490
-0.14466
-0.15196
-0.15727
-0.16218
-0.16202
-0.16497
-0.17318
-0.18502
-0.19472
-0.19845
-0.20033
-0.20246
-0.20473
-0.20442
-0.21296
-0.22480
-0.23436
-0.24429
-0.25468
-0.26164
-0.26528
-0.26361
-0.26301
-0.26593
-0.27012
-0.27480
-0.28341
-0.29377
-0.30204
-0.31765
-0.33094
-0.34948
-0.36578
-0.37952
-0.39371
-0.40734
-0.42200
-0.43410
-0.45066
-0.46569
-0.48801
-0.51143
-0.53439
-0.55578
-0.57025
-0.58525
-0.59827
-0.60858
-0.61581
-0.62266
-0.62627
-0.63090
-0.63875
-0.64169
-0.63943
-0.63853
-0.63987
-0.63881
-0.63449
-0.62873
-0.62372
-0.62320
-0.62191
-0.61665
-0.61486
-0.60934
-0.60096
-0.59225
-0.58553
-0.57874
-0.57170
-0.56590
-0.55536
-0.54417
-0.52936
-0.51478
-0.50071
-0.48365
-0.46607
-0.44659
-0.42751
-0.40807
-0.38626
-0.36223
-0.33205
-0.30046
-0.26979
-0.23537
-0.19825
-0.16134
-0.12631
-0.09827
-0.07611
-0.05435
-0.03638
-0.02349
-0.00943
0.00328
0.01516
0.03226
0.04698
0.05758
0.06139
0.06400
0.06504
0.06491
0.06526
0.06159
0.05839
0.05767
0.05980
0.06569
0.07585
0.08797
0.10641
0.12083
0.12940
0.13483
0.13503
0.13113
0.12553
0.12604
0.13281
0.14422
0.16136
0.18149
0.19390
0.20933
0.22499
0.23460
0.24449
0.25310
0.26993
0.28443
0.29993
0.32148
0.34279
0.36248
0.38672
0.42196
0.44677
0.46015
0.46635
0.47519
0.48091
0.48801
0.51610
0.55423
0.58218
0.59031
0.60887
0.63575
0.65276
0.65543
0.65219
0.65854
0.66582
0.66846
0.66713
0.66216
0.65547
0.65637
0.64873
0.62066
0.59324
0.57398
0.55969
0.54421
0.52861
0.52619
0.51288
0.48780
0.48101
0.47828
0.47541
0.46816
0.46127
0.46455
0.46474
0.45502
0.44447
0.44421
0.43973
0.43148
0.42056
0.39993
0.37636
0.35826
0.34686
0.33081
0.30881
0.28542
0.26176
0.23211
0.19733
0.17736
0.16675
0.15189
0.13184
0.10262
0.06830
0.02454
-0.01585
-0.04021
-0.05574
-0.07581
-0.10273
-0.13449
-0.17528
-0.20334
-0.21825
-0.22497
-0.22210
-0.22006
-0.22293
-0.23144
-0.24324
-0.25377
-0.25804
-0.25697
-0.24459
-0.22525
-0.21131
-0.20471
-0.20504
-0.20590
-0.20103
-0.19859
-0.19923
-0.18888
-0.17501
-0.17338
-0.18452
-0.19928
-0.20953
-0.21420
-0.21433
-0.20664
-0.19492
-0.19068
-0.19035
-0.19589
-0.20791
-0.21641
-0.21446
-0.21019
-0.20920
-0.20406
-0.20423
-0.20892
-0.22588
-0.24790
-0.25821
-0.27155
-0.28210
-0.28911
-0.30026
-0.31034
-0.32520
-0.34639
-0.36834
-0.39153
-0.41168
-0.42568
-0.44094
-0.45812
-0.47173
-0.48316
-0.49947
-0.51985
-0.53795
-0.55364
-0.56417
-0.57215
-0.57305
-0.57178
-0.57340
-0.57441
-0.57779
-0.57934
-0.57694
-0.57423
-0.57103
-0.56529
-0.55959
-0.54749
-0.53818
-0.52818
-0.51692
-0.50648
-0.49070
-0.47757
-0.46541
-0.45229
-0.43487
-0.41581
-0.39804
-0.38464
-0.37248
-0.35580
-0.33484
-0.31241
-0.29253
-0.27391
-0.25418
-0.23403
-0.21571
-0.19870
-0.17565
-0.15577
-0.13776
-0.11773
-0.09676
-0.07031
-0.04372
-0.01599
0.01329
0.04676
0.08246
0.12390
0.16688
0.21428
0.25472
0.28306
0.30834
0.32794
0.34221
0.35487
0.37037
0.38457
0.39535
0.39911
0.40126
0.39107
0.37725
0.36436
0.34336
0.32091
0.29949
0.28435
0.27191
0.25422
0.23726
0.21820
0.19685
0.18358
0.17031
0.15669
0.14707
0.14412
0.13812
0.12942
0.12523
0.12293
0.12530
0.13515
0.14847
0.16121
0.17387
0.19487
0.21583
0.22933
0.24577
0.26316
0.28265
0.29918
0.31824
0.33968
0.36166
0.38423
0.40419
0.42430
0.44324
0.46842
0.49477
0.51035
0.51728
0.51906
0.51661
0.51251
0.50550
0.50221
0.51339
0.53815
0.57291
0.61958
0.66995
0.71021
0.73989
0.76265
0.77091
0.76526
0.75369
0.73950
0.73049
0.72597
0.71788
0.70456
0.68088
0.64994
0.61487
0.56660
0.51151
0.45290
0.40996
0.37372
0.32901
0.29193
0.26759
0.25839
0.24694
0.23543
0.22125
0.20436
0.18701
0.16713
0.14664
0.12296
0.09686
0.06210
0.02205
-0.02056
-0.05216
-0.07690
-0.09739
-0.12640
-0.17241
-0.22327
-0.27940
-0.32540
-0.36217
-0.39129
-0.41665
-0.44755
-0.48138
-0.51853
-0.54739
-0.56137
-0.56532
-0.56066
-0.56322
-0.57461
-0.58606
-0.60012
-0.60632
-0.59512
-0.57130
-0.54271
-0.51205
-0.48920
-0.47380
-0.46362
-0.46676
-0.46713
-0.45331
-0.43500
-0.41651
-0.39821
-0.38204
-0.36937
-0.35745
-0.34460
-0.32802
-0.30341
-0.27600
-0.25425
-0.24200
-0.23793
-0.23704
-0.24473
-0.25254
-0.25615
-0.26445
-0.26407
-0.26320
-0.26970
-0.27958
-0.29080
-0.30092
-0.30657
-0.31278
-0.32262
-0.33254
-0.35258
-0.36756
-0.38439
-0.40448
-0.41991
-0.43174
-0.43982
-0.44955
-0.45608
-0.46727
-0.48031
-0.49705
-0.50790
-0.51323
-0.51726
-0.51806
-0.51917
-0.51512
-0.51509
-0.51690
-0.51830
-0.52057
-0.52108
-0.52079
-0.51802
-0.51319
-0.50732
-0.49658
-0.48443
-0.46969
-0.45291
-0.43644
-0.41864
-0.40383
-0.38607
-0.36617
-0.34914
-0.33058
-0.30965
-0.28924
-0.26859
-0.24834
-0.22796
-0.20714
-0.18376
-0.15563
-0.13038
-0.10623
-0.08113
-0.05653
-0.02774
0.00095
0.03306
0.06778
0.09937
0.13336
0.16491
0.19139
0.21395
0.23787
0.26497
0.29377
0.32432
0.35816
0.39742
0.43913
0.48953
0.54304
0.58996
0.62815
0.65938
0.68159
0.70464
0.73093
0.75498
0.77274
0.77158
0.76911
0.76508
0.75893
0.74548
0.72554
0.70901
0.69010
0.66795
0.64087
0.61682
0.59356
0.57013
0.54520
0.52460
0.50266
0.47808
0.45291
0.43217
0.41786
0.40264
0.39439
0.38598
0.37937
0.37547
0.37021
0.36847
0.36851
0.36725
0.36751
0.36892
0.37611
0.38647
0.39443
0.40476
0.41434
0.42213
0.43291
0.44590
0.46579
0.48908
0.51174
0.53684
0.56240
0.58765
0.60601
0.62123
0.63348
0.64873
0.66611
0.68323
0.69861
0.70739
0.71766
0.72564
0.73304
0.73752
0.73783
0.73836
0.73450
0.72745
0.71407
0.69674
0.68455
0.67071
0.65446
0.63650
0.61622
0.59700
0.57718
0.55705
0.53622
0.51134
0.48020
0.44479
0.40518
0.36882
0.33728
0.30325
0.27121
0.23738
0.20009
0.16202
0.12537
0.09571
0.06625
0.03239
-0.00374
-0.03677
-0.06560
-0.08961
-0.10859
-0.12390
-0.13714
-0.15698
-0.18289
-0.21687
-0.25511
-0.28416
-0.31557
-0.34675
-0.37838
-0.42043
-0.45547
-0.48863
-0.52118
-0.54658
-0.56826
-0.59327
-0.62671
-0.66736
-0.71520
-0.75479
-0.78331
-0.80758
-0.82707
-0.85079
-0.88340
-0.91211
-0.93086
-0.94172
-0.93762
-0.91642
-0.89003
-0.86788
-0.85555
-0.84497
-0.83846
-0.83333
-0.81622
-0.79059
-0.75544
-0.71906
-0.68548
-0.65923
-0.63504
-0.60682
-0.57642
-0.54340
-0.50484
-0.46228
-0.42865
-0.40318
-0.38892
-0.38490
-0.37981
-0.37063
-0.36107
-0.35298
-0.35044
-0.34894
-0.35336
-0.37022
-0.38275
-0.38589
-0.38163
-0.38106
-0.38314
-0.38390
-0.40088
-0.42168
-0.44269
-0.45871
-0.46556
-0.47412
-0.47992
-0.48421
-0.49087
-0.50383
-0.51591
-0.52996
-0.54153
-0.55154
-0.56101
-0.56540
-0.56707
-0.56592
-0.56658
-0.56613
-0.56163
-0.55426
-0.54643
-0.53418
-0.52015
-0.50304
-0.48464
-0.46583
-0.44556
-0.42187
-0.39773
-0.37680
-0.35181
-0.32363
-0.29935
-0.27659
-0.24982
-0.22551
-0.20014
-0.17402
-0.14504
-0.12103
-0.09775
-0.06665
-0.04151
-0.01579
0.01001
0.04224
0.07291
0.09733
0.12664
0.15680
0.19003
0.22048
0.25663
0.29233
0.32185
0.35153
0.37926
0.40568
0.43221
0.46091
0.48786
0.51661
0.54325
0.57669
0.61192
0.64707
0.68928
0.73206
0.77165
0.80246
0.83713
0.87379
0.91401
0.94575
0.95221
0.95093
0.95289
0.95147
0.95177
0.94867
0.93506
0.92524
0.90917
0.88810
0.86684
0.84773
0.82782
0.80369
0.78072
0.75189
0.72547
0.70229
0.67483
0.64880
0.62126
0.59009
0.56577
0.54227
0.51756
0.49805
0.47980
0.46977
0.46114
0.44592
0.43975
0.43342
0.42756
0.42540
0.42606
0.43125
0.43591
0.44462
0.45392
0.46240
0.47200
0.49183
0.51102
0.53170
0.54819
0.56126
0.57564
0.58144
0.59412
0.60613
0.62045
0.63045
0.63324
0.63930
0.64271
0.64633
0.64859
0.64990
0.65027
0.64678
0.63957
0.62928
0.61793
0.60456
0.58687
0.56786
0.54922
0.52552
0.50164
0.47748
0.45271
0.42853
0.40109
0.37068
0.33257
0.29659
0.26494
0.23223
0.20254
0.17601
0.14495
0.11205
0.07561
0.04067
0.01319
-0.01717
-0.04215
-0.06731
-0.09790
-0.12272
-0.14276
-0.16441
-0.17983
-0.19637
-0.21721
-0.23755
-0.26374
-0.29178
-0.32336
-0.35491
-0.38595
-0.41432
-0.44586
-0.48099
-0.51204
-0.54144
-0.56451
-0.58344
-0.60226
-0.62546
-0.65688
-0.70062
-0.74699
-0.79157
-0.83587
-0.88216
-0.93146
-0.95187
-0.95074
-0.95309
-0.95244
-0.95310
-0.95155
-0.95027
-0.95068
-0.94861
-0.94839
-0.94760
-0.94928
-0.94750
-0.94824
-0.93716
-0.90610
-0.87831
-0.85494
-0.83842
-0.82603
-0.80803
-0.78123
-0.75598
-0.72928
-0.70762
-0.68793
-0.66192
-0.63666
-0.60404
-0.57111
-0.54373
-0.52149
-0.50408
-0.49263
-0.48340
-0.48132
-0.47376
-0.46411
-0.45910
-0.45012
-0.45276
-0.45725
-0.46925
-0.48465
-0.49950
-0.51270
-0.52078
-0.52786
-0.53108
-0.53600
-0.54622
-0.56246
-0.57358
-0.58211
-0.58817
-0.59556
-0.59980
-0.60369
-0.60672
-0.60596
-0.60469
-0.59863
-0.59451
-0.58662
-0.57835
-0.56825
-0.55416
-0.54036
-0.52823
-0.51564
-0.50278
-0.48790
-0.46875
-0.45112
-0.43246
-0.41384
-0.39707
-0.38040
-0.36081
-0.33926
-0.31945
-0.29418
-0.26977
-0.24557
-0.21802
-0.19436
-0.16754
-0.13994
-0.11399
-0.08712
-0.06087
-0.03385
-0.00305
0.02462
0.05118
0.07760
0.10254
0.12504
0.14671
0.17273
0.19554
0.21784
0.24411
0.27120
0.29401
0.32100
0.35114
0.38142
0.41009
0.43777
0.46502
0.49334
0.51829
0.54517
0.59394
0.66495
0.75677
0.81544
0.84144
0.87186
0.90609
0.93349
0.94105
0.94797
0.94720
0.94029
0.93436
0.92873
0.92599
0.91792
0.90470
0.89345
0.87336
0.84850
0.82392
0.80153
0.78637
0.76557
0.74165
0.71683
0.69450
0.66845
0.64648
0.62918
0.61124
0.59407
0.58099
0.57373
0.56437
0.56171
0.56000
0.56312
0.57222
0.57815
0.58374
0.59161
0.59888
0.60749
0.61990
0.63407
0.64627
0.65324
0.66506
0.67745
0.69183
0.70968
0.72649
0.74472
0.76039
0.77417
0.78478
0.79105
0.79503
0.79840
0.79885
0.80099
0.80277
0.80303
0.79815
0.79037
0.78374
0.77044
0.75991
0.74939
0.73687
0.71913
0.70285
0.68651
0.66859
0.64798
0.62029
0.59789
0.56886
0.54102
0.51241
0.48347
0.45839
0.43131
0.40526
0.37557
0.34377
0.31201
0.28239
0.25449
0.23029
0.20040
0.17072
0.13861
0.10900
0.08799
0.06543
0.04860
0.02703
0.00028
-0.02771
-0.05974
-0.09272
-0.12316
-0.15087
-0.17369
-0.19811
-0.22314
-0.24918
-0.27711
-0.30011
-0.31832
-0.33078
-0.34481
-0.37536
-0.43241
-0.49972
-0.58142
-0.64557
-0.67485
-0.70634
-0.73018
-0.75235
-0.78381
-0.81873
-0.85859
-0.88083
-0.88843
-0.89546
-0.88465
-0.87162
-0.86282
-0.85748
-0.83841
-0.80904
-0.79439
-0.75346
-0.69163
-0.64449
-0.61577
-0.58430
-0.54691
-0.51872
-0.49298
-0.46532
-0.44030
-0.42626
-0.41100
-0.40176
-0.40130
-0.39922
-0.39946
-0.39764
-0.39638
-0.40083
-0.41413
-0.43585
-0.45474
-0.46946
-0.48222
-0.49336
-0.50733
-0.52318
-0.54374
-0.56541
-0.59021
-0.61323
-0.63215
-0.64939
-0.66034
-0.66966
-0.67735
-0.68789
-0.69864
-0.70663
-0.71561
-0.71982
-0.72222
-0.72664
-0.72680
-0.72671
-0.72606
-0.72570
-0.72336
-0.71597
-0.71057
-0.70254
-0.69235
-0.68359
-0.66976
-0.65689
-0.64479
-0.63071
-0.61961
-0.60768
-0.59490
-0.57967
-0.56390
-0.54507
-0.52548
-0.50352
-0.48037
-0.45728
-0.43136
-0.40753
-0.38274
-0.35870
-0.33265
-0.30898
-0.28665
-0.26044
-0.23411
-0.21012
-0.18688
-0.15750
-0.13103
-0.10514
-0.07660
-0.04877
-0.02601
-0.00472
0.01971
0.03560
0.05620
0.07409
0.09094
0.10281
0.11619
0.14637
0.21325
0.29977
0.34150
0.37662
0.41847
0.47759
0.54513
0.57803
0.57982
0.58413
0.62518
0.66099
0.68218
0.69654
0.68499
0.68485
0.69028
0.68184
0.66673
0.65561
0.64207
0.59504
0.57580
0.56161
0.52950
0.50229
0.47636
0.46043
0.43449
0.41658
0.39927
0.38479
0.37499
0.36792
0.36364
0.35271
0.34996
0.35144
0.34934
0.35696
0.36868
0.38321
0.40120
0.41568
0.43697
0.45807
0.47839
0.49581
0.51172
0.52464
0.54161
0.56431
0.58207
0.60731
0.63495
0.65817
0.68089
0.70154
0.71910
0.73290
0.74634
0.75998
0.77287
0.78401
0.78789
0.79024
0.79308
0.79713
0.79940
0.80082
0.79824
0.79181
0.78563
0.77470
0.76644
0.75545
0.74510
0.73485
0.72024
0.70491
0.68439
0.66483
0.64547
0.62243
0.59848
0.56963
0.53749
0.50322
0.46989
0.44104
0.41638
0.38770
0.35658
0.32585
0.29455
0.26470
0.23551
0.21373
0.18910
0.16646
0.14499
0.12176
0.10143
0.07997
0.05913
0.03841
0.01524
-0.00594
-0.03401
-0.05889
-0.08417
-0.10624
-0.11305
-0.12026
-0.14178
-0.21975
-0.32161
-0.38795
-0.42043
-0.46189
-0.47625
-0.48541
-0.55765
-0.61614
-0.62111
-0.66011
-0.70274
-0.68967
-0.70318
-0.73960
-0.73623
-0.68947
-0.69629
-0.68938
-0.63662
-0.61452
-0.58537
-0.54924
-0.52028
-0.50338
-0.46989
-0.41831
-0.37826
-0.34223
-0.29888
-0.27925
-0.26650
-0.24448
-0.23001
-0.21985
-0.20137
-0.19256
-0.19129
-0.18626
-0.19814
-0.21777
-0.24095
-0.25849
-0.27756
-0.29374
-0.30794
-0.32887
-0.35170
-0.37617
-0.39876
-0.41837
-0.43452
-0.45295
-0.46977
-0.48761
-0.51220
-0.53601
-0.55721
-0.57576
-0.58936
-0.60138
-0.61272
-0.61899
-0.62729
-0.63602
-0.64512
-0.65257
-0.65672
-0.66443
-0.66377
-0.66459
-0.66453
-0.65936
-0.65528
-0.65224
-0.65246
-0.64675
-0.63990
-0.63257
-0.62194
-0.61176
-0.60165
-0.58869
-0.57254
-0.56235
-0.55141
-0.53578
-0.52062
-0.50285
-0.48276
-0.46189
-0.44127
-0.41900
-0.39643
-0.37328
-0.35043
-0.32765
-0.30771
-0.28335
-0.25662
-0.23600
-0.21387
-0.19366
-0.17779
-0.15891
-0.14032
-0.12002
-0.09454
-0.07329
-0.05368
-0.03801
-0.02012
-0.00531
0.00323
0.00577
0.01226
0.05852
0.12679
0.17343
0.20848
0.25095
0.26296
0.29020
0.36213
0.37978
0.38126
0.43562
0.47570
0.46900
0.47686
0.50840
0.52133
0.53548
0.54554
0.53812
0.50792
0.46965
0.45593
0.44171
0.41421
0.39008
0.36647
0.33698
0.31024
0.28096
0.25398
0.22722
0.20302
0.18819
0.17793
0.16511
0.14780
0.10142
0.04284
0.05731
0.11775
0.16169
0.16306
0.14940
0.15483
0.16558
0.18105
0.19847
0.21556
0.23024
0.25763
0.28630
0.30067
0.31600
0.33710
0.36010
0.38451
0.40798
0.42473
0.43724
0.45502
0.47455
0.49314
0.51434
0.52657
0.53948
0.55485
0.55742
0.53380
0.50516
0.51605
0.53361
0.52003
0.51717
0.53842
0.53924
0.52841
0.52307
0.50820
0.47604
0.46476
0.48650
0.48351
0.46365
0.45569
0.45167
0.43692
0.41596
0.40293
0.40038
0.38352
0.34966
0.34376
0.34286
0.30872
0.27808
0.27564
0.25823
0.21995
0.18776
0.15486
0.12161
0.09311
0.06037
0.02795
-0.00361
-0.04521
-0.06873
-0.07388
-0.09994
-0.14342
-0.17008
-0.18448
-0.21154
-0.23754
-0.25677
-0.27773
-0.30125
-0.32514
-0.33877
-0.35784
-0.39191
-0.41779
-0.44043
-0.46925
-0.50012
-0.52664
-0.53919
-0.55392
-0.57522
-0.56741
-0.54450
-0.53518
-0.52917
-0.52149
-0.51929
-0.54730
-0.56231
-0.53590
-0.51619
-0.50936
-0.47693
-0.44251
-0.44925
-0.44233
-0.39473
-0.35837
-0.34354
-0.30195
-0.26546
-0.25623
-0.23479
-0.21951
-0.20489
-0.18746
-0.18665
-0.17765
-0.15587
-0.15136
-0.16155
-0.17067
-0.17829
-0.19002
-0.20056
-0.20567
-0.21738
-0.23146
-0.24374
-0.26030
-0.28216
-0.30101
-0.31125
-0.31914
-0.32622
-0.33401
-0.34059
-0.35042
-0.36339
-0.37450
-0.38150
-0.38112
-0.37992
-0.37502
-0.36777
-0.36115
-0.35666
-0.34993
-0.33905
-0.33278
-0.32408
-0.30890
-0.29335
-0.28246
-0.27220
-0.26161
-0.25375
-0.24532
-0.23384
-0.22183
-0.21190
-0.20068
-0.18339
-0.16769
-0.15341
-0.13712
-0.12383
-0.10896
-0.09777
-0.08965
-0.07860
-0.06744
-0.05941
-0.04793
-0.03408
-0.02009
-0.00682
0.00614
0.02112
0.03366
0.04718
0.06102
0.07441
0.08329
0.09451
0.10540
0.11497
0.12489
0.13719
0.14917
0.14988
0.15046
0.17333
0.23582
0.30286
0.32564
0.31910
0.33152
0.34426
0.35258
0.38796
0.43203
0.46334
0.47657
0.48839
0.50953
0.53639
0.55783
0.56259
0.55198
0.53342
0.52445
0.51876
0.49988
0.48204
0.47345
0.45748
0.43494
0.41353
0.39108
0.36469
0.33671
0.31835
0.30007
0.28083
0.25776
0.23394
0.22237
0.21489
0.21334
0.21479
0.21361
0.20990
0.21275
0.21976
0.22932
0.24167
0.25312
0.26626
0.27973
0.29260
0.30652
0.32140
0.32978
0.34159
0.35496
0.36757
0.38227
0.39621
0.40718
0.42119
0.43868
0.45436
0.46871
0.47514
0.48720
0.50028
0.50744
0.51430
0.51966
0.52601
0.53482
0.54333
0.55249
0.55914
0.56121
0.56171
0.55970
0.55638
0.54726
0.54035
0.53345
0.52116
0.50828
0.49867
0.48837
0.47100
0.45389
0.43736
0.42051
0.40077
0.37706
0.35350
0.33116
0.31080
0.29040
0.27364
0.25615
0.23495
0.21367
0.19190
0.17122
0.14985
0.12693
0.09959
0.07385
0.05098
0.03264
0.01935
0.00276
-0.01763
-0.03427
-0.04869
-0.06547
-0.08498
-0.10400
-0.12242
-0.14971
-0.16924
-0.19062
-0.22187
-0.24886
-0.27888
-0.31825
-0.35139
-0.37325
-0.39617
-0.42472
-0.45317
-0.46537
-0.47872
-0.49337
-0.50548
-0.51341
-0.52528
-0.54843
-0.55988
-0.55462
-0.53562
-0.50647
-0.47818
-0.46717
-0.45360
-0.44140
-0.43149
-0.41430
-0.39735
-0.37534
-0.35661
-0.34486
-0.33222
-0.31140
-0.29128
-0.26599
-0.23809
-0.21507
-0.20249
-0.20207
-0.20514
-0.20970
-0.21191
-0.21612
-0.22195
-0.23038
-0.24738
-0.27201
-0.29518
-0.31959
-0.34236
-0.36053
-0.38121
-0.39638
-0.41176
-0.43461
-0.45585
-0.47633
-0.49255
-0.50297
-0.51062
-0.51911
-0.52391
-0.52616
-0.53528
-0.54279
-0.54436
-0.53791
-0.53285
-0.52740
-0.51636
-0.50441
-0.49497
-0.48801
-0.48004
-0.47006
-0.46012
-0.44857
-0.43235
-0.42063
-0.40332
-0.38685
-0.37739
-0.36585
-0.35152
-0.33644
-0.32054
-0.30086
-0.28408
-0.26657
-0.24770
-0.22851
-0.21064
-0.19238
-0.17383
-0.16026
-0.14672
-0.13207
-0.11919
-0.10450
-0.08868
-0.07478
-0.05996
-0.04702
-0.03391
-0.02188
-0.01021
-0.00010
0.01055
0.02412
0.03449
0.04491
0.05507
0.06519
0.07400
0.08303
0.08949
0.09346
0.10546
0.13124
0.16571
0.19883
0.22646
0.24888
0.26385
0.27941
0.29964
0.31399
0.32745
0.34440
0.36681
0.38814
0.40664
0.42258
0.42682
0.42309
0.41930
0.41141
0.39665
0.38435
0.36845
0.35198
0.34489
0.33130
0.31085
0.29192
0.27042
0.24926
0.23094
0.21783
0.20269
0.18567
0.17380
0.16464
0.15801
0.15343
0.15227
0.15652
0.16155
0.17188
0.18757
0.19948
0.21194
0.22649
0.24291
0.25556
0.27245
0.29126
0.30786
0.32423
0.33429
0.34738
0.36096
0.37597
0.39426
0.41012
0.42323
0.43630
0.45103
0.46866
0.48287
0.49242
0.50297
0.51725
0.53166
0.54196
0.55238
0.56064
0.56761
0.57178
0.57183
0.57156
0.56706
0.55916
0.55157
0.54340
0.54000
0.53553
0.52739
0.51401
0.49949
0.48748
0.47297
0.46050
0.44721
0.43291
0.41799
0.40418
0.38829
0.37409
0.36217
0.35026
0.33658
0.32253
0.30669
0.28595
0.26881
0.25342
0.23527
0.21477
0.19709
0.17599
0.15746
0.14137
0.12684
0.11589
0.10435
0.09226
0.07896
0.06802
0.05481
0.04071
0.02243
-0.00150
-0.02286
-0.03979
-0.06087
-0.08899
-0.11978
-0.15100
-0.17789
-0.19909
-0.22434
-0.25067
-0.27432
-0.29327
-0.30727
-0.32280
-0.33505
-0.35099
-0.36716
-0.37531
-0.37562
-0.36987
-0.35792
-0.33996
-0.31948
-0.29890
-0.28431
-0.27480
-0.26914
-0.25651
-0.23443
-0.21069
-0.18605
-0.16508
-0.14984
-0.14120
-0.13356
-0.12781
-0.11863
-0.10579
-0.10304
-0.10448
-0.11040
-0.12403
-0.13267
-0.13098
-0.13102
-0.14552
-0.17520
-0.21300
-0.25172
-0.28775
-0.31818
-0.33864
-0.35281
-0.36504
-0.37821
-0.39502
-0.42185
-0.44587
-0.46379
-0.47797
-0.48612
-0.49923
-0.51200
-0.52553
-0.53434
-0.54357
-0.54818
-0.54852
-0.54830
-0.53785
-0.52593
-0.51119
-0.49506
-0.48195
-0.47025
-0.45943
-0.44791
-0.43576
-0.41835
-0.39628
-0.38001
-0.35988
-0.34102
-0.32832
-0.31787
-0.30788
-0.29579
-0.28417
-0.26769
-0.24863
-0.23251
-0.21679
-0.20326
-0.19479
-0.18827
-0.18145
-0.17320
-0.16553
-0.15578
-0.14732
-0.13988
-0.13503
-0.12626
-0.11416
-0.10472
-0.09634
-0.08695
-0.07772
-0.07106
-0.06388
-0.05711
-0.04466
-0.03813
-0.03189
-0.02227
-0.01120
0.00311
0.01785
0.03469
0.04737
0.05726
0.06305
0.06832
0.07120
0.07345
0.07713
0.08557
0.10612
0.13214
0.16165
0.18567
0.20155
0.21256
0.21893
0.22597
0.23141
0.24101
0.25722
0.27016
0.27750
0.28101
0.27696
0.26714
0.26161
0.26105
0.25945
0.25564
0.25125
0.24857
0.24168
0.23218
0.22408
0.20973
0.19378
0.18067
0.16348
0.14796
0.13654
0.12080
0.11310
0.11080
0.10947
0.11397
0.12214
0.13529
0.15065
0.16508
0.17883
0.19254
0.20458
0.21804
0.22949
0.24373
0.25739
0.27065
0.29131
0.31074
0.32760
0.34484
0.35972
0.36861
0.38013
0.39491
0.41012
0.42464
0.44048
0.45515
0.46350
0.46966
0.47228
0.47680
0.47907
0.48091
0.48261
0.47957
0.47385
0.46698
0.45829
0.44345
0.43048
0.41619
0.40096
0.38938
0.37648
0.36338
0.35156
0.33898
0.32466
0.31022
0.30019
0.28571
0.27183
0.26295
0.25143
0.24083
0.22901
0.21507
0.19783
0.18249
0.16794
0.15893
0.15217
0.14385
0.13389
0.12217
0.11166
0.10308
0.09778
0.09141
0.08557
0.07516
0.06839
0.06005
0.04472
0.03430
0.02331
0.01148
0.00123
-0.01579
-0.04280
-0.07782
-0.11045
-0.14165
-0.16610
-0.17768
-0.18703
-0.19588
-0.20345
-0.21094
-0.22116
-0.22979
-0.24048
-0.25409
-0.27079
-0.28321
-0.29518
-0.30550
-0.30575
-0.29818
-0.29050
-0.28708
-0.28111
-0.27840
-0.27555
-0.27000
-0.25311
-0.23779
-0.22462
-0.21123
-0.19900
-0.18441
-0.17389
-0.15576
-0.14059
-0.13454
-0.13378
-0.13001
-0.13001
-0.13557
-0.13942
-0.14642
-0.15396
-0.16758
-0.18632
-0.20949
-0.23683
-0.26858
-0.29682
-0.31851
-0.34321
-0.36565
-0.39271
-0.41718
-0.43583
-0.45490
-0.46859
-0.48395
-0.50084
-0.51433
-0.53030
-0.54760
-0.55871
-0.57425
-0.58115
-0.58092
-0.57969
-0.57417
-0.56617
-0.55578
-0.55150
-0.54280
-0.53043
-0.51460
-0.50293
-0.48672
-0.47288
-0.46285
-0.44096
-0.42354
-0.41203
-0.39560
-0.38095
-0.37481
-0.35797
-0.34557
-0.33732
-0.32576
-0.31464
-0.30681
-0.29954
-0.28776
-0.28307
-0.27665
-0.27504
-0.27016
-0.26847
-0.27070
-0.26601
-0.25709
-0.24629
-0.24090
-0.23158
-0.22411
-0.21935
-0.21580
-0.20672
-0.19890
-0.19364
-0.18424
-0.17760
-0.16706
-0.15591
-0.14515
-0.13616
-0.12873
-0.11987
-0.10594
-0.08837
-0.06624
-0.03961
-0.01697
0.00101
0.01471
0.03112
0.04375
0.05242
0.06745
0.08823
0.11413
0.13782
0.15934
0.17702
0.19013
0.20029
0.20196
0.19973
0.19445
0.19087
0.19203
0.19057
0.18917
0.18860
0.18498
0.18132
0.17549
0.17050
0.16756
0.16017
0.15474
0.14886
0.14370
0.14293
0.14533
0.15087
0.15707
0.16670
0.17923
0.18855
0.19868
0.21236
0.22498
0.24413
0.26639
0.28718
0.30992
0.33133
0.34760
0.36610
0.38415
0.39877
0.41631
0.43181
0.45043
0.47258
0.49398
0.51493
0.53392
0.54812
0.56128
0.57289
0.58120
0.58570
0.58578
0.58679
0.58552
0.58383
0.58453
0.58004
0.57190
0.56531
0.55509
0.55054
0.54792
0.53974
0.53403
0.53205
0.52798
0.52259
0.52054
0.51438
0.50538
0.49729
0.49438
0.48266
0.46890
0.46508
0.45554
0.44694
0.43964
0.42767
0.41712
0.40793
0.39166
0.37801
0.36524
0.34524
0.32885
0.31257
0.29494
0.27863
0.26134
0.25085
0.24305
0.23231
0.22448
0.21208
0.19271
0.16998
0.14673
0.12813
0.11209
0.09807
0.08607
0.07344
0.05944
0.03830
0.01688
-0.00429
-0.02472
-0.04260
-0.06031
-0.07565
-0.10054
-0.12392
-0.14232
-0.15878
-0.17353
-0.19164
-0.20512
-0.21154
-0.20915
-0.20108
-0.18802
-0.16932
-0.15873
-0.15205
-0.14954
-0.15262
-0.15499
-0.15170
-0.12853
-0.10608
-0.09162
-0.08337
-0.08042
-0.07823
-0.07336
-0.07285
-0.07311
-0.07179
-0.07793
-0.08427
-0.10128
-0.11814
-0.13644
-0.15148
-0.16950
-0.19385
-0.22029
-0.25376
-0.28824
-0.32432
-0.35228
-0.37900
-0.40202
-0.41838
-0.43394
-0.45346
-0.47624
-0.49526
-0.50842
-0.52140
-0.53034
-0.53685
-0.54334
-0.55056
-0.55499
-0.55607
-0.55979
-0.55759
-0.55212
-0.54482
-0.53436
-0.52127
-0.51357
-0.50447
-0.49569
-0.48963
-0.47762
-0.46461
-0.45407
-0.44275
-0.43212
-0.42611
-0.42292
-0.41935
-0.41164
-0.40602
-0.39836
-0.39078
-0.38092
-0.37108
-0.36421
-0.35679
-0.35121
-0.34573
-0.34090
-0.33046
-0.32418
-0.31901
-0.31232
-0.31165
-0.30996
-0.30942
-0.30725
-0.30165
-0.29348
-0.28259
-0.27604
-0.27122
-0.26539
-0.26122
-0.25759
-0.25579
-0.25605
-0.25208
-0.24503
-0.23796
-0.22846
-0.21962
-0.21117
-0.20346
-0.19734
-0.18859
-0.17569
-0.16113
-0.14300
-0.12357
-0.10748
-0.09129
-0.07460
-0.05961
-0.05090
-0.04552
-0.04178
-0.04312
-0.04713
-0.04581
-0.03446
-0.00936
0.02732
0.06985
0.11182
0.14413
0.16030
0.15467
0.13765
0.10992
0.09738
0.10340
0.10808
0.12391
0.14281
0.16778
0.18934
0.19960
0.20646
0.21555
0.22526
0.22802
0.22387
0.21783
0.21543
0.20979
0.20572
0.20865
0.21716
0.22594
0.24112
0.25394
0.26218
0.26911
0.27515
0.28863
0.30147
0.32336
0.34708
0.37263
0.40142
0.42150
0.43360
0.44342
0.45622
0.46290
0.46049
0.45919
0.45875
0.46062
0.47026
0.48626
0.50493
0.52426
0.54309
0.55079
0.55360
0.54948
0.54139
0.53129
0.51941
0.51229
0.50863
0.50752
0.50208
0.49554
0.49048
0.48939
0.48724
0.48559
0.48667
0.48390
0.47653
0.47494
0.47476
0.46813
0.46696
0.47494
0.48270
0.48183
0.47504
0.46390
0.44941
0.42915
0.40564
0.38253
0.36310
0.35070
0.33961
0.33284
0.32678
0.31484
0.30356
0.29351
0.28069
0.26454
0.24846
0.22585
0.20324
0.18436
0.15976
0.13687
0.10819
0.07676
0.05276
0.03607
0.02255
0.00643
-0.00531
-0.02283
-0.04870
-0.07533
-0.10228
-0.12375
-0.13655
-0.14322
-0.14805
-0.14825
-0.14768
-0.14528
-0.14038
-0.13978
-0.14201
-0.14645
-0.15118
-0.15530
-0.15414
-0.14174
-0.12863
-0.12055
-0.11997
-0.12126
-0.12601
-0.13696
-0.13802
-0.13888
-0.14168
-0.15005
-0.16024
-0.17100
-0.17949
-0.17937
-0.18765
-0.19580
-0.20793
-0.22973
-0.25538
-0.28034
-0.30412
-0.32117
-0.33777
-0.35542
-0.36357
-0.37301
-0.38517
-0.39938
-0.41110
-0.42370
-0.43488
-0.44391
-0.45637
-0.46639
-0.47040
-0.47884
-0.48529
-0.48192
-0.48182
-0.47878
-0.47278
-0.46797
-0.46560
-0.46133
-0.45755
-0.45500
-0.44919
-0.44283
-0.43472
-0.42724
-0.41902
-0.40838
-0.39834
-0.39216
-0.38480
-0.37815
-0.37218
-0.36480
-0.35608
-0.34301
-0.33004
-0.31526
-0.30107
-0.28793
-0.27520
-0.27153
-0.26905
-0.26628
-0.26496
-0.26165
-0.25732
-0.25160
-0.24961
-0.24843
-0.24729
-0.24460
-0.23994
-0.23608
-0.22843
-0.21739
-0.20893
-0.20544
-0.20298
-0.19941
-0.19946
-0.19975
-0.19445
-0.18825
-0.17817
-0.16266
-0.14498
-0.12845
-0.11213
-0.09572
-0.08697
-0.07938
-0.06985
-0.06380
-0.05793
-0.05009
-0.03635
-0.01856
0.00192
0.01863
0.03306
0.04722
0.05381
0.06171
0.06678
0.06980
0.07311
0.07583
0.08093
0.08370
0.08960
0.10008
0.10717
0.11191
0.11209
0.10958
0.10932
0.11083
0.11452
0.11224
0.11275
0.11793
0.12433
0.13386
0.14026
0.14747
0.15928
0.17646
0.19046
0.20303
0.21596
0.22796
0.24660
0.26506
0.28432
0.30220
0.31729
0.33339
0.35312
0.37053
0.38210
0.39422
0.40374
0.41093
0.41687
0.42634
0.43399
0.43960
0.44017
0.43682
0.43585
0.43655
0.43646
0.43348
0.43357
0.43462
0.43294
0.43364
0.43877
0.43603
0.43815
0.44261
0.44086
0.44287
0.44338
0.44320
0.44479
0.44640
0.44741
0.44667
0.44483
0.44187
0.44085
0.44074
0.43823
0.43502
0.43022
0.42729
0.42119
0.41583
0.40797
0.39962
0.39397
0.38577
0.38042
0.37050
0.35985
0.34902
0.33837
0.32733
0.31294
0.29973
0.28866
0.28073
0.27343
0.26504
0.25178
0.23610
0.21745
0.19821
0.17913
0.16113
0.14491
0.12570
0.10784
0.08226
0.05576
0.03158
0.01041
-0.00978
-0.03217
-0.05228
-0.07819
-0.10270
-0.12658
-0.15039
-0.16852
-0.18001
-0.18807
-0.19250
-0.19550
-0.19759
-0.19476
-0.19051
-0.18455
-0.18251
-0.18711
-0.19426
-0.19962
-0.19367
-0.18138
-0.16273
-0.14645
-0.14065
-0.14255
-0.15434
-0.16016
-0.16828
-0.17316
-0.17230
-0.17853
-0.18458
-0.19269
-0.20324
-0.22013
-0.24286
-0.26407
-0.28981
-0.31483
-0.33542
-0.35773
-0.37936
-0.39733
-0.41196
-0.42907
-0.44506
-0.45988
-0.47595
-0.49297
-0.50456
-0.50989
-0.51175
-0.50786
-0.50219
-0.49739
-0.49125
-0.48781
-0.48825
-0.48810
-0.48899
-0.49006
-0.48492
-0.47917
-0.47343
-0.46506
-0.45988
-0.45020
-0.44108
-0.43193
-0.42524
-0.41290
-0.39922
-0.39331
-0.38518
-0.37787
-0.37297
-0.36640
-0.35507
-0.34580
-0.33281
-0.32078
-0.30486
-0.28529
-0.27285
-0.26033
-0.24852
-0.24145
-0.23431
-0.22962
-0.22528
-0.21999
-0.22045
-0.21596
-0.21140
-0.21058
-0.20872
-0.20962
-0.20873
-0.21147
-0.21303
-0.21277
-0.21404
-0.21176
-0.21131
-0.20893
-0.20574
-0.20064
-0.19470
-0.18085
-0.16521
-0.15063
-0.13395
-0.11892
-0.10339
-0.09165
-0.08199
-0.07575
-0.06942
-0.06051
-0.04783
-0.03299
-0.01565
0.00050
0.01934
0.03670
0.04940
0.05985
0.07089
0.08259
0.09255
0.10386
0.11457
0.12665
0.13387
0.14352
0.15037
0.15417
0.16139
0.16492
0.16907
0.17579
0.18139
0.18695
0.19991
0.21258
0.22068
0.23211
0.24006
0.24919
0.25645
0.26487
0.27539
0.28308
0.29908
0.31405
0.33049
0.34740
0.36599
0.38304
0.39594
0.40507
0.41381
0.42754
0.43746
0.44618
0.45421
0.46394
0.47251
0.47798
0.48425
0.49123
0.49433
0.49466
0.49913
0.50238
0.50172
0.50223
0.50117
0.50050
0.49757
0.49729
0.50357
0.50879
0.50430
0.49827
0.50036
0.49562
0.48782
0.48367
0.48535
0.48445
0.48287
0.48717
0.48812
0.48627
0.48338
0.47965
0.47679
0.47272
0.46895
0.46820
0.46428
0.45969
0.45751
0.45426
0.45214
0.44966
0.44853
0.44856
0.44590
0.44399
0.44075
0.43844
0.42859
0.41886
0.41326
0.39983
0.38386
0.36680
0.35147
0.33832
0.32691
0.31647
0.30453
0.29225
0.27700
0.25614
0.23117
0.19530
0.15488
0.11302
0.07748
0.05906
0.04790
0.04098
0.03447
0.01851
-0.00564
-0.03471
-0.06459
-0.09367
-0.11767
-0.13583
-0.15463
-0.16622
-0.17354
-0.17134
-0.16670
-0.15488
-0.13960
-0.13416
-0.13177
-0.14225
-0.15516
-0.17076
-0.18289
-0.18530
-0.19345
-0.20665
-0.22384
-0.24840
-0.26882
-0.28312
-0.29415
-0.30036
-0.30790
-0.31841
-0.32354
-0.32382
-0.32675
-0.33384
-0.34664
-0.36310
-0.38612
-0.40577
-0.42310
-0.44241
-0.45193
-0.44960
-0.44489
-0.44351
-0.45095
-0.45856
-0.46567
-0.48307
-0.49475
-0.51049
-0.53381
-0.56044
-0.58390
-0.60400
-0.62384
-0.63784
-0.64988
-0.65507
-0.65815
-0.65445
-0.64649
-0.63512
-0.62639
-0.61762
-0.60629
-0.59088
-0.56665
-0.54331
-0.51831
-0.50155
-0.48374
-0.46990
-0.45667
-0.43700
-0.42063
-0.40306
-0.38955
-0.37663
-0.36459
-0.35380
-0.34339
-0.33399
-0.32384
-0.31019
-0.29685
-0.28636
-0.27799
-0.27222
-0.26793
-0.26408
-0.25858
-0.25375
-0.24785
-0.24348
-0.24185
-0.23972
-0.24192
-0.24329
-0.24009
-0.23971
-0.24056
-0.24018
-0.24047
-0.23966
-0.23847
-0.23158
-0.21846
-0.20791
-0.19546
-0.18454
-0.18133
-0.17749
-0.16933
-0.16399
-0.15461
-0.14327
-0.12531
-0.10539
-0.08764
-0.06347
-0.04272
-0.02203
-0.00761
0.00613
0.01477
0.02368
0.02904
0.03216
0.04250
0.05176
0.06529
0.07662
0.09070
0.10113
0.10796
0.11345
0.11773
0.12301
0.13424
0.14513
0.15564
0.17008
0.18200
0.19223
0.19834
0.21067
0.22353
0.23736
0.25313
0.26943
0.28859
0.30502
0.32295
0.34422
0.36619
0.38720
0.40183
0.41455
0.42978
0.43963
0.44878
0.45840
0.46659
0.47095
0.47674
0.48323
0.48502
0.48812
0.48560
0.48711
0.48968
0.48871
0.49113
0.49078
0.49096
0.48959
0.49439
0.50060
0.50064
0.50083
0.50011
0.50083
0.50278
0.50285
0.50255
0.50193
0.50224
0.50557
0.50469
0.50380
0.50196
0.49925
0.49846
0.49655
0.49324
0.48932
0.48833
0.48656
0.48669
0.48673
0.48325
0.47805
0.47360
0.47283
0.47113
0.46754
0.46784
0.46423
0.46161
0.46125
0.45698
0.45841
0.45637
0.45673
0.45738
0.45469
0.45503
0.45130
0.44118
0.42607
0.41296
0.39817
0.38294
0.37035
0.35758
0.34286
0.32643
0.30821
0.28716
0.25914
0.22877
0.20372
0.17677
0.15223
0.12989
0.10628
0.07955
0.04534
0.01436
-0.01091
-0.03370
-0.05397
-0.07040
-0.08334
-0.09735
-0.10555
-0.11012
-0.11234
-0.11752
-0.12915
-0.14342
-0.15791
-0.15907
-0.15221
-0.14213
-0.13452
-0.12951
-0.12877
-0.14188
-0.15977
-0.17644
-0.19346
-0.20653
-0.21340
-0.22241
-0.23732
-0.25215
-0.26284
-0.27718
-0.29369
-0.31184
-0.33359
-0.35864
-0.38133
-0.39702
-0.41384
-0.43077
-0.44715
-0.45999
-0.47044
-0.48069
-0.48938
-0.49859
-0.50532
-0.50947
-0.51201
-0.51288
-0.51559
-0.51956
-0.52255
-0.52772
-0.53189
-0.53086
-0.52953
-0.52641
-0.51924
-0.51250
-0.50739
-0.50315
-0.50365
-0.50312
-0.49880
-0.49395
-0.48456
-0.47526
-0.46793
-0.46028
-0.45360
-0.44709
-0.43415
-0.42132
-0.40921
-0.39274
-0.37668
-0.36239
-0.35055
-0.33972
-0.33181
-0.32139
-0.31099
-0.30564
-0.30115
-0.29659
-0.29322
-0.29141
-0.28621
-0.27970
-0.27265
-0.26768
-0.26878
-0.26658
-0.26213
-0.26224
-0.26367
-0.26429
-0.26812
-0.27227
-0.27550
-0.27307
-0.26576
-0.25623
-0.23927
-0.22567
-0.21815
-0.21367
-0.20748
-0.20100
-0.19569
-0.18443
-0.17157
-0.15922
-0.14549
-0.13123
-0.11479
-0.09808
-0.07886
-0.05975
-0.04153
-0.02477
-0.00939
0.00386
0.00786
0.01367
0.02127
0.02691
0.03170
0.03890
0.04912
0.06384
0.08162
0.09865
0.11564
0.13061
0.14517
0.16152
0.17548
0.18922
0.20721
0.21856
0.22924
0.24314
0.25537
0.26470
0.27779
0.29397
0.30833
0.32628
0.34339
0.35743
0.36934
0.38375
0.39800
0.40956
0.41960
0.42667
0.43883
0.44900
0.46134
0.47328
0.48100
0.48901
0.49532
0.50298
0.50622
0.51306
0.51821
0.52266
0.52761
0.53038
0.52849
0.52824
0.52469
0.52166
0.52359
0.52214
0.52439
0.51919
0.51755
0.51117
0.50314
0.49962
0.49358
0.48845
0.48484
0.47718
0.46995
0.46925
0.46716
0.46507
0.46197
0.46445
0.46375
0.45813
0.45507
0.45422
0.45256
0.45103
0.45041
0.44656
0.44037
0.43574
0.42944
0.42025
0.41295
0.40764
0.39791
0.38904
0.38021
0.37128
0.36778
0.36169
0.35465
0.34480
0.33931
0.33129
0.32404
0.31981
0.31307
0.31011
0.30597
0.29344
0.27743
0.25901
0.23468
0.20857
0.17798
0.14831
0.11816
0.09566
0.07714
0.06000
0.04112
0.02065
-0.00449
-0.03415
-0.05531
-0.07339
-0.09093
-0.10962
-0.12533
-0.14196
-0.14946
-0.15305
-0.15363
-0.15845
-0.17280
-0.18899
-0.20670
-0.21842
-0.22756
-0.22871
-0.23686
-0.24783
-0.25869
-0.27408
-0.28973
-0.30513
-0.31442
-0.32646
-0.33256
-0.33349
-0.34226
-0.35240
-0.36320
-0.37477
-0.38831
-0.39996
-0.41141
-0.42818
-0.44159
-0.45200
-0.45928
-0.46513
-0.47241
-0.48260
-0.49667
-0.51367
-0.52539
-0.53613
-0.54619
-0.55424
-0.56486
-0.57519
-0.58541
-0.59321
-0.60717
-0.61431
-0.61548
-0.61852
-0.62045
-0.61895
-0.61711
-0.61524
-0.60893
-0.60411
-0.59207
-0.58117
-0.57002
-0.55736
-0.54344
-0.52818
-0.51696
-0.50234
-0.49156
-0.47879
-0.46316
-0.45085
-0.43725
-0.42636
-0.41526
-0.40265
-0.39075
-0.38034
-0.36968
-0.35928
-0.35041
-0.34266
-0.33802
-0.32968
-0.32062
-0.30972
-0.29758
-0.28682
-0.27851
-0.27436
-0.26922
-0.26838
-0.27058
-0.27443
-0.27840
-0.28171
-0.28634
-0.29145
-0.29048
-0.27494
-0.24947
-0.21919
-0.19356
-0.18454
-0.18919
-0.19916
-0.20440
-0.20457
-0.20048
-0.18600
-0.16417
-0.13966
-0.11695
-0.09374
-0.07305
-0.06154
-0.05241
-0.03904
-0.02446
-0.01340
-0.00871
-0.00491
-0.00105
0.00308
0.01424
0.02798
0.03565
0.03868
0.04802
0.06237
0.08604
0.11437
0.13385
0.15021
0.16751
0.18599
0.20447
0.22646
0.24886
0.26912
0.29623
0.32781
0.36172
0.38685
0.40799
0.42877
0.44311
0.45565
0.46498
0.47484
0.47764
0.48793
0.49631
0.49811
0.49814
0.49771
0.50216
0.50746
0.51998
0.52826
0.53257
0.53150
0.53541
0.53664
0.54326
0.55061
0.54807
0.55027
0.55289
0.55723
0.56009
0.56417
0.56618
0.56426
0.55529
0.55601
0.55747
0.55303
0.54885
0.54166
0.53385
0.51701
0.50297
0.48840
0.48123
0.48098
0.47601
0.46925
0.45920
0.44961
0.44100
0.43794
0.43307
0.42351
0.41438
0.40481
0.39772
0.39545
0.39504
0.39471
0.39268
0.38902
0.39058
0.39042
0.39211
0.39093
0.38761
0.38343
0.37380
0.36693
0.35417
0.34624
0.34278
0.33609
0.33073
0.32230
0.31033
0.30000
0.28255
0.26204
0.23866
0.21058
0.18154
0.14769
0.11680
0.08054
0.04675
0.01390
-0.01283
-0.03120
-0.04977
-0.07231
-0.09966
-0.12182
-0.14017
-0.15017
-0.15632
-0.16245
-0.16813
-0.17775
-0.19255
-0.19869
-0.20440
-0.20905
-0.21567
-0.23617
-0.25642
-0.27082
-0.27527
-0.27205
-0.27067
-0.27125
-0.27391
-0.28837
-0.30488
-0.32256
-0.33864
-0.34807
-0.35049
-0.35106
-0.35280
-0.35561
-0.35928
-0.36192
-0.37213
-0.37723
-0.38520
-0.39901
-0.41233
-0.42685
-0.44086
-0.45617
-0.46877
-0.47702
-0.47964
-0.48419
-0.49309
-0.50411
-0.51477
-0.52279
-0.52970
-0.53857
-0.54223
-0.54106
-0.54596
-0.54569
-0.54998
-0.55355
-0.54883
-0.54711
-0.53820
-0.53731
-0.54173
-0.54243
-0.54278
-0.53492
-0.52796
-0.52121
-0.51246
-0.50486
-0.49299
-0.48825
-0.48087
-0.46982
-0.46352
-0.45156
-0.43894
-0.42303
-0.41075
-0.39745
-0.38146
-0.37035
-0.36439
-0.36036
-0.35580
-0.35068
-0.34122
-0.33249
-0.32767
-0.32287
-0.31597
-0.31025
-0.30187
-0.29403
-0.28250
-0.26924
-0.25983
-0.25343
-0.24935
-0.24768
-0.25229
-0.25521
-0.25362
-0.24996
-0.24214
-0.23056
-0.21894
-0.20587
-0.19477
-0.18766
-0.18373
-0.18022
-0.17405
-0.17089
-0.16591
-0.15515
-0.14417
-0.13496
-0.12284
-0.10996
-0.09871
-0.08412
-0.07116
-0.05525
-0.03847
-0.02132
-0.00625
0.00719
0.02551
0.04448
0.06064
0.07219
0.08641
0.10150
0.12066
0.13753
0.15813
0.17853
0.19667
0.21735
0.23405
0.25140
0.26967
0.28518
0.29779
0.31372
0.32803
0.34406
0.35941
0.37724
0.39217
0.41053
0.42813
0.44497
0.45535
0.46126
0.47492
0.48282
0.49497
0.50136
0.51523
0.52736
0.53573
0.54509
0.55123
0.55770
0.56176
0.56948
0.57410
0.58010
0.58183
0.58180
0.58141
0.57727
0.57421
0.57508
0.57352
0.57062
0.56792
0.56803
0.56823
0.56435
0.55957
0.55564
0.55564
0.55126
0.54493
0.54022
0.53183
0.52123
0.51467
0.51397
0.51654
0.51005
0.49564
0.48734
0.48209
0.47244
0.46652
0.46114
0.45394
0.45080
0.44600
0.44363
0.44228
0.43629
0.43429
0.43591
0.43268
0.43005
0.42845
0.42376
0.41640
0.40803
0.40233
0.39789
0.39348
0.39143
0.38867
0.38582
0.38098
0.37241
0.35958
0.34667
0.33169
0.30961
0.29248
0.27324
0.24924
0.22353
0.19220
0.15834
0.13050
0.10837
0.08578
0.06749
0.04949
0.03061
0.00891
-0.01223
-0.02810
-0.04433
-0.05793
-0.07334
-0.08769
-0.10304
-0.11778
-0.12703
-0.13889
-0.14958
-0.16566
-0.18732
-0.20854
-0.22695
-0.23732
-0.24412
-0.25229
-0.26415
-0.28051
-0.30109
-0.32370
-0.33996
-0.35263
-0.36370
-0.37024
-0.37710
-0.38499
-0.39095
-0.39863
-0.40638
-0.41216
-0.42079
-0.42787
-0.43674
-0.44500
-0.45460
-0.46295
-0.47052
-0.47686
-0.48211
-0.49028
-0.49622
-0.50828
-0.51494
-0.51864
-0.52591
-0.53550
-0.54466
-0.55110
-0.55358
-0.55263
-0.55114
-0.54780
-0.54435
-0.53788
-0.53530
-0.53224
-0.53252
-0.53257
-0.53220
-0.53344
-0.53124
-0.52881
-0.52306
-0.51392
-0.50292
-0.49309
-0.48136
-0.47296
-0.46562
-0.45557
-0.44288
-0.42980
-0.41593
-0.40389
-0.39559
-0.38667
-0.38120
-0.37792
-0.37677
-0.37740
-0.37995
-0.38037
-0.37973
-0.37953
-0.37561
-0.36927
-0.36762
-0.36541
-0.36049
-0.35762
-0.35107
-0.34221
-0.33070
-0.31740
-0.30360
-0.28957
-0.27908
-0.27252
-0.26638
-0.26189
-0.26012
-0.25425
-0.24620
-0.24095
-0.23445
-0.22934
-0.22372
-0.21690
-0.21209
-0.20364
-0.19304
-0.18353
-0.17595
-0.16609
-0.15257
-0.13887
-0.12688
-0.11217
-0.09793
-0.08817
-0.07693
-0.06193
-0.04508
-0.03110
-0.01520
0.00312
0.02013
0.03533
0.05328
0.07019
0.08503
0.09919
0.11560
0.13616
0.15462
0.18019
0.20405
0.22199
0.23831
0.25208
0.26717
0.28430
0.30181
0.32203
0.34055
0.35543
0.37070
0.37808
0.38641
0.39730
0.40604
0.41216
0.42076
0.43000
0.43536
0.44145
0.44873
0.45847
0.46483
0.47068
0.47592
0.48178
0.48922
0.49552
0.49972
0.50406
0.50875
0.50773
0.50779
0.50988
0.50705
0.50692
0.50915
0.50723
0.50688
0.50620
0.50470
0.50254
0.49941
0.49378
0.49042
0.49039
0.48493
0.48027
0.47829
0.47191
0.46536
0.46278
0.45752
0.44927
0.43665
0.42076
0.40896
0.40432
0.40991
0.42224
0.43535
0.44458
0.44032
0.43009
0.41425
0.39739
0.38805
0.38432
0.38914
0.39399
0.40496
0.41141
0.40928
0.40459
0.39799
0.39394
0.39022
0.38271
0.37390
0.36539
0.34983
0.33852
0.32534
0.31064
0.29399
0.27101
0.24302
0.21360
0.18408
0.15051
0.12172
0.10488
0.09771
0.08542
0.06695
0.03999
0.00950
-0.02277
-0.04790
-0.06106
-0.06893
-0.06951
-0.07241
-0.07673
-0.08211
-0.09091
-0.09697
-0.10667
-0.12533
-0.14667
-0.16674
-0.18210
-0.19647
-0.21046
-0.22966
-0.25966
-0.29637
-0.33240
-0.36747
-0.40007
-0.42425
-0.44238
-0.45334
-0.45811
-0.47311
-0.47557
-0.46531
-0.47099
-0.46944
-0.47009
-0.46953
-0.46464
-0.46475
-0.46176
-0.45663
-0.45273
-0.44731
-0.44266
-0.44763
-0.45426
-0.46289
-0.47349
-0.48529
-0.49404
-0.50323
-0.50857
-0.51311
-0.51759
-0.52029
-0.51925
-0.51113
-0.50411
-0.49504
-0.48947
-0.48430
-0.48215
-0.48142
-0.47644
-0.47102
-0.46560
-0.45637
-0.44616
-0.44013
-0.43442
-0.42738
-0.42038
-0.41426
-0.40839
-0.40166
-0.39670
-0.39610
-0.39019
-0.37768
-0.36254
-0.34717
-0.32925
-0.31234
-0.30058
-0.29215
-0.28529
-0.27284
-0.26391
-0.25411
-0.23899
-0.22698
-0.21434
-0.20439
-0.19693
-0.19384
-0.19151
-0.18957
-0.18907
-0.18448
-0.17795
-0.16724
-0.15786
-0.14910
-0.14453
-0.13874
-0.12871
-0.12449
-0.11972
-0.11718
-0.11607
-0.11296
-0.11105
-0.10798
-0.10868
-0.10993
-0.10667
-0.10419
-0.10036
-0.09453
-0.08625
-0.07483
-0.06351
-0.05286
-0.03778
-0.02735
-0.01946
-0.00733
0.00067
0.00815
0.02233
0.04040
0.05695
0.07718
0.09688
0.11179
0.12400
0.13658
0.15290
0.17070
0.18688
0.20321
0.21900
0.23711
0.25634
0.27275
0.29184
0.30941
0.32678
0.34513
0.36415
0.38492
0.40260
0.42294
0.44370
0.45861
0.47286
0.48388
0.49455
0.50252
0.50699
0.51084
0.51490
0.52248
0.53121
0.53718
0.54290
0.54850
0.54723
0.54487
0.53963
0.53857
0.54230
0.54597
0.54881
0.54834
0.54612
0.54450
0.54115
0.53411
0.53112
0.52871
0.52856
0.52992
0.53161
0.53141
0.53096
0.52678
0.52364
0.52202
0.51481
0.51149
0.50041
0.48472
0.47170
0.45885
0.44760
0.44072
0.43924
0.43650
0.42992
0.42026
0.41225
0.40078
0.39378
0.38878
0.38104
0.37813
0.37427
0.37398
0.37179
0.36797
0.36651
0.36349
0.35739
0.35385
0.35223
0.34809
0.34446
0.34015
0.33316
0.32748
0.31964
0.31114
0.30639
0.29972
0.30104
0.30014
0.29957
0.29741
0.29138
0.28384
0.26854
0.25172
0.23650
0.22196
0.19989
0.17494
0.14922
0.12422
0.09839
0.08042
0.06357
0.04793
0.03250
0.01136
-0.00576
-0.02883
-0.05161
-0.07016
-0.09589
-0.12647
-0.15710
-0.18711
-0.21056
-0.22718
-0.24382
-0.26182
-0.28164
-0.31081
-0.33518
-0.35677
-0.37296
-0.38459
-0.39857
-0.40697
-0.42190
-0.43475
-0.44542
-0.45835
-0.47174
-0.48239
-0.49533
-0.50965
-0.52385
-0.53707
-0.54757
-0.55589
-0.55830
-0.56125
-0.56110
-0.56799
-0.57349
-0.57944
-0.58734
-0.58815
-0.58827
-0.58378
-0.57908
-0.57579
-0.57679
-0.57676
-0.57484
-0.57487
-0.57035
-0.56217
-0.54942
-0.53799
-0.53574
-0.52964
-0.52611
-0.52267
-0.51650
-0.51273
-0.50618
-0.50135
-0.49876
-0.50116
-0.50197
-0.50158
-0.49561
-0.48822
-0.47727
-0.46379
-0.45424
-0.44338
-0.43274
-0.42212
-0.40818
-0.39174
-0.37910
-0.36104
-0.34696
-0.33563
-0.32745
-0.31973
-0.31045
-0.30257
-0.28983
-0.27699
-0.26344
-0.25432
-0.24661
-0.24046
-0.23394
-0.22652
-0.22121
-0.21560
-0.20890
-0.20331
-0.19643
-0.19070
-0.18476
-0.17775
-0.17467
-0.17061
-0.16987
-0.16872
-0.16410
-0.15674
-0.14585
-0.13605
-0.12128
-0.10652
-0.09497
-0.08145
-0.07016
-0.05704
-0.04294
-0.02791
-0.01419
-0.00302
0.00689
0.02101
0.03511
0.04689
0.06436
0.08052
0.09699
0.11417
0.12980
0.14399
0.16037
0.17347
0.18707
0.20180
0.21785
0.23323
0.24640
0.26469
0.28490
0.31071
0.33351
0.35895
0.38346
0.40259
0.42508
0.45056
0.46966
0.48656
0.50925
0.52890
0.54607
0.56236
0.58021
0.59210
0.59752
0.60160
0.60637
0.60658
0.60825
0.60956
0.61163
0.61647
0.61524
0.61782
0.61528
0.61049
0.60782
0.60597
0.60516
0.60132
0.59852
0.59238
0.58347
0.57286
0.56392
0.55637
0.54836
0.54745
0.54468
0.54177
0.53795
0.53266
0.52860
0.52487
0.51840
0.50464
0.49052
0.47193
0.45254
0.42902
0.40533
0.38211
0.35762
0.33585
0.31801
0.30112
0.28126
0.26383
0.25308
0.24409
0.23412
0.23043
0.22979
0.23111
0.23033
0.23421
0.23819
0.24172
0.24625
0.24960
0.24933
0.24704
0.24691
0.24411
0.24175
0.23540
0.23154
0.23076
0.22677
0.21899
0.21057
0.20032
0.19361
0.18884
0.17811
0.16476
0.15649
0.14271
0.12226
0.10715
0.08384
0.05264
0.02525
0.00484
-0.01287
-0.02858
-0.04606
-0.06087
-0.08060
-0.10469
-0.12060
-0.13114
-0.13983
-0.15818
-0.18135
-0.20574
-0.23108
-0.24880
-0.26046
-0.27722
-0.29763
-0.32066
-0.35158
-0.38072
-0.40715
-0.43118
-0.44921
-0.46440
-0.47640
-0.48886
-0.50319
-0.51322
-0.52393
-0.53767
-0.54684
-0.55598
-0.56718
-0.57881
-0.58700
-0.59002
-0.59126
-0.58865
-0.58284
-0.57634
-0.57478
-0.57499
-0.56847
-0.56192
-0.55961
-0.55395
-0.54644
-0.54226
-0.53759
-0.53078
-0.52595
-0.51578
-0.50192
-0.49037
-0.48001
-0.47455
-0.46397
-0.45319
-0.44401
-0.43159
-0.41975
-0.40855
-0.40396
-0.39836
-0.39298
-0.38765
-0.38047
-0.37378
-0.36605
-0.36141
-0.35635
-0.34992
-0.34240
-0.33263
-0.31908
-0.30758
-0.29938
-0.29321
-0.28834
-0.28404
-0.27481
-0.26259
-0.25571
-0.24620
-0.23686
-0.23002
-0.22523
-0.22079
-0.21614
-0.21279
-0.20496
-0.19306
-0.18724
-0.18345
-0.18038
-0.18138
-0.17784
-0.17357
-0.16485
-0.15287
-0.13925
-0.12204
-0.10953
-0.09719
-0.08812
-0.08065
-0.07299
-0.06776
-0.06020
-0.05459
-0.04602
-0.03537
-0.02279
-0.01007
0.00187
0.01347
0.02180
0.02897
0.03140
0.03701
0.04437
0.05276
0.06193
0.07251
0.08457
0.09402
0.10557
0.11405
0.12141
0.13124
0.14174
0.15796
0.17663
0.19317
0.20885
0.22582
0.24178
0.25479
0.27311
0.28921
0.30178
0.31771
0.33607
0.35262
0.36696
0.38042
0.39481
0.40971
0.42173
0.43421
0.44320
0.45319
0.45958
0.46696
0.47469
0.48191
0.48945
0.49151
0.49531
0.49412
0.49061
0.48706
0.48248
0.47864
0.47613
0.47150
0.46665
0.45904
0.45179
0.44090
0.42956
0.42670
0.42076
0.42069
0.41492
0.40593
0.40126
0.39260
0.38339
0.37349
0.36589
0.35897
0.35235
0.34577
0.34208
0.33773
0.32819
0.31994
0.31459
0.30557
0.29901
0.29302
0.28227
0.27136
0.25401
0.23993
0.22888
0.22011
0.21527
0.20958
0.19998
0.18524
0.17346
0.16403
0.15572
0.14592
0.14354
0.14170
0.13633
0.13265
0.13307
0.13347
0.13477
0.13967
0.14017
0.14265
0.14105
0.14375
0.14775
0.14886
0.14830
0.14983
0.15004
0.14256
0.13625
0.13092
0.12480
0.11473
0.10767
0.09821
0.08965
0.07562
0.05712
0.03657
0.00940
-0.01499
-0.03412
-0.04849
-0.06367
-0.08166
-0.10159
-0.11850
-0.13566
-0.14543
-0.15154
-0.16013
-0.17018
-0.18555
-0.19758
-0.20631
-0.21436
-0.22361
-0.24101
-0.26291
-0.28248
-0.30165
-0.31845
-0.33392
-0.34932
-0.36130
-0.37763
-0.39625
-0.40776
-0.41793
-0.43019
-0.44449
-0.45775
-0.47433
-0.49077
-0.50006
-0.50681
-0.50838
-0.50550
-0.50165
-0.49663
-0.49220
-0.48808
-0.48386
-0.47767
-0.46671
-0.45770
-0.45242
-0.44877
-0.44718
-0.44766
-0.44408
-0.43521
-0.42304
-0.40844
-0.39291
-0.37845
-0.36840
-0.36117
-0.35544
-0.34531
-0.33070
-0.31619
-0.30248
-0.29073
-0.28135
-0.27517
-0.27049
-0.26278
-0.25719
-0.24847
-0.23976
-0.23634
-0.23226
-0.23173
-0.22815
-0.22077
-0.20971
-0.19732
-0.19213
-0.18859
-0.18404
-0.18093
-0.17470
-0.16606
-0.15456
-0.14304
-0.13332
-0.12563
-0.12238
-0.11903
-0.11607
-0.11521
-0.11358
-0.10704
-0.10018
-0.09255
-0.08566
-0.07815
-0.07010
-0.06570
-0.05750
-0.04771
-0.03745
-0.02595
-0.01270
0.00208
0.01382
0.02638
0.03972
0.05171
0.06385
0.07319
0.08228
0.09221
0.10454
0.11994
0.13351
0.14619
0.15829
0.16790
0.17423
0.17793
0.18343
0.19112
0.19642
0.20528
0.21681
0.22679
0.24025
0.25056
0.25999
0.27215
0.28271
0.29486
0.30941
0.32569
0.34035
0.35405
0.36493
0.37720
0.39155
0.40412
0.41492
0.42399
0.43578
0.44384
0.45314
0.46579
0.47890
0.49184
0.50547
0.52013
0.53230
0.54106
0.54644
0.55234
0.55830
0.56302
0.56800
0.57733
0.58262
0.58322
0.58448
0.58323
0.57592
0.56608
0.55867
0.55160
0.54460
0.53837
0.53383
0.53023
0.52351
0.51762
0.51261
0.50253
0.49542
0.49022
0.48288
0.47235
0.46100
0.44958
0.43923
0.43172
0.42355
0.41573
0.41024
0.40472
0.39927
0.39461
0.38549
0.37794
0.36902
0.35797
0.35025
0.34066
0.33025
0.31708
0.30108
0.28329
0.26604
0.25823
0.25074
0.24069
0.23194
0.22334
0.21346
0.20393
0.19970
0.19391
0.18981
0.18518
0.17734
0.17094
0.16461
0.15884
0.15432
0.15227
0.15142
0.15000
0.14625
0.14534
0.14656
0.14370
0.14214
0.13624
0.12407
0.11147
0.09797
0.08791
0.07612
0.06197
0.04419
0.02244
0.00011
-0.02175
-0.04030
-0.06344
-0.08828
-0.12140
-0.15011
-0.16985
-0.19464
-0.21289
-0.23474
-0.25617
-0.27998
-0.30191
-0.31794
-0.33220
-0.33782
-0.34665
-0.35854
-0.37523
-0.39265
-0.40965
-0.42066
-0.42944
-0.43884
-0.44736
-0.46110
-0.47663
-0.49372
-0.50865
-0.52346
-0.53608
-0.55060
-0.56932
-0.58664
-0.60505
-0.62346
-0.63372
-0.63949
-0.64247
-0.64071
-0.63810
-0.63740
-0.63310
-0.62542
-0.61594
-0.60440
-0.59588
-0.58522
-0.57809
-0.56872
-0.56041
-0.55187
-0.53898
-0.52741
-0.51069
-0.49185
-0.47297
-0.45382
-0.43477
-0.42261
-0.41061
-0.39977
-0.39366
-0.38731
-0.38524
-0.38596
-0.38954
-0.39509
-0.40591
-0.41968
-0.43147
-0.44245
-0.45001
-0.45924
-0.46471
-0.46806
-0.47574
-0.48041
-0.48029
-0.47391
-0.46405
-0.45401
-0.44563
-0.43861
-0.43111
-0.42207
-0.41577
-0.40786
-0.39473
-0.38325
-0.37381
-0.36603
-0.36082
-0.35667
-0.35261
-0.34760
-0.33741
-0.32692
-0.31230
-0.29492
-0.28405
-0.27260
-0.26253
-0.25451
-0.24343
-0.23251
-0.21831
-0.20306
-0.18954
-0.17181
-0.15684
-0.14504
-0.13338
-0.12522
-0.11082
-0.09626
-0.08560
-0.07380
-0.06275
-0.04952
-0.03776
-0.02631
-0.01665
-0.00817
-0.00292
0.00270
0.01180
0.02145
0.03205
0.04479
0.06010
0.07235
0.08645
0.09781
0.10731
0.11839
0.12845
0.14052
0.15590
0.16917
0.18269
0.19826
0.20924
0.21740
0.22490
0.23133
0.23801
0.24869
0.26273
0.28154
0.30043
0.31765
0.33795
0.35734
0.37065
0.38113
0.38824
0.39494
0.39884
0.40401
0.41340
0.42291
0.43829
0.45152
0.46026
0.46578
0.46874
0.46721
0.46613
0.46475
0.46162
0.45839
0.45429
0.44755
0.44144
0.43533
0.42643
0.42119
0.41648
0.41776
0.41919
0.41588
0.40915
0.40663
0.40496
0.39675
0.39247
0.39266
0.39046
0.38803
0.38737
0.38688
0.38381
0.37889
0.37566
0.37207
0.36956
0.36455
0.36022
0.35426
0.34558
0.33303
0.32339
0.31927
0.31569
0.31494
0.31188
0.30584
0.29875
0.28940
0.28126
0.27696
0.26931
0.26285
0.25689
0.24944
0.24307
0.23861
0.23486
0.23122
0.22895
0.22450
0.21805
0.21553
0.21251
0.20942
0.20644
0.20279
0.19545
0.18332
0.17852
0.16766
0.15704
0.14909
0.13728
0.12319
0.10714
0.09624
0.08443
0.07203
0.05964
0.04256
0.02289
0.00566
-0.00772
-0.01585
-0.02265
-0.02996
-0.03856
-0.04287
-0.04357
-0.04650
-0.05011
-0.06246
-0.07995
-0.09806
-0.11639
-0.13285
-0.14966
-0.16580
-0.18011
-0.19497
-0.21256
-0.22920
-0.24951
-0.27343
-0.29659
-0.32224
-0.34605
-0.36170
-0.37328
-0.37965
-0.38192
-0.38465
-0.38771
-0.38920
-0.38518
-0.38030
-0.36855
-0.35511
-0.34141
-0.32658
-0.31337
-0.29658
-0.28281
-0.26842
-0.25000
-0.23608
-0.22769
-0.21785
-0.21028
-0.20493
-0.19819
-0.18959
-0.18085
-0.16825
-0.15575
-0.15084
-0.14858
-0.15246
-0.15863
-0.15794
-0.15444
-0.14978
-0.14534
-0.14590
-0.14883
-0.15320
-0.15861
-0.16612
-0.17009
-0.17394
-0.18069
-0.18681
-0.19780
-0.21022
-0.21997
-0.22438
-0.22499
-0.22445
-0.22509
-0.22842
-0.23474
-0.24090
-0.24526
-0.24886
-0.24835
-0.24519
-0.24218
-0.23787
-0.23280
-0.22665
-0.21998
-0.21595
-0.20703
-0.19891
-0.19181
-0.18142
-0.17333
-0.16565
-0.16159
-0.15525
-0.14810
-0.14018
-0.12985
-0.12032
-0.11119
-0.10464
-0.09596
-0.08643
-0.07637
-0.06689
-0.06200
-0.05866
-0.05615
-0.05598
-0.05224
-0.04815
-0.04502
-0.03862
-0.03449
-0.03089
-0.02950
-0.03112
-0.03244
-0.03474
-0.03013
-0.02019
-0.01148
0.00040
0.00864
0.01433
0.01878
0.01925
0.02358
0.02912
0.03433
0.04328
0.05040
0.05611
0.06318
0.06738
0.07287
0.07973
0.08690
0.09377
0.10028
0.10740
0.11647
0.12661
0.13761
0.15041
0.15930
0.16919
0.17580
0.18029
0.18688
0.19054
0.19889
0.20732
0.21626
0.22628
0.23493
0.24214
0.24538
0.24703
0.24335
0.24305
0.24284
0.24075
0.24035
0.24188
0.24427
0.24324
0.24422
0.24484
0.24729
0.25185
0.25696
0.26026
0.25903
0.25637
0.25327
0.24824
0.24792
0.24732
0.24677
0.24810
0.24386
0.24172
0.24138
0.24205
0.24350
0.24380
0.24093
0.23577
0.23035
0.22468
0.21266
0.19868
0.18344
0.17107
0.16475
0.15700
0.15307
0.14640
0.14057
0.13549
0.13009
0.12674
0.12425
0.12690
0.12764
0.12828
0.13111
0.12973
0.13022
0.13567
0.14143
0.14394
0.14780
0.15086
0.15385
0.16102
0.16588
0.17151
0.17217
0.16965
0.16367
0.15569
0.15580
0.15907
0.16044
0.15992
0.15685
0.15032
0.14251
0.13518
0.13249
0.12712
0.11459
0.10134
0.08928
0.07814
0.06990
0.06602
0.06415
0.05971
0.04871
0.03755
0.02384
0.01096
0.00369
-0.00669
-0.01715
-0.03275
-0.05138
-0.06738
-0.08361
-0.09842
-0.10974
-0.12325
-0.14170
-0.16256
-0.18888
-0.21232
-0.22861
-0.24016
-0.24488
-0.24719
-0.25547
-0.26426
-0.27039
-0.26996
-0.26532
-0.25916
-0.24970
-0.24100
-0.23038
-0.22166
-0.21255
-0.19851
-0.18142
-0.16352
-0.14494
-0.13320
-0.12314
-0.11416
-0.10977
-0.10224
-0.09414
-0.08382
-0.07370
-0.06519
-0.05671
-0.05274
-0.05384
-0.05523
-0.05682
-0.05682
-0.05354
-0.04745
-0.04590
-0.04804
-0.05321
-0.06404
-0.07214
-0.07894
-0.08816
-0.10025
-0.11285
-0.12652
-0.14498
-0.16377
-0.17569
-0.18407
-0.18707
-0.19101
-0.19745
-0.20313
-0.21130
-0.21686
-0.22215
-0.22476
-0.22460
-0.22153
-0.21706
-0.20972
-0.20214
-0.19601
-0.18578
-0.17825
-0.16963
-0.15747
-0.14672
-0.13580
-0.12580
-0.11830
-0.11047
-0.10655
-0.10482
-0.10145
-0.10035
-0.09787
-0.09316
-0.08936
-0.08694
-0.08488
-0.08604
-0.08851
-0.09073
-0.09502
-0.09870
-0.10145
-0.10240
-0.09946
-0.09603
-0.09393
-0.09283
-0.09412
-0.09476
-0.09517
-0.09473
-0.09221
-0.08688
-0.07849
-0.06688
-0.05537
-0.04547
-0.03773
-0.03488
-0.02855
-0.02178
-0.01706
-0.01138
-0.00793
-0.00545
-0.00460
-0.00349
-0.00081
0.00268
0.00761
0.01270
0.01874
0.02237
0.02920
0.03794
0.04815
0.06017
0.06876
0.07851
0.08415
0.08854
0.09181
0.09710
0.10264
0.11028
0.12167
0.13722
0.15439
0.16564
0.17847
0.18338
0.18537
0.18412
0.18216
0.18137
0.17588
0.16931
0.16143
0.15214
0.13943
0.12673
0.11507
0.10759
0.10491
0.10649
0.10644
0.10544
0.10308
0.10426
0.10767
0.11302
0.12052
0.12721
0.13734
0.14331
0.15032
0.15454
0.15442
0.15500
0.15425
0.15019
0.14609
0.13803
0.12724
0.11467
0.09823
0.08355
0.07096
0.06293
0.05869
0.05630
0.05204
0.04789
0.04166
0.03776
0.03501
0.03511
0.03644
0.03591
0.03757
0.03751
0.03804
0.04531
0.05373
0.05435
0.05696
0.05786
0.06199
0.06838
0.07556
0.08687
0.09350
0.09670
0.09783
0.09909
0.10074
0.10635
0.11002
0.11112
0.11107
0.11150
0.11855
0.12506
0.13141
0.13573
0.13019
0.11858
0.10734
0.09954
0.09525
0.08894
0.07921
0.06700
0.05231
0.04357
0.03785
0.03089
0.02278
0.00951
-0.00586
-0.02284
-0.04147
-0.05632
-0.06977
-0.08943
-0.10902
-0.13219
-0.15793
-0.17997
-0.20239
-0.22121
-0.23569
-0.24677
-0.25512
-0.25815
-0.25822
-0.25638
-0.25362
-0.25176
-0.24653
-0.23600
-0.22316
-0.20791
-0.18939
-0.17225
-0.15613
-0.14059
-0.12204
-0.10330
-0.08416
-0.06562
-0.05131
-0.03908
-0.02993
-0.02095
-0.01143
-0.00150
0.00826
0.01787
0.02603
0.03212
0.03524
0.03585
0.03495
0.03142
0.02963
0.02969
0.03159
0.03340
0.03195
0.02828
0.01862
0.00647
-0.00559
-0.01827
-0.02880
-0.03626
-0.04678
-0.06125
-0.07664
-0.09101
-0.09957
-0.10490
-0.10880
-0.11490
-0.12155
-0.12779
-0.13079
-0.13411
-0.13576
-0.13203
-0.12364
-0.11394
-0.10787
-0.09804
-0.09196
-0.08782
-0.08267
-0.07566
-0.06919
-0.06358
-0.05351
-0.04268
-0.03587
-0.03177
-0.02651
-0.02259
-0.02022
-0.01732
-0.01343
-0.00921
-0.00010
0.00942
0.01655
0.02439
0.03402
0.03793
0.03537
0.03366
0.03381
0.03389
0.03266
0.03501
0.03783
0.03919
0.04128
0.03954
0.03611
0.03188
0.02780
0.02612
0.02378
0.02364
0.02671
0.03077
0.02949
0.02916
0.02698
0.02590
0.02661
0.02569
0.02917
0.03064
0.03322
0.03798
0.04355
0.04733
0.05427
0.06181
0.06822
0.07379
0.07796
0.08366
0.09074
0.10228
0.11628
0.12880
0.14023
0.14719
0.14991
0.15228
0.15725
0.16674
0.17502
0.18334
0.19109
0.19843
0.20095
0.20334
0.20319
0.19975
0.19736
0.19604
0.19514
0.19115
0.18796
0.18502
0.18433
0.18285
0.18340
0.18419
0.18711
0.18875
0.19023
0.19063
0.18542
0.17996
0.17552
0.17243
0.17141
0.17339
0.17147
0.16727
0.15709
0.14919
0.14642
0.14222
0.14050
0.13788
0.13228
0.12659
0.11953
0.11251
0.10244
0.08790
0.07539
0.06642
0.05890
0.05303
0.05041
0.04260
0.03588
0.02857
0.02033
0.01527
0.01449
0.01759
0.01818
0.01833
0.01760
0.01867
0.02132
0.02639
0.02868
0.02988
0.03214
0.03607
0.04391
0.05064
0.05880
0.06577
0.06769
0.06927
0.07167
0.07412
0.08131
0.09164
0.10192
0.11034
0.11645
0.12076
0.12429
0.12729
0.12831
0.12559
0.11906
0.11202
0.10210
0.08912
0.07604
0.06800
0.05773
0.04380
0.03176
0.01975
0.00876
-0.00500
-0.01992
-0.03788
-0.05760
-0.07823
-0.09903
-0.11881
-0.13773
-0.15822
-0.17345
-0.18437
-0.19818
-0.20966
-0.22467
-0.23609
-0.24357
-0.24879
-0.24820
-0.24609
-0.24292
-0.23742
-0.23396
-0.22494
-0.21085
-0.19535
-0.17753
-0.16302
-0.15166
-0.14137
-0.12760
-0.11488
-0.09794
-0.07984
-0.05935
-0.04305
-0.03299
-0.02553
-0.01814
-0.01009
-0.00682
0.00016
0.00532
0.00774
0.00813
0.00832
0.00470
-0.00126
-0.01035
-0.01685
-0.01922
-0.02426
-0.02916
-0.03985
-0.05401
-0.06956
-0.08486
-0.09562
-0.10553
-0.11861
-0.13271
-0.14984
-0.16818
-0.18297
-0.19310
-0.19874
-0.19853
-0.19861
-0.19818
-0.19733
-0.19881
-0.19825
-0.19663
-0.19078
-0.18220
-0.17168
-0.16204
-0.15235
-0.14026
-0.12934
-0.11821
-0.10733
-0.09796
-0.08562
-0.07222
-0.06353
-0.05503
-0.04757
-0.04388
-0.03962
-0.03619
-0.03327
-0.03122
-0.02970
-0.02498
-0.02030
-0.01591
-0.00946
-0.00315
0.00041
0.00264
0.00021
-0.00496
-0.00834
-0.01023
-0.00879
-0.00901
-0.00904
-0.01068
-0.01647
-0.02178
-0.02793
-0.03297
-0.03840
-0.04038
-0.03884
-0.03708
-0.03340
-0.03066
-0.03010
-0.03104
-0.03013
-0.02570
-0.02074
-0.01696
-0.01287
-0.00949
-0.00574
-0.00117
0.00565
0.01136
0.01798
0.02596
0.02948
0.03260
0.03684
0.04182
0.04823
0.06000
0.07188
0.08229
0.09041
0.09352
0.09741
0.09958
0.10283
0.11020
0.11807
0.12872
0.13735
0.14619
0.15665
0.16422
0.17019
0.16997
0.17115
0.17377
0.17305
0.17351
0.17348
0.17592
0.17623
0.17288
0.17103
0.17065
0.17240
0.17314
0.17543
0.17248
0.16505
0.16018
0.15669
0.15557
0.15340
0.14997
0.14603
0.13967
0.13261
0.12788
0.12477
0.12530
0.12445
0.12151
0.11529
0.10987
0.10513
0.09720
0.08549
0.07353
0.06522
0.05639
0.05341
0.05199
0.05052
0.04835
0.04663
0.04194
0.03579
0.03220
0.02809
0.02249
0.01789
0.01433
0.00836
0.00625
0.00501
0.00180
-0.00280
-0.00787
-0.01135
-0.00706
-0.00028
0.00996
0.02143
0.02744
0.03323
0.04030
0.05206
0.06619
0.07866
0.08832
0.09717
0.10589
0.11471
0.12568
0.13779
0.14456
0.14870
0.14650
0.14052
0.13580
0.12904
0.11906
0.10354
0.08918
0.07338
0.05811
0.04653
0.03456
0.02250
0.00809
-0.00926
-0.02763
-0.04624
-0.06045
-0.07478
-0.08933
-0.10304
-0.11912
-0.13337
-0.14890
-0.16291
-0.17480
-0.18646
-0.19564
-0.19880
-0.19707
-0.19113
-0.18012
-0.16849
-0.15750
-0.14653
-0.13620
-0.12475
-0.11130
-0.10303
-0.09748
-0.09738
-0.09964
-0.09963
-0.09912
-0.09527
-0.09078
-0.08552
-0.08648
-0.08965
-0.09065
-0.08954
-0.08352
-0.07332
-0.06280
-0.05238
-0.04082
-0.03166
-0.02252
-0.01878
-0.02170
-0.02916
-0.03690
-0.04084
-0.04498
-0.05019
-0.06105
-0.07767
-0.09337
-0.10946
-0.12519
-0.13757
-0.14729
-0.15811
-0.17423
-0.19085
-0.20193
-0.20768
-0.20801
-0.20637
-0.20739
-0.20935
-0.21327
-0.21886
-0.22190
-0.21943
-0.21488
-0.20475
-0.19505
-0.18607
-0.17490
-0.16662
-0.15823
-0.15061
-0.14225
-0.13465
-0.12427
-0.11687
-0.10864
-0.10067
-0.09584
-0.09060
-0.08765
-0.08426
-0.08234
-0.08116
-0.07953
-0.07599
-0.07257
-0.06790
-0.06444
-0.06125
-0.06057
-0.06307
-0.06571
-0.06873
-0.07124
-0.07173
-0.07245
-0.07450
-0.07317
-0.07083
-0.07097
-0.07566
-0.08076
-0.08392
-0.08689
-0.08840
-0.08509
-0.07860
-0.06750
-0.06181
-0.05792
-0.05280
-0.04995
-0.04378
-0.04210
-0.03794
-0.03359
-0.02900
-0.02243
-0.01557
-0.00707
0.00128
0.01241
0.02270
0.03320
0.04185
0.04832
0.05636
0.06615
0.08098
0.09572
0.10886
0.12087
0.12990
0.13822
0.14356
0.14895
0.15820
0.16947
0.18288
0.19610
0.20663
0.21599
0.22361
0.22894
0.23141
0.23285
0.23113
0.22740
0.22607
0.22679
0.22794
0.23017
0.23267
0.23447
0.23752
0.24153
0.24680
0.24991
0.24660
0.23808
0.23159
0.22724
0.22615
0.22449
0.22173
0.21768
0.21142
0.20289
0.19580
0.19502
0.19484
0.19343
0.18729
0.17870
0.16812
0.15899
0.14955
0.14016
0.12679
0.11397
0.10378
0.09145
0.08424
0.07814
0.07417
0.07124
0.06623
0.06093
0.05888
0.05949
0.06403
0.06756
0.07165
0.07590
0.08096
0.09104
0.09728
0.10132
0.10526
0.11053
0.11709
0.12684
0.14153
0.15693
0.16859
0.17582
0.17922
0.18231
0.19141
0.20041
0.20822
0.21426
0.21633
0.21777
0.21465
0.21248
0.20883
0.19990
0.18538
0.16626
0.14843
0.13088
0.11633
0.10243
0.08667
0.06932
0.05232
0.03508
0.01990
0.00663
-0.01027
-0.02759
-0.04261
-0.05806
-0.07376
-0.08764
-0.10024
-0.11070
-0.12129
-0.13260
-0.14403
-0.15658
-0.17109
-0.18669
-0.19743
-0.20231
-0.20056
-0.19413
-0.18877
-0.18504
-0.18353
-0.17764
-0.16746
-0.15532
-0.13925
-0.12282
-0.11105
-0.10251
-0.09368
-0.08402
-0.07074
-0.05833
-0.04431
-0.03398
-0.02941
-0.02874
-0.03197
-0.03602
-0.04024
-0.04011
-0.04063
-0.04136
-0.04666
-0.05621
-0.06990
-0.08348
-0.09445
-0.10319
-0.10568
-0.10887
-0.11229
-0.11846
-0.12811
-0.13998
-0.15226
-0.16432
-0.17372
-0.18442
-0.19744
-0.21087
-0.22683
-0.24098
-0.25247
-0.25797
-0.25703
-0.25572
-0.25598
-0.25705
-0.26154
-0.26329
-0.26302
-0.26236
-0.25770
-0.25142
-0.24470
-0.23799
-0.23175
-0.22500
-0.21689
-0.20584
-0.19288
-0.18314
-0.17335
-0.16484
-0.15816
-0.15231
-0.14784
-0.14336
-0.14045
-0.13572
-0.13129
-0.13011
-0.12939
-0.12595
-0.11979
-0.11613
-0.11240
-0.10956
-0.10938
-0.11356
-0.12448
-0.13413
-0.14040
-0.14326
-0.14427
-0.14365
-0.14207
-0.14334
-0.14817
-0.15325
-0.15707
-0.16009
-0.16116
-0.16094
-0.15717
-0.15282
-0.14953
-0.14761
-0.14609
-0.14374
-0.14145
-0.13561
-0.13057
-0.12582
-0.11988
-0.11453
-0.10615
-0.09618
-0.08388
-0.07061
-0.05794
-0.04771
-0.04012
-0.03349
-0.02584
-0.01150
0.00694
0.02539
0.04424
0.06284
0.07617
0.08581
0.09020
0.09583
0.10783
0.12065
0.13588
0.15016
0.16310
0.17429
0.18352
0.18891
0.19071
0.19068
0.19331
0.19454
0.19405
0.19665
0.19556
0.19488
0.19325
0.19306
0.19253
0.19523
0.20161
0.20270
0.20109
0.19528
0.19200
0.19199
0.19384
0.19695
0.19853
0.19715
0.19405
0.18799
0.18276
0.18168
0.18160
0.18369
0.18244
0.17947
0.17558
0.17137
0.16416
0.15541
0.14665
0.13701
0.12917
0.12483
0.12168
0.11724
0.11532
0.11134
0.10760
0.10338
0.10208
0.10485
0.10765
0.11129
0.11751
0.12359
0.13312
0.14645
0.15302
0.15880
0.16252
0.16753
0.17839
0.19311
0.21187
0.22924
0.23776
0.24375
0.24741
0.24977
0.25821
0.26475
0.27106
0.27571
0.27959
0.28502
0.28991
0.29306
0.29314
0.28653
0.27526
0.26538
0.25432
0.24261
0.22839
0.21067
0.19074
0.16995
0.15119
0.13637
0.12172
0.10731
0.09297
0.07747
0.06142
0.04535
0.03321
0.02058
0.00993
-0.00081
-0.01642
-0.03194
-0.04985
-0.06583
-0.07946
-0.09252
-0.09921
-0.10046
-0.09621
-0.08855
-0.08056
-0.07450
-0.07182
-0.06872
-0.06283
-0.05458
-0.04229
-0.02687
-0.01431
-0.00939
-0.01131
-0.01076
-0.00548
0.00332
0.01593
0.02571
0.02924
0.02827
0.02213
0.01357
0.00958
0.00806
0.00709
0.00493
0.00057
-0.00464
-0.01365
-0.02253
-0.02843
-0.03248
-0.03682
-0.04047
-0.04408
-0.04863
-0.05622
-0.06882
-0.08097
-0.09188
-0.10024
-0.10863
-0.11770
-0.12816
-0.14077
-0.15771
-0.17559
-0.18558
-0.19089
-0.19514
-0.20015
-0.20700
-0.21465
-0.22169
-0.23049
-0.23644
-0.24139
-0.24610
-0.24616
-0.24733
-0.24622
-0.24056
-0.23477
-0.22620
-0.21745
-0.20815
-0.19919
-0.19375
-0.18492
-0.17588
-0.16921
-0.16495
-0.15904
-0.15003
-0.14290
-0.13614
-0.13017
-0.12560
-0.11755
-0.11103
-0.10737
-0.10474
-0.10397
-0.10665
-0.11718
-0.12664
-0.13664
-0.14205
-0.14630
-0.15102
-0.15193
-0.15585
-0.16146
-0.16881
-0.17496
-0.18300
-0.18864
-0.19134
-0.19268
-0.19030
-0.18755
-0.18533
-0.18451
-0.18700
-0.18786
-0.18459
-0.17840
-0.16592
-0.14969
-0.13474
-0.12169
-0.10948
-0.09791
-0.08538
-0.07612
-0.06916
-0.06394
-0.06290
-0.06538
-0.07289
-0.08082
-0.08202
-0.07921
-0.07395
-0.06434
-0.05549
-0.05029
-0.04565
-0.03631
-0.02365
-0.00470
0.01675
0.03769
0.06181
0.08560
0.10611
0.11570
0.11892
0.12306
0.12735
0.13009
0.12904
0.12468
0.12065
0.11694
0.11086
0.10550
0.10391
0.10698
0.11053
0.11306
0.11262
0.10873
0.10625
0.10491
0.10581
0.10932
0.11095
0.10958
0.10283
0.09318
0.08627
0.08264
0.08426
0.08642
0.08414
0.07861
0.07011
0.06209
0.05516
0.04685
0.03898
0.03019
0.01965
0.00792
-0.00044
-0.00846
-0.01352
-0.01341
-0.01298
-0.01185
-0.01169
-0.00602
0.00142
0.01092
0.02122
0.03029
0.04044
0.05284
0.06461
0.07188
0.07857
0.08672
0.09759
0.10865
0.12408
0.14455
0.16576
0.18050
0.19061
0.19698
0.20387
0.21376
0.22275
0.23211
0.23555
0.23611
0.23362
0.22986
0.22519
0.21537
0.20082
0.18520
0.17012
0.15463
0.14023
0.12764
0.11839
0.10951
0.10135
0.09418
0.09061
0.08781
0.08073
0.07426
0.06511
0.05443
0.04328
0.03127
0.01934
0.00614
0.00580
0.00669
-0.00099
-0.01149
-0.02844
-0.04309
-0.05700
-0.06578
-0.06908
-0.06805
-0.06214
-0.05796
-0.05557
-0.05472
-0.05271
-0.04750
-0.03978
-0.02967
-0.01851
-0.01202
-0.00586
-0.00219
0.00151
0.00933
0.01954
0.03416
0.04617
0.05244
0.05131
0.04408
0.03588
0.03114
0.03117
0.03354
0.03417
0.03273
0.02862
0.02129
0.01356
0.00566
0.00144
-0.00114
-0.00349
-0.00691
-0.01495
-0.02326
-0.03397
-0.04478
-0.05304
-0.06142
-0.06928
-0.07935
-0.09292
-0.10708
-0.12033
-0.12999
-0.13419
-0.13343
-0.12888
-0.12855
-0.13079
-0.13266
-0.13519
-0.13504
-0.13310
-0.12796
-0.11889
-0.11128
-0.10473
-0.09809
-0.09041
-0.07990
-0.07013
-0.06148
-0.05340
-0.04876
-0.04846
-0.04794
-0.04760
-0.04686
-0.04738
-0.04674
-0.04591
-0.04845
-0.04977
-0.05351
-0.05604
-0.05691
-0.05815
-0.05899
-0.06097
-0.06508
-0.07300
-0.08374
-0.09451
-0.10329
-0.10928
-0.11207
-0.11524
-0.11822
-0.11954
-0.12197
-0.12600
-0.13069
-0.13538
-0.13821
-0.13762
-0.13358
-0.12894
-0.12670
-0.12754
-0.12941
-0.13159
-0.13013
-0.12472
-0.11955
-0.11223
-0.10790
-0.10407
-0.09738
-0.09087
-0.07895
-0.06444
-0.05138
-0.03985
-0.03260
-0.02729
-0.02169
-0.01555
-0.00421
0.01315
0.03256
0.04900
0.06097
0.06977
0.07401
0.07728
0.08082
0.08730
0.09595
0.10545
0.11718
0.12432
0.12847
0.13239
0.13468
0.13711
0.13849
0.13616
0.13359
0.12841
0.12228
0.11724
0.11310
0.11259
0.11419
0.11805
0.12167
0.12335
0.12053
0.11508
0.10932
0.10593
0.10437
0.10380
0.10242
0.09792
0.08885
0.07709
0.06854
0.06321
0.06333
0.06273
0.05900
0.05153
0.04225
0.03438
0.02630
0.01941
0.01202
0.00632
-0.00109
-0.00873
-0.01513
-0.02231
-0.02436
-0.02303
-0.02012
-0.01917
-0.01829
-0.01517
-0.01074
-0.00383
0.00384
0.01282
0.02254
0.03392
0.04378
0.05060
0.05495
0.06133
0.07270
0.08685
0.10617
0.12918
0.14851
0.16279
0.17447
0.18260
0.18873
0.19551
0.20212
0.20571
0.20967
0.21297
0.21186
0.21025
0.20687
0.19783
0.18629
0.17377
0.16266
0.15324
0.14218
0.13085
0.12148
0.11132
0.10103
0.09560
0.09189
0.08845
0.08581
0.08199
0.07222
0.05990
0.04938
0.03733
0.02602
0.01651
0.00693
-0.00555
-0.02300
-0.04092
-0.05933
-0.07676
-0.08721
-0.08995
-0.08663
-0.08255
-0.07764
-0.07810
-0.08430
-0.08907
-0.09096
-0.08703
-0.07953
-0.07074
-0.06608
-0.06555
-0.06576
-0.06412
-0.05742
-0.04596
-0.02999
-0.01429
-0.00381
-0.00101
-0.00174
-0.00290
-0.00467
-0.00304
-0.00094
0.00153
0.00428
0.00350
-0.00204
-0.00892
-0.01295
-0.01443
-0.01101
-0.00744
-0.00746
-0.01303
-0.02122
-0.03190
-0.04537
-0.05531
-0.06420
-0.07207
-0.08107
-0.09105
-0.10166
-0.11515
-0.12598
-0.13062
-0.12978
-0.12631
-0.12685
-0.12949
-0.13061
-0.13244
-0.13400
-0.13281
-0.12805
-0.12167
-0.11585
-0.11217
-0.10892
-0.10441
-0.09661
-0.08653
-0.07613
-0.06757
-0.06133
-0.05629
-0.05297
-0.04925
-0.04573
-0.04000
-0.03424
-0.03075
-0.02823
-0.02674
-0.02507
-0.02481
-0.02399
-0.02349
-0.02335
-0.02480
-0.02883
-0.03563
-0.04535
-0.05578
-0.06595
-0.07480
-0.08290
-0.08589
-0.08685
-0.08873
-0.09276
-0.09882
-0.10836
-0.11876
-0.12418
-0.12748
-0.12476
-0.11876
-0.11366
-0.11078
-0.10822
-0.10452
-0.09818
-0.08728
-0.07506
-0.06349
-0.05578
-0.05257
-0.04952
-0.04215
-0.03211
-0.01987
-0.00687
0.00568
0.01605
0.02196
0.02609
0.03149
0.03987
0.05311
0.07061
0.08709
0.10216
0.11164
0.11523
0.11602
0.11808
0.12574
0.13522
0.14848
0.16081
0.16724
0.17268
0.17678
0.18004
0.18561
0.18799
0.18886
0.18824
0.18441
0.18005
0.17584
0.17471
0.17609
0.18273
0.18824
0.19003
0.19057
0.18631
0.17738
0.16572
0.15336
0.14410
0.13730
0.12942
0.11904
0.10408
0.08489
0.06522
0.05267
0.04764
0.04595
0.04312
0.03630
0.02732
0.01843
0.01330
0.01210
0.00954
0.00708
0.00242
-0.00656
-0.01439
-0.01953
-0.01950
-0.01219
-0.00101
0.00686
0.01174
0.01729
0.02439
0.03224
0.04097
0.04716
0.05041
0.05708
0.06388
0.06980
0.07826
0.08659
0.09471
0.10413
0.11601
0.13277
0.15144
0.16338
0.17064
0.17566
0.17909
0.18458
0.18971
0.19423
0.19499
0.19187
0.18410
0.17586
0.17245
0.17083
0.16881
0.16629
0.16490
0.16238
0.15584
0.14675
0.13607
0.12211
0.10509
0.08557
0.06734
0.04797
0.02686
0.00509
-0.02033
-0.04748
-0.07170
-0.09295
-0.11189
-0.12535
-0.13363
-0.13868
-0.14529
-0.15529
-0.16507
-0.17069
-0.17044
-0.16668
-0.16990
-0.17402
-0.17250
-0.17198
-0.17125
-0.17386
-0.17783
-0.18050
-0.17975
-0.17534
-0.17144
-0.17129
-0.17375
-0.17309
-0.17105
-0.16367
-0.14876
-0.13481
-0.12689
-0.12530
-0.13085
-0.13931
-0.14508
-0.14567
-0.14414
-0.14321
-0.14261
-0.14726
-0.15255
-0.15637
-0.15892
-0.15940
-0.15973
-0.15929
-0.16161
-0.16746
-0.17472
-0.18214
-0.19082
-0.19892
-0.20575
-0.21433
-0.22461
-0.23535
-0.24645
-0.25806
-0.26641
-0.26950
-0.26791
-0.26153
-0.25615
-0.25585
-0.25645
-0.25801
-0.25887
-0.25559
-0.24986
-0.24180
-0.23510
-0.22901
-0.22025
-0.20992
-0.19746
-0.18220
-0.16750
-0.15541
-0.14625
-0.14037
-0.13343
-0.12502
-0.11644
-0.10870
-0.10223
-0.09838
-0.09631
-0.09546
-0.09371
-0.08977
-0.08612
-0.08355
-0.08350
-0.08295
-0.08205
-0.08276
-0.08420
-0.08589
-0.08790
-0.08653
-0.08432
-0.08289
-0.08126
-0.08097
-0.08099
-0.08323
-0.08847
-0.09174
-0.09149
-0.08962
-0.08209
-0.07189
-0.06338
-0.05610
-0.04956
-0.04209
-0.03336
-0.02467
-0.01588
-0.00986
-0.00410
0.00348
0.01122
0.02243
0.03780
0.05516
0.07187
0.08613
0.09664
0.10558
0.11411
0.12351
0.13369
0.14864
0.16929
0.18801
0.20265
0.21153
0.21676
0.22106
0.22628
0.23564
0.24655
0.25786
0.26962
0.28079
0.28819
0.29449
0.29906
0.30250
0.30523
0.30383
0.30002
0.29247
0.29028
0.28758
0.28395
0.28740
0.29305
0.29808
0.30176
0.30333
0.30072
0.29505
0.28892
0.28652
0.28673
0.28938
0.28959
0.28160
0.26802
0.25556
0.24781
0.24554
0.24655
0.24644
0.24056
0.22814
0.21621
0.20605
0.19650
0.18908
0.18204
0.17275
0.16138
0.14659
0.12841
0.11385
0.10757
0.10514
0.10125
0.09608
0.09357
0.09376
0.09600
0.10009
0.10749
0.11550
0.12513
0.13484
0.14170
0.14772
0.15056
0.15407
0.16052
0.17286
0.19116
0.21117
0.22653
0.23630
0.24298
0.24670
0.25195
0.25963
0.26675
0.27425
0.27919
0.28065
0.28032
0.27908
0.27614
0.26799
0.25929
0.24844
0.23691
0.22773
0.21739
0.20441
0.18990
0.17492
0.16067
0.14784
0.13556
0.12329
0.11126
0.09767
0.07963
0.06004
0.03768
0.01598
-0.00243
-0.02350
-0.04277
-0.06213
-0.08695
-0.11558
-0.14572
-0.17133
-0.19084
-0.20183
-0.20970
-0.21306
-0.21729
-0.22606
-0.23354
-0.24123
-0.24216
-0.23819
-0.22820
-0.21845
-0.21263
-0.21428
-0.22042
-0.21995
-0.21363
-0.19965
-0.18201
-0.16593
-0.15622
-0.15410
-0.15938
-0.16513
-0.16832
-0.16985
-0.16676
-0.16426
-0.16679
-0.17413
-0.18227
-0.18933
-0.19231
-0.19061
-0.19168
-0.19422
-0.19947
-0.21004
-0.22176
-0.23234
-0.24138
-0.24660
-0.24982
-0.25516
-0.26086
-0.27206
-0.28818
-0.30288
-0.31195
-0.31336
-0.31141
-0.30995
-0.31105
-0.31560
-0.32107
-0.32785
-0.33344
-0.33370
-0.32983
-0.32390
-0.31831
-0.31258
-0.30730
-0.29847
-0.28399
-0.26692
-0.25164
-0.23996
-0.23259
-0.22888
-0.22606
-0.22252
-0.21779
-0.21156
-0.20467
-0.20049
-0.19953
-0.19944
-0.19969
-0.20019
-0.19810
-0.19433
-0.18821
-0.18344
-0.18332
-0.18613
-0.18900
-0.19218
-0.19491
-0.19556
-0.19473
-0.18974
-0.18311
-0.17962
-0.17639
-0.17436
-0.17752
-0.18077
-0.18315
-0.18079
-0.17359
-0.16218
-0.14984
-0.14027
-0.13050
-0.12214
-0.11249
-0.10082
-0.08763
-0.07818
-0.07368
-0.06789
-0.06238
-0.05535
-0.04308
-0.02699
-0.01029
0.00553
0.02020
0.02840
0.03298
0.03870
0.04989
0.06980
0.09480
0.11979
0.14141
0.15726
0.16705
0.17497
0.18383
0.19783
0.21406
0.23039
0.24658
0.26228
0.27531
0.28699
0.30099
0.31489
0.32590
0.32847
0.32726
0.32379
0.31658
0.31264
0.31156
0.31407
0.32096
0.32646
0.33049
0.33192
0.32786
0.32051
0.31496
0.31204
0.31342
0.31759
0.31921
0.31541
0.30339
0.28829
0.27568
0.26994
0.27010
0.27044
0.26704
0.25661
0.24301
0.23078
0.22013
0.21171
0.20523
0.19936
0.19042
0.17769
0.16228
0.14786
0.14115
0.14297
0.14636
0.14617
0.14664
0.14750
0.15088
0.15765
0.16687
0.17646
0.18514
0.19684
0.20507
0.21023
0.21317
0.21219
0.21398
0.21754
0.22673
0.24339
0.25747
0.26636
0.27138
0.27644
0.28446
0.29367
0.30067
0.30630
0.30769
0.30724
0.31061
0.31610
0.32237
0.32144
0.31523
0.30508
0.29470
0.28518
0.27260
0.25973
0.24610
0.22982
0.21023
0.19271
0.17667
0.16416
0.15310
0.14000
0.12534
0.10586
0.08103
0.05581
0.03463
0.01357
-0.00605
-0.02449
-0.04579
-0.07136
-0.09917
-0.12537
-0.14643
-0.16165
-0.17279
-0.17766
-0.17887
-0.18193
-0.18752
-0.19140
-0.18991
-0.18634
-0.18051
-0.17275
-0.16661
-0.16383
-0.16371
-0.16177
-0.15584
-0.14460
-0.12977
-0.11639
-0.11087
-0.11395
-0.12323
-0.13625
-0.14675
-0.15513
-0.16416
-0.17078
-0.17884
-0.18986
-0.19994
-0.20882
-0.21408
-0.21615
-0.21643
-0.21631
-0.21706
-0.22263
-0.23027
-0.23456
-0.23785
-0.23999
-0.24299
-0.24964
-0.25888
-0.26892
-0.27725
-0.28421
-0.28664
-0.28256
-0.27702
-0.27294
-0.27393
-0.27827
-0.28350
-0.28912
-0.29528
-0.29793
-0.29497
-0.29027
-0.28603
-0.28148
-0.27454
-0.26700
-0.25464
-0.24122
-0.23059
-0.22285
-0.22036
-0.21954
-0.21893
-0.21680
-0.21323
-0.21225
-0.21565
-0.22182
-0.23008
-0.23663
-0.23526
-0.22564
-0.21316
-0.20039
-0.18880
-0.18143
-0.17959
-0.18292
-0.19002
-0.20158
-0.21444
-0.22666
-0.24142
-0.25725
-0.27345
-0.28953
-0.30173
-0.31244
-0.32187
-0.32700
-0.32865
-0.32273
-0.30869
-0.29076
-0.27167
-0.25350
-0.23255
-0.21036
-0.19104
-0.17689
-0.16839
-0.16106
-0.15245
-0.14261
-0.13453
-0.12562
-0.11296
-0.09967
-0.08707
-0.07491
-0.06620
-0.06211
-0.05764
-0.04901
-0.03398
-0.01315
0.01227
0.03639
0.05592
0.06919
0.07428
0.07906
0.08614
0.09917
0.11454
0.12883
0.14562
0.15901
0.17091
0.18183
0.19115
0.19884
0.20251
0.20348
0.20132
0.19602
0.19123
0.19162
0.19436
0.20028
0.20899
0.21754
0.22372
0.22292
0.21614
0.20899
0.20615
0.20855
0.21666
0.22390
0.22664
0.22117
0.20588
0.18808
0.17470
0.17062
0.17235
0.17480
0.17041
0.15867
0.14561
0.13346
0.12593
0.12365
0.12481
0.12430
0.11756
0.10654
0.09386
0.08465
0.08509
0.08988
0.09193
0.09179
0.09111
0.09234
0.09606
0.10500
0.11793
0.13243
0.14937
0.16496
0.17612
0.18268
0.18875
0.19752
0.21092
0.23077
0.25516
0.27622
0.29225
0.30493
0.31416
0.32311
0.33172
0.33988
0.34772
0.35634
0.36519
0.37570
0.38533
0.39295
0.39750
0.39320
0.38458
0.37388
0.36246
0.35155
0.33875
0.32564
0.31113
0.29639
0.28308
0.27040
0.26274
0.25751
0.24863
0.23466
0.21560
0.19160
0.16670
0.14423
0.12130
0.09959
0.07930
0.05574
0.02765
-0.00450
-0.03671
-0.06385
-0.08334
-0.09339
-0.09928
-0.10412
-0.10845
-0.11603
-0.12407
-0.12895
-0.13005
-0.12418
-0.11365
-0.10408
-0.09920
-0.10123
-0.10475
-0.10404
-0.09404
-0.07362
-0.05020
-0.03184
-0.02284
-0.02185
-0.02508
-0.02864
-0.02793
-0.02380
-0.02014
-0.01926
-0.02254
-0.03132
-0.04142
-0.04663
-0.04680
-0.04293
-0.04101
-0.04450
-0.05649
-0.07477
-0.09267
-0.10856
-0.11925
-0.12680
-0.13415
-0.14379
-0.15843
-0.17645
-0.19577
-0.21492
-0.22770
-0.23157
-0.23241
-0.23351
-0.23649
-0.24201
-0.24773
-0.25212
-0.25607
-0.25857
-0.25754
-0.25562
-0.25379
-0.24977
-0.24341
-0.23557
-0.22442
-0.20994
-0.19644
-0.18574
-0.17857
-0.17480
-0.17241
-0.16729
-0.16224
-0.15962
-0.15768
-0.15826
-0.16123
-0.16546
-0.16918
-0.17233
-0.17332
-0.17219
-0.16902
-0.16470
-0.16347
-0.16554
-0.17118
-0.17810
-0.18411
-0.18958
-0.19292
-0.19322
-0.19330
-0.19416
-0.19330
-0.19430
-0.20037
-0.20861
-0.21560
-0.21954
-0.21910
-0.21387
-0.20731
-0.20242
-0.19953
-0.19636
-0.18980
-0.18052
-0.17179
-0.16438
-0.16152
-0.16161
-0.15642
-0.14693
-0.13309
-0.11373
-0.09478
-0.07919
-0.06807
-0.06043
-0.05669
-0.05488
-0.04396
-0.02577
-0.00371
0.02223
0.04630
0.06475
0.07450
0.07835
0.08241
0.09145
0.10417
0.11835
0.13120
0.14215
0.15114
0.15858
0.16629
0.17249
0.17823
0.17790
0.17235
0.16526
0.15882
0.15733
0.15956
0.16658
0.17676
0.18899
0.20011
0.20408
0.20184
0.19578
0.18870
0.18752
0.19194
0.19737
0.20036
0.19567
0.17870
0.15502
0.13557
0.12249
0.11805
0.11931
0.11673
0.10632
0.09109
0.07724
0.06758
0.06183
0.06138
0.05941
0.05105
0.03904
0.02154
0.00407
-0.00383
-0.00030
0.00566
0.00721
0.00586
0.00480
0.00698
0.01618
0.03187
0.04770
0.06443
0.08056
0.09083
0.09557
0.10115
0.11021
0.12101
0.13670
0.16001
0.18646
0.20957
0.22802
0.24154
0.25685
0.27716
0.29499
0.30904
0.32026
0.32572
0.33009
0.33717
0.34874
0.36230
0.36563
0.35953
0.34848
0.33452
0.31872
0.30123
0.28254
0.26398
0.24589
0.22574
0.20805
0.19343
0.17943
0.16547
0.14886
0.12917
0.10875
0.08417
0.05891
0.03789
0.01773
0.00077
-0.01628
-0.03782
-0.06286
-0.08785
-0.11051
-0.13037
-0.14248
-0.14594
-0.14513
-0.14373
-0.14353
-0.14272
-0.14023
-0.13506
-0.12590
-0.11678
-0.10939
-0.10525
-0.10565
-0.10817
-0.10834
-0.10288
-0.09130
-0.07351
-0.05657
-0.04603
-0.04227
-0.04146
-0.04118
-0.04073
-0.03652
-0.03045
-0.02641
-0.02724
-0.03119
-0.03723
-0.04382
-0.04633
-0.04538
-0.04414
-0.04898
-0.06005
-0.07418
-0.09256
-0.10916
-0.12015
-0.12535
-0.12791
-0.13367
-0.14509
-0.16081
-0.17698
-0.19427
-0.20795
-0.21158
-0.20612
-0.20054
-0.19991
-0.20307
-0.20749
-0.20973
-0.20987
-0.20905
-0.20602
-0.20109
-0.20217
-0.20464
-0.20348
-0.19903
-0.18715
-0.17135
-0.15695
-0.14643
-0.14075
-0.14108
-0.14208
-0.14053
-0.13517
-0.12855
-0.12440
-0.12040
-0.12049
-0.12355
-0.12524
-0.12359
-0.11939
-0.11338
-0.10906
-0.10501
-0.09925
-0.09883
-0.10295
-0.10998
-0.11531
-0.11841
-0.12119
-0.12389
-0.12586
-0.12630
-0.12817
-0.13179
-0.13912
-0.14803
-0.15697
-0.16340
-0.16426
-0.15905
-0.14824
-0.13828
-0.13171
-0.12654
-0.12035
-0.10987
-0.09640
-0.08558
-0.08019
-0.07679
-0.07260
-0.06403
-0.04702
-0.02477
-0.00314
0.01362
0.02620
0.03575
0.04013
0.04298
0.05051
0.06558
0.08669
0.10940
0.12975
0.14285
0.14517
0.14032
0.13455
0.13134
0.13421
0.14097
0.14725
0.15430
0.16332
0.16954
0.17485
0.18381
0.19385
0.20204
0.20531
0.20623
0.20554
0.20434
0.20668
0.21196
0.22184
0.23710
0.25114
0.25934
0.25991
0.25565
0.25405
0.25601
0.26136
0.27009
0.27418
0.26652
0.24742
0.22111
0.19673
0.18160
0.17684
0.17629
0.17427
0.16488
0.14675
0.12513
0.10558
0.09305
0.08788
0.08725
0.08306
0.07140
0.05177
0.03154
0.01816
0.01339
0.01173
0.00394
-0.00693
-0.01545
-0.01544
-0.00385
0.01830
0.04548
0.07361
0.09727
0.11048
0.11415
0.11184
0.11065
0.10915
0.10900
0.11516
0.12303
0.12646
0.12831
0.13122
0.13507
0.14481
0.15660
0.16904
0.18422
0.20052
0.21556
0.23314
0.25618
0.28056
0.29709
0.29700
0.28832
0.27723
0.26610
0.25513
0.24247
0.22485
0.20102
0.17662
0.15366
0.13111
0.11117
0.09419
0.07580
0.05690
0.03476
0.00856
-0.01939
-0.04600
-0.06965
-0.08962
-0.10798
-0.13220
-0.16024
-0.18983
-0.21985
-0.24557
-0.26197
-0.27015
-0.27181
-0.26963
-0.27127
-0.27729
-0.28250
-0.28402
-0.28163
-0.27124
-0.25525
-0.24054
-0.23270
-0.23329
-0.23560
-0.23395
-0.22371
-0.20479
-0.18133
-0.16063
-0.14853
-0.14402
-0.14301
-0.14424
-0.14343
-0.13963
-0.13790
-0.13947
-0.14689
-0.15890
-0.17261
-0.18105
-0.18130
-0.17600
-0.16887
-0.16753
-0.17548
-0.18899
-0.20507
-0.21914
-0.22323
-0.22355
-0.22371
-0.22571
-0.23466
-0.24779
-0.26355
-0.27918
-0.28975
-0.29342
-0.29126
-0.28973
-0.29255
-0.29562
-0.29756
-0.29704
-0.29438
-0.28919
-0.27873
-0.26548
-0.25403
-0.24192
-0.22922
-0.21660
-0.20053
-0.18327
-0.16654
-0.15371
-0.14575
-0.14137
-0.13707
-0.13140
-0.12762
-0.12250
-0.11607
-0.11000
-0.10623
-0.10557
-0.10420
-0.10205
-0.09860
-0.09637
-0.09383
-0.08888
-0.08566
-0.08509
-0.08900
-0.09252
-0.09458
-0.09652
-0.09722
-0.09570
-0.09168
-0.08910
-0.08907
-0.09268
-0.09800
-0.10515
-0.11188
-0.11779
-0.11930
-0.11408
-0.10643
-0.09490
-0.08679
-0.08101
-0.07137
-0.06001
-0.04770
-0.03563
-0.02910
-0.02732
-0.02503
-0.02086
-0.00818
0.01246
0.03743
0.06175
0.08142
0.09375
0.10084
0.10792
0.11471
0.13128
0.15724
0.18570
0.21199
0.23263
0.24623
0.25199
0.25668
0.26520
0.27802
0.29200
0.30731
0.31957
0.33137
0.34407
0.35152
0.36026
0.37010
0.37594
0.37439
0.36464
0.35194
0.34064
0.33493
0.33445
0.33880
0.34765
0.35442
0.35445
0.34643
0.33421
0.32147
0.31364
0.31426
0.31979
0.32500
0.32127
0.30696
0.28376
0.26074
0.24571
0.23736
0.23547
0.23267
0.22406
0.20896
0.19044
0.17453
0.16389
0.16014
0.16066
0.15810
0.14651
0.12683
0.10180
0.07937
0.06934
0.06938
0.06893
0.06529
0.06196
0.05975
0.06164
0.07238
0.08832
0.10467
0.12464
0.14214
0.15240
0.15859
0.16411
0.17192
0.18127
0.19592
0.21748
0.23947
0.25691
0.26967
0.27954
0.29383
0.31122
0.32204
0.32607
0.32541
0.32271
0.32115
0.32339
0.32985
0.33101
0.32378
0.31185
0.29511
0.27904
0.26179
0.24108
0.22057
0.19810
0.17394
0.14926
0.12563
0.10512
0.08800
0.07197
0.05309
0.03003
0.00258
-0.02893
-0.06125
-0.08972
-0.11576
-0.13726
-0.15783
-0.18497
-0.21493
-0.24591
-0.27284
-0.29350
-0.30744
-0.31147
-0.31003
-0.31279
-0.32133
-0.32830
-0.33192
-0.33239
-0.32738
-0.31567
-0.30281
-0.29454
-0.29038
-0.28974
-0.28516
-0.27012
-0.24742
-0.22077
-0.19659
-0.18097
-0.17657
-0.17783
-0.18212
-0.18705
-0.18773
-0.18954
-0.19397
-0.20187
-0.21320
-0.22576
-0.23501
-0.23709
-0.23691
-0.23928
-0.24559
-0.25689
-0.27444
-0.29345
-0.30842
-0.31504
-0.31581
-0.31741
-0.32456
-0.33881
-0.35636
-0.37477
-0.38951
-0.39592
-0.39372
-0.38883
-0.38730
-0.38957
-0.39231
-0.39358
-0.39304
-0.39033
-0.38282
-0.37081
-0.36188
-0.35452
-0.34554
-0.33422
-0.31777
-0.29669
-0.27306
-0.25315
-0.24111
-0.23422
-0.23191
-0.23254
-0.22794
-0.21708
-0.20786
-0.19792
-0.18687
-0.18100
-0.17757
-0.17379
-0.16913
-0.16474
-0.16058
-0.15882
-0.15986
-0.16442
-0.17356
-0.18438
-0.19478
-0.19915
-0.20256
-0.20493
-0.20173
-0.19636
-0.19200
-0.19048
-0.18944
-0.19129
-0.19469
-0.19733
-0.19887
-0.19270
-0.18089
-0.16855
-0.15492
-0.14056
-0.12323
-0.10330
-0.08202
-0.06179
-0.04570
-0.03242
-0.02081
-0.00909
0.00613
0.02698
0.05027
0.07317
0.08945
0.09929
0.10484
0.10595
0.11161
0.12523
0.14811
0.17850
0.20860
0.23377
0.25317
0.26399
0.26909
0.27488
0.28541
0.29999
0.31535
0.33247
0.34521
0.35459
0.36285
0.36950
0.37807
0.38433
0.38220
0.37070
0.35624
0.34348
0.33599
0.33667
0.34476
0.35915
0.37635
0.38768
0.38726
0.37986
0.37222
0.36922
0.37281
0.38015
0.39023
0.39606
0.38781
0.36705
0.34056
0.31820
0.30523
0.29885
0.29169
0.28178
0.26617
0.24402
0.22267
0.20371
0.19241
0.18896
0.18642
0.17562
0.15640
0.13195
0.10524
0.08977
0.08775
0.09245
0.09831
0.10114
0.10092
0.10445
0.11619
0.13216
0.15115
0.17426
0.19468
0.20661
0.21211
0.21476
0.21868
0.22609
0.24073
0.26526
0.29175
0.31286
0.33010
0.34219
0.35474
0.36858
0.37847
0.38836
0.39527
0.39870
0.40373
0.41249
0.42327
0.43019
0.42933
0.42390
0.41445
0.39999
0.38407
0.36688
0.34745
0.32451
0.29916
0.27325
0.25131
0.23171
0.21275
0.19790
0.18127
0.16056
0.13247
0.09683
0.05827
0.01772
-0.01972
-0.05426
-0.09004
-0.12855
-0.17042
-0.21521
-0.25731
-0.28886
-0.30900
-0.31712
-0.31548
-0.31293
-0.31124
-0.31015
-0.30978
-0.30654
-0.29856
-0.28214
-0.26165
-0.24556
-0.23460
-0.23039
-0.22444
-0.20835
-0.18602
-0.15663
-0.12335
-0.09650
-0.08088
-0.07887
-0.08571
-0.09356
-0.09979
-0.10184
-0.10405
-0.10858
-0.11926
-0.13862
-0.15702
-0.17017
-0.17436
-0.17423
-0.17683
-0.18303
-0.19739
-0.21697
-0.23624
-0.24965
-0.25519
-0.25910
-0.26392
-0.27486
-0.29616
-0.32492
-0.35656
-0.38182
-0.39184
-0.38646
-0.37634
-0.36810
-0.36279
-0.35978
-0.36016
-0.36441
-0.36522
-0.36143
-0.35850
-0.36251
-0.37293
-0.38766
-0.40233
-0.41091
-0.41087
-0.40378
-0.39740
-0.39063
-0.38261
-0.37221
-0.35693
-0.34457
-0.33060
-0.30869
-0.28604
-0.26504
-0.25219
-0.24399
-0.23362
-0.22753
-0.22144
-0.21465
-0.21092
-0.21092
-0.21781
-0.23067
-0.24387
-0.25615
-0.26734
-0.27438
-0.27748
-0.27608
-0.26995
-0.26397
-0.26171
-0.26049
-0.26326
-0.26989
-0.27655
-0.27801
-0.27114
-0.25961
-0.24487
-0.23289
-0.22201
-0.21024
-0.19734
-0.18125
-0.16662
-0.15849
-0.15382
-0.15051
-0.14766
-0.13574
-0.11559
-0.08807
-0.05745
-0.03071
-0.01045
-0.00014
0.00360
0.00832
0.02260
0.04391
0.07084
0.10031
0.12773
0.15045
0.16199
0.16919
0.17862
0.19021
0.20425
0.21797
0.23104
0.24253
0.25039
0.25636
0.26436
0.27653
0.28626
0.28776
0.28204
0.27301
0.26418
0.26109
0.26876
0.28273
0.30018
0.31519
0.32205
0.32041
0.31224
0.30306
0.29807
0.30000
0.30485
0.30813
0.30476
0.29210
0.27109
0.24987
0.23700
0.23301
0.23687
0.24011
0.23680
0.22824
0.21692
0.20490
0.19494
0.18961
0.18849
0.18640
0.17624
0.15914
0.13601
0.11606
0.10992
0.11238
0.11885
0.12512
0.12966
0.13482
0.14383
0.15873
0.17746
0.19920
0.22060
0.23688
0.24752
0.25546
0.26393
0.27568
0.29098
0.31124
0.33767
0.36561
0.38964
0.40725
0.42348
0.44152
0.45808
0.46874
0.47154
0.46996
0.46701
0.46626
0.47143
0.48127
0.48606
0.48060
0.46742
0.44778
0.42791
0.40716
0.38538
0.36512
0.34184
0.31869
0.29846
0.28054
0.26399
0.24975
0.23709
0.22038
0.20000
0.17604
0.14832
0.11854
0.09013
0.06745
0.04870
0.02822
0.00435
-0.02436
-0.05635
-0.08304
-0.10269
-0.11463
-0.11854
-0.12043
-0.12635
-0.13363
-0.13726
-0.13964
-0.14002
-0.13409
-0.12416
-0.11691
-0.11398
-0.11496
-0.11657
-0.11577
-0.10946
-0.09474
-0.07869
-0.06801
-0.06397
-0.06497
-0.06941
-0.07505
-0.07893
-0.08081
-0.08364
-0.09046
-0.09785
-0.10861
-0.12397
-0.13421
-0.13967
-0.14200
-0.14433
-0.15318
-0.16784
-0.18775
-0.20517
-0.21367
-0.21669
-0.21672
-0.21923
-0.23228
-0.25113
-0.27239
-0.29767
-0.31774
-0.32844
-0.33065
-0.33202
-0.33711
-0.34273
-0.34875
-0.35137
-0.35056
-0.34649
-0.33757
-0.32656
-0.31704
-0.31044
-0.30549
-0.29851
-0.28772
-0.27300
-0.25854
-0.24929
-0.24501
-0.24598
-0.24883
-0.25010
-0.24820
-0.24527
-0.24307
-0.24025
-0.23855
-0.23861
-0.23897
-0.23842
-0.23747
-0.23596
-0.23479
-0.23677
-0.24092
-0.24552
-0.25311
-0.26287
-0.27139
-0.27714
-0.28074
-0.28361
-0.28466
-0.28331
-0.28025
-0.27791
-0.27850
-0.28315
-0.28919
-0.29493
-0.29743
-0.29229
-0.28162
-0.26973
-0.25807
-0.24599
-0.23525
-0.22273
-0.20784
-0.19576
-0.18979
-0.18758
-0.18616
-0.18487
-0.17722
-0.16227
-0.13935
-0.11309
-0.09207
-0.07657
-0.06711
-0.05759
-0.04428
-0.02472
0.00537
0.03884
0.07090
0.10126
0.12314
0.13581
0.14442
0.15209
0.16400
0.17880
0.19390
0.20678
0.21529
0.22233
0.22645
0.23033
0.23704
0.24202
0.23868
0.22864
0.21621
0.20225
0.19491
0.19858
0.20984
0.22422
0.23852
0.24683
0.24342
0.23303
0.22169
0.21317
0.21417
0.22023
0.22522
0.22732
0.21812
0.19780
0.17188
0.15009
0.13795
0.13463
0.13428
0.12918
0.12030
0.10502
0.08813
0.07605
0.07103
0.07426
0.07878
0.07610
0.06490
0.04581
0.02574
0.01750
0.01845
0.02633
0.03735
0.04553
0.05368
0.06449
0.08016
0.09732
0.11745
0.14263
0.16294
0.17597
0.18511
0.18733
0.18856
0.19486
0.20840
0.23356
0.26063
0.28274
0.30167
0.31656
0.33349
0.35169
0.36573
0.37568
0.38065
0.38336
0.38783
0.39860
0.41163
0.41834
0.41856
0.41334
0.40528
0.39685
0.38785
0.37933
0.36908
0.35317
0.33321
0.31434
0.29780
0.28391
0.27133
0.25673
0.23994
0.21176
0.17534
0.14012
0.10342
0.07249
0.04890
0.02845
0.00728
-0.02088
-0.05466
-0.08913
-0.11774
-0.13709
-0.15118
-0.15639
-0.15462
-0.15526
-0.15853
-0.16414
-0.16523
-0.16438
-0.16045
-0.14759
-0.13447
-0.12716
-0.12915
-0.13470
-0.13667
-0.12789
-0.10802
-0.08432
-0.05955
-0.04011
-0.03058
-0.02831
-0.02896
-0.02701
-0.01978
-0.01451
-0.01215
-0.01495
-0.02806
-0.04717
-0.06492
-0.07387
-0.07467
-0.07289
-0.07878
-0.09489
-0.11745
-0.14377
-0.16790
-0.18463
-0.19156
-0.19654
-0.20221
-0.21219
-0.22917
-0.25015
-0.27150
-0.28396
-0.28717
-0.28545
-0.28490
-0.28486
-0.28434
-0.28417
-0.28312
-0.27992
-0.26942
-0.25784
-0.24798
-0.23943
-0.23459
-0.23174
-0.22766
-0.22029
-0.21025
-0.19878
-0.19104
-0.18618
-0.18434
-0.18359
-0.18276
-0.18376
-0.18177
-0.17716
-0.17234
-0.16934
-0.16500
-0.15796
-0.14929
-0.14001
-0.13377
-0.13040
-0.12897
-0.12916
-0.13170
-0.13604
-0.13888
-0.14197
-0.14552
-0.14920
-0.15163
-0.15229
-0.15297
-0.15010
-0.14723
-0.14850
-0.15608
-0.16859
-0.18305
-0.19504
-0.20183
-0.20504
-0.20851
-0.21246
-0.21765
-0.21888
-0.21285
-0.20432
-0.19560
-0.18972
-0.18743
-0.18349
-0.17209
-0.15308
-0.12223
-0.08676
-0.04922
-0.01807
0.00368
0.01971
0.03152
0.04774
0.07162
0.09992
0.13517
0.17108
0.20396
0.22876
0.24513
0.25834
0.26760
0.27979
0.28838
0.29719
0.30417
0.31207
0.31606
0.31903
0.31973
0.32241
0.31999
0.31261
0.29786
0.28336
0.27453
0.26963
0.27647
0.29170
0.31121
0.32238
0.32667
0.31726
0.30388
0.27961
0.26380
0.25049
0.24784
0.24755
0.25070
0.24477
0.23617
0.21849
0.20294
0.19471
0.18563
0.17884
0.15668
0.13221
0.09137
0.05845
0.01590
-0.00355
-0.02856
-0.03072
-0.05625
-0.06229
-0.09469
-0.10320
