sample-data.txt   1 channel (mono)
Sample Rate: 22050 Hz. Sample values on linear scale.
Length processed: 8775 samples 0.39796 seconds.


0.00466
-0.01048
-0.02616
-0.04649
-0.05969
-0.07087
-0.08119
-0.08935
-0.09560
-0.10295
-0.11782
-0.12806
-0.13573
-0.13677
-0.12689
-0.12197
-0.11569
-0.11614
-0.11369
-0.10645
-0.09933
-0.10298
-0.11897
-0.12550
-0.12565
-0.11030
-0.09214
-0.08146
-0.07121
-0.05181
-0.02142
0.01259
0.04620
0.06496
0.08492
0.11275
0.13827
0.16019
0.17235
0.18079
0.18395
0.17928
0.17061
0.15762
0.14465
0.13083
0.11977
0.10600
0.08757
0.08339
0.08470
0.07567
0.05376
0.02484
-0.00838
-0.02932
-0.03002
-0.03453
-0.04237
-0.05718
-0.07466
-0.07939
-0.07878
-0.06967
-0.05107
-0.04957
-0.06602
-0.08957
-0.12704
-0.15896
-0.16675
-0.16194
-0.15988
-0.15963
-0.16660
-0.17743
-0.17964
-0.18152
-0.18894
-0.19605
-0.19724
-0.19460
-0.18990
-0.18543
-0.18581
-0.18120
-0.16351
-0.13662
-0.10594
-0.08300
-0.06979
-0.06877
-0.06725
-0.05960
-0.05100
-0.03683
-0.01646
0.01211
0.03126
0.05150
0.05817
0.05888
0.07296
0.07809
0.10265
0.13569
0.16938
0.19933
0.21918
0.23396
0.23693
0.24605
0.24764
0.24562
0.24881
0.25850
0.27075
0.26786
0.26418
0.26327
0.25930
0.26332
0.28481
0.31109
0.32938
0.33887
0.33851
0.32659
0.30183
0.28731
0.29036
0.29317
0.29984
0.29345
0.26637
0.25201
0.24792
0.24682
0.26182
0.26341
0.24812
0.25752
0.27547
0.28425
0.29406
0.29871
0.30281
0.31553
0.32805
0.33147
0.33122
0.32322
0.30508
0.29133
0.28566
0.27859
0.27217
0.26699
0.25363
0.23720
0.22200
0.20972
0.19466
0.17446
0.15711
0.12933
0.09037
0.04368
-0.00869
-0.06514
-0.12814
-0.16522
-0.17784
-0.19701
-0.22681
-0.25513
-0.26944
-0.27835
-0.28692
-0.29848
-0.30788
-0.30172
-0.28478
-0.26556
-0.24867
-0.24037
-0.23500
-0.22664
-0.22879
-0.25264
-0.28888
-0.30616
-0.30623
-0.30203
-0.28702
-0.26953
-0.24559
-0.21850
-0.18287
-0.14147
-0.12232
-0.11416
-0.10411
-0.09131
-0.06646
-0.03234
-0.00627
0.01324
0.03725
0.05475
0.06431
0.06659
0.06191
0.06231
0.06611
0.06536
0.05629
0.03896
0.03036
0.03865
0.04789
0.05440
0.05654
0.04918
0.03337
0.00975
-0.01664
-0.05001
-0.07906
-0.08466
-0.07973
-0.07724
-0.08316
-0.10008
-0.12257
-0.14269
-0.15008
-0.14918
-0.14948
-0.15466
-0.15581
-0.15444
-0.16907
-0.18958
-0.21353
-0.24740
-0.27633
-0.29940
-0.31441
-0.31626
-0.31742
-0.32048
-0.31756
-0.30325
-0.28354
-0.26258
-0.23187
-0.19883
-0.17084
-0.14426
-0.11010
-0.06734
-0.01965
0.04869
0.12461
0.17193
0.18383
0.17150
0.15318
0.13728
0.13142
0.14672
0.14799
0.11371
0.07582
0.05282
0.04186
0.03372
0.03468
0.04633
0.05041
0.04993
0.04499
0.01226
-0.03139
-0.06057
-0.09680
-0.14216
-0.19284
-0.25159
-0.28613
-0.29537
-0.32408
-0.36310
-0.39222
-0.42257
-0.43723
-0.43521
-0.42296
-0.40036
-0.37475
-0.35236
-0.33954
-0.33095
-0.33360
-0.33552
-0.32261
-0.30551
-0.28426
-0.25528
-0.22766
-0.21049
-0.18736
-0.16198
-0.13875
-0.10138
-0.05392
-0.00828
0.03719
0.09809
0.16510
0.22863
0.28061
0.33019
0.38625
0.41735
0.44214
0.45417
0.43003
0.42727
0.45606
0.47181
0.48567
0.49200
0.47474
0.46849
0.45279
0.41583
0.38907
0.37749
0.37671
0.38320
0.38978
0.37720
0.35509
0.32869
0.29657
0.26073
0.22440
0.20209
0.18142
0.15940
0.12965
0.08640
0.04827
0.02417
0.01802
0.02237
0.03710
0.05865
0.04922
0.03903
0.05081
0.02761
0.01529
0.03794
0.03959
0.05324
0.06596
0.05053
0.06440
0.08200
0.08622
0.11244
0.12908
0.13372
0.15257
0.17594
0.18619
0.19912
0.20702
0.19327
0.20421
0.22524
0.22115
0.21796
0.20463
0.15862
0.11185
0.07683
0.02367
-0.03931
-0.08429
-0.11283
-0.12699
-0.14825
-0.20123
-0.24822
-0.26907
-0.27583
-0.28033
-0.30482
-0.33595
-0.34838
-0.32406
-0.28361
-0.26022
-0.23699
-0.21327
-0.20223
-0.20724
-0.22926
-0.25884
-0.28043
-0.28666
-0.28976
-0.29078
-0.28411
-0.27092
-0.25076
-0.21055
-0.16897
-0.15030
-0.13071
-0.10577
-0.06996
-0.02906
-0.00327
0.00943
0.01120
0.02057
0.04748
0.06619
0.06753
0.07250
0.07704
0.08565
0.10273
0.10945
0.10084
0.09722
0.10850
0.10840
0.09883
0.09380
0.08617
0.06425
0.04592
0.04373
0.03933
0.01583
-0.01897
-0.02873
-0.02396
-0.02334
-0.02992
-0.03697
-0.03617
-0.03697
-0.03769
-0.05052
-0.07649
-0.09078
-0.08591
-0.07449
-0.06198
-0.06115
-0.06417
-0.05433
-0.04712
-0.04647
-0.02879
0.00742
0.03985
0.06922
0.07197
0.06205
0.06401
0.05465
0.04776
0.03895
0.01342
-0.01158
-0.01756
-0.02111
-0.03995
-0.05795
-0.07491
-0.10056
-0.13619
-0.16828
-0.18174
-0.18337
-0.17839
-0.17185
-0.17489
-0.18183
-0.17152
-0.14470
-0.12944
-0.12014
-0.11738
-0.13080
-0.13884
-0.12948
-0.09996
-0.07537
-0.06931
-0.08898
-0.14621
-0.21417
-0.26779
-0.30071
-0.32950
-0.35346
-0.35928
-0.35588
-0.35165
-0.36004
-0.37513
-0.38662
-0.39086
-0.38383
-0.37241
-0.35063
-0.32923
-0.31796
-0.30456
-0.27781
-0.24617
-0.21950
-0.17027
-0.11770
-0.08289
-0.04670
-0.01952
0.01232
0.05452
0.09109
0.13661
0.18642
0.21741
0.24417
0.29750
0.36720
0.43272
0.48848
0.53282
0.56628
0.57607
0.57404
0.58199
0.60686
0.63573
0.65160
0.67235
0.68416
0.67839
0.67624
0.67101
0.66366
0.65875
0.64501
0.62500
0.60355
0.57822
0.55823
0.53480
0.52054
0.51295
0.48317
0.45784
0.43215
0.38707
0.33428
0.28533
0.24766
0.21801
0.19028
0.15918
0.12877
0.09648
0.06333
0.02464
-0.00769
-0.01296
-0.01725
-0.02488
-0.02453
-0.04318
-0.06914
-0.07328
-0.05905
-0.04194
-0.03895
-0.02746
-0.01804
-0.05030
-0.08327
-0.08857
-0.10201
-0.06432
-0.00583
-0.02204
-0.04641
-0.09250
-0.15304
-0.20332
-0.26800
-0.31597
-0.33877
-0.33810
-0.32913
-0.31903
-0.32415
-0.32938
-0.32481
-0.34647
-0.39314
-0.38986
-0.34664
-0.31180
-0.22776
-0.15946
-0.15194
-0.13395
-0.09842
-0.07676
-0.06748
-0.07260
-0.09198
-0.10462
-0.13882
-0.17231
-0.17201
-0.16155
-0.14179
-0.10993
-0.09056
-0.09676
-0.11049
-0.11432
-0.11309
-0.11370
-0.10998
-0.11554
-0.11869
-0.09879
-0.07225
-0.04787
-0.03296
-0.02954
-0.02024
-0.00970
-0.01851
-0.04446
-0.06525
-0.08002
-0.10184
-0.10368
-0.09318
-0.09529
-0.09242
-0.09649
-0.11605
-0.13623
-0.15971
-0.18886
-0.19859
-0.19927
-0.21053
-0.21496
-0.23264
-0.25147
-0.25644
-0.25270
-0.23061
-0.21296
-0.20235
-0.18879
-0.17092
-0.15861
-0.15777
-0.16578
-0.17628
-0.17609
-0.17002
-0.16026
-0.15134
-0.13654
-0.09552
-0.05223
-0.00922
0.03982
0.07363
0.11800
0.15616
0.17819
0.20639
0.23135
0.25930
0.28080
0.28883
0.28555
0.26332
0.23314
0.20883
0.17696
0.13682
0.08174
0.02843
-0.01648
-0.06788
-0.10515
-0.14302
-0.17979
-0.20152
-0.21003
-0.21193
-0.20668
-0.19329
-0.17184
-0.15285
-0.16010
-0.18108
-0.21349
-0.24950
-0.28397
-0.32083
-0.35735
-0.39514
-0.41974
-0.42514
-0.42343
-0.41214
-0.38981
-0.37052
-0.35276
-0.32993
-0.30534
-0.28132
-0.25901
-0.24746
-0.24256
-0.23576
-0.22314
-0.20591
-0.18812
-0.17362
-0.16107
-0.14351
-0.12275
-0.09848
-0.06873
-0.03613
0.00207
0.05235
0.10965
0.19880
0.28716
0.34877
0.42444
0.45750
0.46309
0.50238
0.51824
0.54263
0.59924
0.60873
0.59796
0.59008
0.57577
0.56988
0.57171
0.57992
0.58593
0.59840
0.60992
0.60337
0.59416
0.60920
0.60981
0.59490
0.57632
0.52416
0.48376
0.45279
0.41793
0.39663
0.36825
0.34192
0.32192
0.29665
0.26715
0.23612
0.22289
0.21665
0.20340
0.19357
0.18640
0.17550
0.15790
0.14008
0.12934
0.12671
0.12469
0.12560
0.10754
0.07398
0.04830
0.03035
0.02113
0.01402
0.02069
0.03883
0.05725
0.06314
0.06492
0.07074
0.07501
0.08329
0.09606
0.11458
0.10990
0.07107
0.01429
-0.05722
-0.13440
-0.20379
-0.26527
-0.32477
-0.36057
-0.36787
-0.39873
-0.43850
-0.46005
-0.49452
-0.50480
-0.49311
-0.50461
-0.49292
-0.44974
-0.40758
-0.34372
-0.28532
-0.23714
-0.16254
-0.09901
-0.06493
-0.04303
-0.02923
-0.02554
-0.01137
0.00667
0.00858
0.03662
0.08833
0.12594
0.17542
0.22312
0.23072
0.23727
0.25317
0.24813
0.23717
0.23659
0.22806
0.21918
0.21342
0.20102
0.19421
0.18660
0.17925
0.16966
0.15387
0.14103
0.12240
0.09710
0.08013
0.06617
0.05136
0.03601
0.00556
-0.02973
-0.05836
-0.08567
-0.11751
-0.14636
-0.17776
-0.21794
-0.24892
-0.27066
-0.28720
-0.30116
-0.30526
-0.30650
-0.31028
-0.30707
-0.29684
-0.27736
-0.26774
-0.26935
-0.27600
-0.29354
-0.30366
-0.29846
-0.28495
-0.26482
-0.24012
-0.19687
-0.14955
-0.10468
-0.04773
0.00050
0.04948
0.09023
0.11493
0.14040
0.16187
0.18831
0.21773
0.24027
0.25174
0.24083
0.20550
0.17112
0.14509
0.11447
0.07214
0.02893
-0.00974
-0.05518
-0.09411
-0.12529
-0.15563
-0.17635
-0.18389
-0.18834
-0.19469
-0.20132
-0.20157
-0.20044
-0.21656
-0.23986
-0.25845
-0.27481
-0.28956
-0.30266
-0.32410
-0.35886
-0.40245
-0.44314
-0.46838
-0.48574
-0.50277
-0.51398
-0.50386
-0.48088
-0.46068
-0.44070
-0.42487
-0.40878
-0.38992
-0.36702
-0.33831
-0.30583
-0.26522
-0.22128
-0.17519
-0.12530
-0.07304
-0.01915
0.03663
0.09002
0.14608
0.21070
0.28031
0.37348
0.45678
0.51506
0.58863
0.62987
0.64620
0.68859
0.70715
0.72757
0.76925
0.76765
0.74550
0.72472
0.69476
0.66796
0.64984
0.64065
0.64371
0.65160
0.65651
0.65591
0.64841
0.65279
0.64926
0.63791
0.62651
0.58869
0.55525
0.52968
0.50149
0.48128
0.45646
0.43585
0.42000
0.39690
0.36595
0.33758
0.32022
0.30833
0.29426
0.27353
0.25670
0.23398
0.20193
0.17709
0.16889
0.17082
0.17329
0.17700
0.15277
0.11336
0.08028
0.05230
0.03897
0.03099
0.03656
0.05780
0.08326
0.10280
0.12159
0.14207
0.15809
0.17429
0.19610
0.22418
0.22855
0.20002
0.15027
0.08400
0.01068
-0.06308
-0.13298
-0.20708
-0.26000
-0.28037
-0.32188
-0.37309
-0.40718
-0.44959
-0.46197
-0.45459
-0.48238
-0.48986
-0.46852
-0.43967
-0.37546
-0.31994
-0.27596
-0.19707
-0.12579
-0.08960
-0.06227
-0.04500
-0.03431
-0.01287
0.00153
-0.00025
0.02331
0.07308
0.11110
0.17078
0.23506
0.25023
0.26540
0.28763
0.28346
0.27594
0.27421
0.25682
0.23570
0.22335
0.20518
0.19497
0.18973
0.17761
0.17218
0.16864
0.16234
0.14837
0.12795
0.11296
0.09759
0.08280
0.06217
0.02562
-0.01174
-0.03677
-0.06403
-0.09783
-0.12878
-0.17160
-0.21930
-0.26042
-0.28599
-0.30203
-0.32289
-0.33685
-0.35497
-0.37400
-0.38301
-0.37802
-0.36107
-0.35188
-0.35332
-0.36277
-0.38230
-0.39974
-0.39778
-0.38330
-0.36303
-0.33452
-0.29515
-0.24783
-0.19610
-0.13754
-0.07674
-0.02009
0.02215
0.04999
0.07218
0.08883
0.11066
0.14658
0.17937
0.19851
0.18848
0.14415
0.10259
0.07973
0.05855
0.02562
-0.00873
-0.03724
-0.07340
-0.11352
-0.14632
-0.17369
-0.18993
-0.19313
-0.19343
-0.20180
-0.22469
-0.24178
-0.24944
-0.26427
-0.27641
-0.26572
-0.24184
-0.21321
-0.16725
-0.13528
-0.14464
-0.20082
-0.28004
-0.34725
-0.41824
-0.50404
-0.58101
-0.60285
-0.58654
-0.57004
-0.55980
-0.56621
-0.58442
-0.59937
-0.59686
-0.58714
-0.56365
-0.53957
-0.52214
-0.48804
-0.43566
-0.37740
-0.33060
-0.27851
-0.22649
-0.17934
-0.13049
-0.08091
-0.02472
0.04149
0.13187
0.23924
0.34466
0.44246
0.54647
0.65174
0.74699
0.82528
0.87001
0.87815
0.86805
0.85190
0.82070
0.77079
0.72118
0.70937
0.69996
0.69108
0.71145
0.69954
0.66739
0.64806
0.60918
0.57134
0.55352
0.51077
0.47329
0.46556
0.43523
0.41305
0.39278
0.34406
0.31366
0.28083
0.23258
0.17368
0.10804
0.08452
0.07363
0.06683
0.07274
0.06140
0.06300
0.06855
0.05848
0.05159
0.04063
0.02878
0.01738
-0.00373
-0.02351
-0.03448
-0.03998
-0.03600
-0.01363
0.01304
0.02517
0.03344
0.03361
0.03505
0.05873
0.09364
0.13213
0.15132
0.13758
0.07233
-0.04329
-0.15620
-0.26991
-0.36747
-0.40831
-0.41823
-0.43196
-0.45662
-0.49171
-0.54964
-0.61653
-0.66897
-0.69511
-0.69119
-0.65866
-0.60537
-0.55153
-0.50175
-0.45172
-0.41290
-0.37050
-0.30740
-0.25488
-0.20300
-0.16489
-0.14427
-0.12763
-0.14754
-0.15435
-0.14582
-0.12871
-0.06330
-0.00505
0.03305
0.08354
0.12060
0.15059
0.17565
0.17928
0.19217
0.20197
0.19727
0.19468
0.19454
0.19354
0.18981
0.19017
0.17575
0.15382
0.14167
0.12218
0.10541
0.10809
0.10745
0.09576
0.09309
0.09220
0.07740
0.04775
-0.00709
-0.08457
-0.14670
-0.19258
-0.23554
-0.26936
-0.29685
-0.30685
-0.31746
-0.33508
-0.33483
-0.33227
-0.33474
-0.32990
-0.32087
-0.31848
-0.32283
-0.33169
-0.35337
-0.38026
-0.39816
-0.40253
-0.39048
-0.36537
-0.33450
-0.30640
-0.28807
-0.27544
-0.26499
-0.24457
-0.19095
-0.10842
-0.02628
0.03015
0.06721
0.09230
0.11467
0.14538
0.17316
0.20681
0.22680
0.21049
0.16958
0.11621
0.06230
0.01099
-0.01733
-0.02793
-0.04156
-0.05646
-0.06947
-0.08225
-0.09217
-0.08348
-0.06709
-0.07668
-0.12126
-0.16619
-0.18589
-0.18483
-0.17324
-0.16858
-0.15881
-0.13748
-0.13149
-0.13308
-0.14420
-0.16993
-0.19975
-0.24805
-0.29354
-0.32649
-0.34879
-0.35970
-0.36434
-0.33660
-0.29672
-0.27489
-0.24615
-0.21841
-0.19335
-0.14782
-0.12709
-0.11067
-0.06303
0.00066
0.05712
0.08058
0.11418
0.15031
0.19239
0.24835
0.30186
0.35680
0.43376
0.55390
0.63469
0.69212
0.77438
0.83635
0.86687
0.86045
0.83356
0.81031
0.78765
0.76930
0.76962
0.77798
0.77306
0.74504
0.71208
0.68503
0.66371
0.66015
0.65568
0.64654
0.64289
0.62330
0.58985
0.55419
0.51023
0.47655
0.45169
0.41166
0.34688
0.27514
0.20083
0.12665
0.07837
0.02550
-0.01346
-0.02821
-0.07498
-0.12575
-0.16502
-0.21728
-0.24290
-0.24268
-0.25059
-0.25078
-0.26186
-0.27919
-0.29135
-0.29856
-0.28450
-0.27480
-0.26553
-0.25089
-0.25176
-0.24041
-0.19236
-0.14648
-0.08860
-0.00766
0.05805
0.11763
0.14945
0.14680
0.11409
0.05090
0.00077
-0.03177
-0.06268
-0.10620
-0.17652
-0.24703
-0.29608
-0.32963
-0.35457
-0.38213
-0.40879
-0.43414
-0.45826
-0.45946
-0.43532
-0.39797
-0.35021
-0.32063
-0.30379
-0.26241
-0.22105
-0.18445
-0.15025
-0.12772
-0.11059
-0.09982
-0.07901
-0.05042
-0.01579
0.03518
0.08940
0.14062
0.18936
0.22425
0.25941
0.29023
0.29646
0.29656
0.29910
0.29763
0.29515
0.30449
0.30306
0.29524
0.29347
0.26401
0.22298
0.18843
0.15938
0.13578
0.10760
0.07826
0.04812
0.01719
0.00123
-0.01143
-0.04147
-0.08578
-0.13838
-0.18516
-0.23415
-0.28693
-0.33656
-0.38200
-0.40117
-0.40742
-0.42394
-0.42281
-0.39967
-0.38158
-0.36260
-0.34062
-0.33582
-0.35188
-0.36371
-0.36573
-0.37304
-0.39046
-0.40436
-0.40361
-0.39785
-0.38419
-0.38204
-0.39052
-0.38121
-0.36271
-0.33985
-0.29989
-0.23354
-0.15603
-0.07959
-0.01418
0.02898
0.06816
0.10965
0.15181
0.20020
0.23689
0.24734
0.23208
0.19754
0.14777
0.09732
0.06834
0.04595
0.01891
-0.01189
-0.04770
-0.07571
-0.09090
-0.09119
-0.08458
-0.09525
-0.12335
-0.15353
-0.17444
-0.18218
-0.18227
-0.18112
-0.18038
-0.17277
-0.17582
-0.18020
-0.18072
-0.19548
-0.21239
-0.24027
-0.26911
-0.29071
-0.30161
-0.30669
-0.31226
-0.29177
-0.26702
-0.25543
-0.23168
-0.21013
-0.19158
-0.15493
-0.13700
-0.11871
-0.07478
-0.02078
0.02869
0.05662
0.08993
0.12246
0.16441
0.21413
0.26015
0.31230
0.38506
0.49720
0.58038
0.64187
0.72307
0.78463
0.82097
0.83420
0.83322
0.82736
0.80569
0.78590
0.77932
0.77705
0.76729
0.73710
0.70649
0.68255
0.65845
0.64433
0.63458
0.62022
0.60617
0.58102
0.54934
0.51527
0.46836
0.43057
0.39424
0.35358
0.30573
0.25455
0.20895
0.16098
0.13157
0.09740
0.07445
0.08081
0.05289
0.02042
0.00004
-0.04713
-0.06568
-0.05896
-0.06129
-0.05398
-0.06817
-0.09888
-0.12942
-0.16053
-0.17630
-0.19202
-0.21050
-0.22285
-0.24464
-0.25242
-0.22361
-0.19501
-0.15210
-0.08983
-0.03674
0.01569
0.04650
0.04598
0.01522
-0.04103
-0.07399
-0.08326
-0.10334
-0.13773
-0.19759
-0.26464
-0.30559
-0.32099
-0.33012
-0.35205
-0.37620
-0.40274
-0.43098
-0.43356
-0.40606
-0.36792
-0.32517
-0.29996
-0.29003
-0.25466
-0.21574
-0.18994
-0.16664
-0.14729
-0.13155
-0.11162
-0.08197
-0.04858
-0.01117
0.02940
0.07825
0.12960
0.17271
0.20517
0.25047
0.29359
0.30798
0.31454
0.31873
0.32447
0.33046
0.34637
0.34960
0.34840
0.34984
0.31810
0.27598
0.23790
0.21629
0.20316
0.17418
0.13473
0.09951
0.05017
0.01070
-0.00051
-0.03019
-0.06524
-0.09975
-0.13505
-0.17316
-0.22600
-0.28700
-0.33720
-0.36683
-0.38515
-0.40494
-0.40711
-0.37530
-0.34802
-0.31636
-0.29565
-0.30838
-0.33791
-0.36097
-0.36043
-0.36235
-0.39021
-0.43260
-0.46008
-0.48476
-0.50112
-0.53800
-0.58276
-0.57914
-0.56044
-0.54808
-0.53933
-0.50682
-0.44089
-0.33947
-0.23778
-0.16944
-0.11211
-0.05713
0.00252
0.05867
0.11521
0.15668
0.17286
0.16071
0.11861
0.08166
0.05666
0.03373
-0.00093
-0.04854
-0.10560
-0.15545
-0.18298
-0.19885
-0.20702
-0.22747
-0.23999
-0.23764
-0.24945
-0.26601
-0.28466
-0.29600
-0.30737
-0.32466
-0.33765
-0.34937
-0.34974
-0.34359
-0.33294
-0.31280
-0.29660
-0.28081
-0.26130
-0.25299
-0.25171
-0.25478
-0.27657
-0.30001
-0.29824
-0.29023
-0.27790
-0.25928
-0.23971
-0.21146
-0.18765
-0.15840
-0.12067
-0.06524
-0.01533
0.02480
0.08443
0.14216
0.19811
0.24311
0.29150
0.33282
0.36682
0.41278
0.45188
0.50774
0.58015
0.68178
0.81584
0.90892
0.93553
0.94992
0.95098
0.92888
0.90725
0.87803
0.85810
0.85228
0.84127
0.82928
0.81687
0.79189
0.76365
0.73490
0.69608
0.65496
0.62179
0.58976
0.54935
0.51810
0.49392
0.46264
0.43176
0.40505
0.37192
0.33478
0.30389
0.28215
0.27099
0.26372
0.25451
0.23689
0.21403
0.18942
0.15797
0.13231
0.12647
0.12909
0.12643
0.11391
0.10332
0.08601
0.04932
0.02789
0.00848
-0.03263
-0.05015
-0.04947
-0.06780
-0.07380
-0.10084
-0.16870
-0.16987
-0.13640
-0.15066
-0.15065
-0.15922
-0.21336
-0.23980
-0.24445
-0.24684
-0.22900
-0.17360
-0.05928
0.07463
0.16334
0.11557
-0.10100
-0.33655
-0.42139
-0.39842
-0.41609
-0.47332
-0.51875
-0.54225
-0.53391
-0.51613
-0.49998
-0.47934
-0.43533
-0.39591
-0.38440
-0.38367
-0.38602
-0.32688
-0.19949
-0.05900
0.03942
0.07662
0.07625
0.06848
0.08099
0.12049
0.20335
0.27996
0.32816
0.36176
0.36556
0.33119
0.26792
0.19426
0.12201
0.10026
0.12118
0.14643
0.15195
0.14016
0.13560
0.14018
0.14896
0.16325
0.19390
0.20178
0.16714
0.10014
0.00509
-0.06944
-0.07253
-0.03285
0.00750
-0.00684
-0.11985
-0.23416
-0.31924
-0.43397
-0.52475
-0.56115
-0.57911
-0.56656
-0.55753
-0.55951
-0.54699
-0.54733
-0.52992
-0.53169
-0.58370
-0.60120
-0.55260
-0.48019
-0.43620
-0.41390
-0.40563
-0.41933
-0.40899
-0.36883
-0.31853
-0.24725
-0.18180
-0.14979
-0.09833
0.01019
0.07571
0.09696
0.15787
0.19928
0.19492
0.17049
0.15815
0.17678
0.18297
0.17515
0.15272
0.11692
0.08676
0.04507
-0.00433
-0.05749
-0.10351
-0.14521
-0.19132
-0.21217
-0.21646
-0.21269
-0.22798
-0.28098
-0.31522
-0.27378
-0.18752
-0.15205
-0.18798
-0.24724
-0.27729
-0.28187
-0.29451
-0.31200
-0.32136
-0.32365
-0.33613
-0.38216
-0.44745
-0.47369
-0.46363
-0.44689
-0.42876
-0.41364
-0.39895
-0.37901
-0.34807
-0.31492
-0.27754
-0.23482
-0.19372
-0.15259
-0.12142
-0.10462
-0.06569
0.01263
0.08444
0.12384
0.16152
0.21226
0.25753
0.29874
0.34601
0.40239
0.46383
0.52229
0.58601
0.66977
0.77576
0.85532
0.87053
0.88485
0.91738
0.93713
0.94586
0.92976
0.90191
0.86854
0.83326
0.80262
0.77393
0.74504
0.70314
0.66635
0.63771
0.60114
0.56270
0.53247
0.50089
0.46289
0.41483
0.36872
0.32787
0.27206
0.22412
0.19218
0.16750
0.15169
0.13641
0.11737
0.10695
0.09085
0.04814
-0.01285
-0.08604
-0.14645
-0.18534
-0.20932
-0.21470
-0.21720
-0.23210
-0.24858
-0.27560
-0.31320
-0.33171
-0.32620
-0.30989
-0.30622
-0.30202
-0.28307
-0.27999
-0.29999
-0.33608
-0.38413
-0.40291
-0.33026
-0.15444
0.01283
0.08140
0.08725
0.07055
0.04797
-0.01683
-0.15590
-0.29262
-0.32308
-0.29650
-0.31401
-0.34569
-0.34465
-0.34638
-0.36813
-0.36373
-0.36160
-0.36190
-0.34332
-0.32729
-0.31353
-0.31932
-0.31671
-0.29427
-0.25321
-0.20307
-0.17156
-0.13301
-0.05891
0.03235
0.09874
0.15051
0.20509
0.27648
0.35977
0.41998
0.46223
0.49955
0.54267
0.59183
0.63600
0.66044
0.66418
0.65801
0.64203
0.63859
0.63618
0.62117
0.61480
0.60480
0.57164
0.51831
0.46315
0.41668
0.38286
0.35222
0.29913
0.23456
0.17901
0.10422
0.03395
-0.01604
-0.09006
-0.14481
-0.16723
-0.20585
-0.25200
-0.27473
-0.28604
-0.29898
-0.30376
-0.30486
-0.30296
-0.30463
-0.30798
-0.32072
-0.34321
-0.36790
-0.39902
-0.40263
-0.36124
-0.33078
-0.33084
-0.32876
-0.32731
-0.34602
-0.45118
-0.58628
-0.60130
-0.57125
-0.57577
-0.56349
-0.53950
-0.49573
-0.37680
-0.20104
-0.10239
-0.08546
-0.02438
0.04079
0.08046
0.12889
0.15834
0.17395
0.22546
0.27744
0.26183
0.24368
0.25002
0.26551
0.30147
0.29794
0.21301
0.12292
0.08195
0.02282
-0.07428
-0.17871
-0.28263
-0.36563
-0.35558
-0.21160
-0.10727
-0.16452
-0.21842
-0.20723
-0.23281
-0.28921
-0.32210
-0.33150
-0.33796
-0.32659
-0.32271
-0.34530
-0.36404
-0.38684
-0.39995
-0.39157
-0.38903
-0.39216
-0.39311
-0.39903
-0.40336
-0.40314
-0.39410
-0.37775
-0.35780
-0.32236
-0.28816
-0.26969
-0.22483
-0.15290
-0.10919
-0.07031
-0.02628
0.00206
0.03799
0.07653
0.11151
0.14594
0.19188
0.27996
0.38375
0.45222
0.50596
0.57404
0.64570
0.71416
0.77295
0.80457
0.81088
0.80990
0.80033
0.79152
0.79003
0.77996
0.76404
0.74811
0.72462
0.68940
0.64974
0.62032
0.59581
0.56940
0.54662
0.52964
0.51923
0.51282
0.50361
0.47944
0.45214
0.42671
0.39974
0.37822
0.35295
0.32915
0.31137
0.28648
0.25594
0.22603
0.18576
0.13732
0.08263
0.02939
-0.01182
-0.05962
-0.10126
-0.12449
-0.13588
-0.13631
-0.15015
-0.18078
-0.21229
-0.24156
-0.27223
-0.31902
-0.36527
-0.39678
-0.43621
-0.48151
-0.50508
-0.41567
-0.20697
-0.09548
-0.09890
-0.05258
-0.00237
0.00597
-0.06164
-0.22510
-0.31749
-0.30662
-0.31739
-0.33968
-0.34327
-0.36029
-0.37391
-0.34586
-0.32493
-0.36140
-0.38211
-0.37290
-0.37041
-0.35888
-0.34551
-0.33189
-0.30205
-0.25425
-0.21415
-0.16950
-0.12111
-0.08826
-0.04404
0.03472
0.11698
0.15957
0.18399
0.19778
0.21927
0.26373
0.29717
0.31706
0.35681
0.41103
0.43216
0.41257
0.38917
0.38788
0.40140
0.42079
0.43399
0.44107
0.44401
0.45240
0.45291
0.43296
0.40660
0.37322
0.35621
0.34926
0.33636
0.29263
0.23434
0.18774
0.13548
0.09607
0.06133
0.00944
-0.04653
-0.07949
-0.11460
-0.15074
-0.16166
-0.16209
-0.17267
-0.19078
-0.18483
-0.19145
-0.22785
-0.25432
-0.26472
-0.28303
-0.30964
-0.33057
-0.33377
-0.31456
-0.31332
-0.31851
-0.32122
-0.34255
-0.36012
-0.40212
-0.45741
-0.46025
-0.46089
-0.48607
-0.48289
-0.44339
-0.38155
-0.27779
-0.13227
-0.05412
-0.04447
-0.00655
0.03158
0.05870
0.09741
0.12523
0.13961
0.17979
0.21607
0.19983
0.18884
0.19365
0.19509
0.21578
0.21388
0.15290
0.08560
0.03663
-0.02361
-0.10450
-0.19607
-0.27633
-0.34361
-0.34035
-0.22326
-0.14077
-0.19385
-0.24653
-0.23424
-0.25254
-0.30677
-0.34032
-0.35058
-0.36819
-0.37280
-0.37204
-0.39828
-0.42822
-0.45844
-0.46490
-0.45046
-0.44779
-0.45643
-0.46843
-0.47322
-0.47493
-0.47477
-0.46405
-0.45403
-0.43443
-0.39434
-0.36540
-0.35006
-0.30920
-0.23185
-0.18045
-0.14361
-0.09222
-0.05328
-0.01007
0.03540
0.07667
0.11192
0.16688
0.26335
0.37498
0.45653
0.50916
0.57811
0.66053
0.73441
0.79143
0.82616
0.82868
0.81840
0.80603
0.79786
0.79502
0.78671
0.77540
0.75452
0.72977
0.69477
0.65655
0.62441
0.58682
0.55157
0.53322
0.52653
0.52927
0.53435
0.53024
0.51780
0.49851
0.47577
0.44740
0.42657
0.41172
0.40187
0.38559
0.36092
0.34128
0.30906
0.27100
0.23230
0.19427
0.15555
0.10782
0.05566
0.00442
-0.03684
-0.04862
-0.04584
-0.05580
-0.08081
-0.12537
-0.17400
-0.22805
-0.29527
-0.36014
-0.41170
-0.46876
-0.53161
-0.54855
-0.39726
-0.09035
0.03096
-0.06145
-0.07249
-0.02920
-0.02173
-0.12649
-0.36961
-0.47774
-0.38409
-0.32941
-0.35190
-0.37843
-0.41338
-0.43066
-0.39344
-0.36844
-0.42585
-0.46840
-0.44934
-0.43731
-0.43013
-0.42767
-0.43285
-0.39999
-0.31989
-0.24917
-0.19595
-0.15237
-0.11950
-0.04419
0.06699
0.15285
0.19865
0.22335
0.23030
0.25108
0.29161
0.30813
0.32218
0.37778
0.45041
0.44620
0.36406
0.30230
0.28064
0.28514
0.30933
0.32013
0.31284
0.31168
0.31537
0.28762
0.24777
0.21261
0.17325
0.16313
0.16345
0.15070
0.11054
0.07360
0.05678
0.03683
0.04577
0.06756
0.06578
0.02975
-0.00635
-0.03324
-0.06332
-0.07414
-0.06133
-0.04826
-0.05430
-0.05194
-0.08236
-0.17502
-0.23035
-0.21312
-0.21864
-0.24331
-0.22571
-0.21609
-0.23631
-0.27228
-0.29466
-0.31691
-0.37724
-0.37525
-0.25148
-0.10683
-0.07548
-0.13834
-0.16647
-0.15071
-0.09899
-0.00497
0.08401
0.12484
0.12331
0.10812
0.06328
0.02157
0.03000
0.06890
0.11000
0.12268
0.09280
0.04991
0.01929
-0.00533
-0.04206
-0.10677
-0.17023
-0.18064
-0.13971
-0.13577
-0.18597
-0.19950
-0.19627
-0.20467
-0.16881
-0.13100
-0.14843
-0.18866
-0.20190
-0.18203
-0.18629
-0.21073
-0.23063
-0.25060
-0.24442
-0.22741
-0.25390
-0.31664
-0.36106
-0.39367
-0.44075
-0.47979
-0.47509
-0.46320
-0.48161
-0.48872
-0.47590
-0.47398
-0.48317
-0.46978
-0.41758
-0.33480
-0.26255
-0.19638
-0.11624
-0.06554
-0.01594
0.04385
0.09086
0.15402
0.22630
0.29380
0.35483
0.39056
0.41245
0.44283
0.47152
0.49190
0.50044
0.49185
0.47099
0.45573
0.45042
0.43843
0.41391
0.37318
0.33489
0.30698
0.27686
0.24382
0.21979
0.21372
0.21076
0.21828
0.22587
0.23148
0.24761
0.25019
0.24838
0.25354
0.25616
0.24711
0.23097
0.21835
0.21843
0.24101
0.26470
0.26992
0.26473
0.25968
0.24253
0.21288
0.19143
0.18176
0.18569
0.20656
0.23266
0.24569
0.23751
0.21593
0.19309
0.17343
0.16171
0.15704
0.14513
0.11659
0.08509
0.05130
-0.00216
-0.06668
-0.08817
0.00071
0.12303
0.13368
0.06757
0.03231
0.02757
0.00250
-0.07497
-0.21977
-0.35007
-0.37470
-0.36513
-0.38214
-0.39809
-0.41211
-0.43053
-0.44461
-0.45264
-0.46468
-0.46731
-0.45441
-0.45822
-0.48343
-0.50872
-0.52221
-0.50871
-0.45950
-0.39110
-0.32319
-0.25985
-0.20024
-0.14158
-0.08257
-0.02849
0.01749
0.06133
0.11416
0.16973
0.20834
0.22204
0.21330
0.20263
0.20893
0.22411
0.23327
0.23762
0.25686
0.28227
0.27489
0.22947
0.17687
0.13550
0.10790
0.08893
0.06598
0.05280
0.04877
0.03337
0.01143
-0.01874
-0.03780
-0.03231
-0.03866
-0.06588
-0.09787
-0.12389
-0.14115
-0.15624
-0.16634
-0.16955
-0.16292
-0.15603
-0.16532
-0.18482
-0.20146
-0.20581
-0.19950
-0.18598
-0.15965
-0.12132
-0.07603
-0.02823
0.01309
0.04359
0.06994
0.10294
0.13445
0.16312
0.19215
0.16265
0.04650
-0.09391
-0.18617
-0.22623
-0.26235
-0.26292
-0.20040
-0.09602
0.03238
0.10779
0.09982
0.06706
0.04203
0.00934
-0.02125
-0.03461
-0.04259
-0.04843
-0.04769
-0.02645
-0.00605
-0.00337
-0.00920
-0.01979
-0.01448
0.00483
0.01152
0.00538
-0.01724
-0.07226
-0.15034
-0.24545
-0.32996
-0.36736
-0.33630
-0.25640
-0.19831
-0.19290
-0.21066
-0.20506
-0.18143
-0.16052
-0.15272
-0.16295
-0.17178
-0.17438
-0.19142
-0.22549
-0.24449
-0.24618
-0.23142
-0.20540
-0.18923
-0.19200
-0.21479
-0.22804
-0.23715
-0.27153
-0.31913
-0.35146
-0.34780
-0.32184
-0.30132
-0.29111
-0.29051
-0.28695
-0.26403
-0.23491
-0.20155
-0.15586
-0.10669
-0.05752
-0.01044
0.03184
0.05440
0.07590
0.12508
0.18466
0.24145
0.27996
0.30588
0.33036
0.34973
0.35317
0.34261
0.34466
0.36327
0.39566
0.41272
0.39959
0.38231
0.37061
0.34756
0.31850
0.30300
0.29333
0.27839
0.25050
0.22545
0.20507
0.19684
0.19527
0.16943
0.13251
0.08662
0.03095
-0.00706
-0.00632
0.01843
0.03171
0.01787
-0.01088
-0.01618
0.02190
0.06077
0.07983
0.09167
0.09527
0.09673
0.09098
0.08509
0.08242
0.08285
0.10061
0.12341
0.12151
0.10521
0.10355
0.11699
0.13106
0.11015
0.06124
0.01270
-0.02882
-0.02787
0.02930
0.10149
0.15371
0.17898
0.18447
0.17482
0.11657
0.00374
-0.11612
-0.18833
-0.18600
-0.16020
-0.15652
-0.16784
-0.17756
-0.17593
-0.18687
-0.22449
-0.27406
-0.31640
-0.33883
-0.35778
-0.37747
-0.38626
-0.38750
-0.39083
-0.39503
-0.37595
-0.33317
-0.28481
-0.22539
-0.15076
-0.07549
-0.01673
0.02920
0.06760
0.10047
0.13897
0.18866
0.23484
0.26151
0.27844
0.28294
0.27772
0.27205
0.26236
0.25225
0.24300
0.24337
0.25351
0.27351
0.29377
0.29451
0.28221
0.27282
0.26066
0.23395
0.19305
0.14230
0.10675
0.10026
0.09819
0.06456
0.01531
-0.02178
-0.04554
-0.04049
-0.02753
-0.03903
-0.06406
-0.07642
-0.08133
-0.09432
-0.11016
-0.12300
-0.12164
-0.10625
-0.09713
-0.10973
-0.12870
-0.12876
-0.11935
-0.10818
-0.08967
-0.07172
-0.05052
-0.01163
0.03377
0.05657
0.05499
0.04249
0.04011
0.06998
0.13662
0.21349
0.26592
0.30087
0.31867
0.30746
0.27368
0.23753
0.21278
0.20289
0.21162
0.23378
0.25051
0.25108
0.23362
0.20524
0.19863
0.19416
0.17221
0.14598
0.11417
0.07853
0.03255
-0.01703
-0.06752
-0.12398
-0.17675
-0.22643
-0.28676
-0.31723
-0.30360
-0.28594
-0.28354
-0.30435
-0.32136
-0.32754
-0.31694
-0.29277
-0.28359
-0.28847
-0.29295
-0.29764
-0.32042
-0.34603
-0.35850
-0.36420
-0.36577
-0.36648
-0.37255
-0.38200
-0.38791
-0.38298
-0.37022
-0.35985
-0.35062
-0.34446
-0.33516
-0.32579
-0.32209
-0.30549
-0.25889
-0.19084
-0.11575
-0.04743
0.00449
0.04778
0.08492
0.11740
0.14926
0.18917
0.23699
0.28800
0.33256
0.35705
0.36474
0.36938
0.37266
0.36752
0.36418
0.35959
0.35034
0.33816
0.32293
0.30783
0.28835
0.26846
0.25395
0.23662
0.21618
0.20236
0.19196
0.18300
0.17092
0.15715
0.14680
0.14090
0.13293
0.11375
0.09069
0.06690
0.04515
0.03053
0.02519
0.02193
0.00701
-0.01667
-0.03892
-0.04877
-0.03843
-0.02021
-0.00337
0.01481
0.03127
0.03789
0.03278
0.02065
0.00706
0.00439
0.02014
0.04237
0.05527
0.06266
0.07237
0.08178
0.08163
0.07270
0.06881
0.07127
0.07096
0.07765
0.10232
0.12780
0.14636
0.15773
0.15432
0.13489
0.09704
0.04035
-0.01627
-0.04552
-0.04278
-0.02613
-0.01494
-0.01185
-0.01301
-0.02182
-0.04500
-0.08259
-0.12391
-0.15649
-0.17421
-0.18678
-0.20207
-0.21009
-0.20833
-0.20431
-0.20259
-0.19442
-0.17061
-0.14082
-0.10498
-0.05927
-0.01922
0.00341
0.01714
0.02977
0.04404
0.06695
0.09335
0.11186
0.11779
0.11536
0.10940
0.10130
0.09463
0.08723
0.08318
0.08372
0.08650
0.09421
0.10509
0.11754
0.12100
0.11655
0.11510
0.11225
0.09768
0.06820
0.03468
0.01606
0.02269
0.03229
0.01918
-0.00109
-0.01185
-0.01255
0.00545
0.02680
0.02909
0.02475
0.02968
0.03626
0.04022
0.04842
0.06160
0.08096
0.11041
0.13980
0.14674
0.14329
0.15467
0.16168
0.15817
0.16177
0.16285
0.16531
0.18052
0.19709
0.19041
0.15362
0.10662
0.06862
0.05838
0.08623
0.13276
0.16378
0.18418
0.19238
0.17795
0.15231
0.12486
0.11115
0.11638
0.13739
0.16678
0.18278
0.18078
0.16497
0.13935
0.12941
0.11681
0.08866
0.05588
0.02066
-0.01031
-0.03740
-0.05905
-0.08762
-0.12243
-0.16381
-0.21098
-0.26560
-0.29478
-0.27720
-0.24810
-0.23122
-0.23546
-0.23782
-0.22887
-0.20451
-0.17072
-0.14869
-0.14608
-0.14638
-0.14277
-0.15998
-0.18399
-0.19070
-0.18934
-0.18992
-0.18929
-0.19917
-0.22190
-0.24734
-0.26366
-0.26882
-0.27210
-0.27071
-0.27326
-0.28062
-0.29085
-0.30612
-0.30811
-0.28089
-0.22439
-0.14712
-0.07377
-0.01680
0.02897
0.06070
0.08295
0.10773
0.14520
0.19106
0.23859
0.28112
0.30135
0.30510
0.31388
0.32285
0.32178
0.32421
0.32696
0.31705
0.29866
0.27684
0.25906
0.24461
0.23038
0.21873
0.20986
0.19951
0.18589
0.17477
0.16513
0.15172
0.13545
0.12251
0.11471
0.10985
0.10360
0.09314
0.08228
0.07074
0.05955
0.04675
0.02469
-0.00602
-0.03534
-0.05271
-0.06061
-0.06131
-0.05314
-0.04139
-0.03171
-0.02751
-0.03574
-0.05613
-0.08222
-0.10975
-0.11977
-0.10853
-0.09445
-0.08267
-0.06977
-0.05653
-0.05484
-0.06875
-0.06839
-0.03442
0.01308
0.05147
0.07296
0.08063
0.08335
0.09255
0.10452
0.10319
0.08564
0.07304
0.07277
0.08044
0.09719
0.11221
0.13055
0.15609
0.17642
0.18016
0.16269
0.13034
0.09950
0.07251
0.04920
0.04028
0.04014
0.03581
0.02742
0.02937
0.04154
0.04846
0.04778
0.05536
0.06983
0.08872
0.10737
0.11293
0.10639
0.09428
0.08820
0.09049
0.09978
0.09704
0.07945
0.05569
0.03033
0.01355
0.00154
-0.00353
-0.00181
0.00568
0.01096
0.00436
-0.01373
-0.03675
-0.05262
-0.05518
-0.05536
-0.06244
-0.06979
-0.07864
-0.09554
-0.11135
-0.11581
-0.12051
-0.12952
-0.13251
-0.12525
-0.11267
-0.10195
-0.09407
-0.09391
-0.10373
-0.11917
-0.13580
-0.14911
-0.15674
-0.14993
-0.13203
-0.11530
-0.09940
-0.08927
-0.08281
-0.06825
-0.05024
-0.04426
-0.03902
-0.01301
0.02835
0.06874
0.09128
0.09050
0.06857
0.03481
0.00607
-0.00683
-0.00253
0.00057
-0.01103
-0.02098
-0.00609
0.02818
0.06478
0.09452
0.10590
0.09746
0.07873
0.05651
0.03332
0.02417
0.03367
0.05257
0.06778
0.07819
0.09120
0.09316
0.08652
0.08541
0.09207
0.08007
0.04867
0.02071
-0.00339
-0.03142
-0.07659
-0.12632
-0.17500
-0.20642
-0.20121
-0.17615
-0.15912
-0.15644
-0.15949
-0.17090
-0.18259
-0.19589
-0.21217
-0.22133
-0.22090
-0.21997
-0.22935
-0.24905
-0.27711
-0.29521
-0.29087
-0.28873
-0.29687
-0.30372
-0.30587
-0.30043
-0.29389
-0.29574
-0.30011
-0.29422
-0.28283
-0.27005
-0.26034
-0.25172
-0.24162
-0.23173
-0.21668
-0.19849
-0.18315
-0.16632
-0.13027
-0.08858
-0.05807
-0.03750
-0.02004
-0.00358
0.01140
0.03401
0.06019
0.09517
0.14029
0.18660
0.22540
0.25721
0.29083
0.32166
0.34548
0.35926
0.36012
0.34816
0.32916
0.30757
0.28279
0.26221
0.24678
0.22975
0.20242
0.16425
0.12530
0.08646
0.04802
0.01270
-0.00757
-0.01954
-0.02921
-0.03378
-0.04415
-0.05299
-0.06305
-0.07808
-0.09807
-0.11887
-0.13432
-0.14388
-0.14749
-0.15129
-0.15132
-0.14927
-0.14829
-0.15135
-0.15707
-0.16572
-0.17585
-0.17839
-0.17998
-0.19194
-0.20605
-0.20743
-0.20111
-0.19492
-0.19044
-0.18640
-0.18729
-0.19962
-0.21903
-0.22357
-0.19538
-0.14349
-0.09345
-0.06184
-0.03445
-0.01668
-0.02857
-0.06245
-0.09787
-0.10708
-0.08597
-0.05293
-0.01480
0.02440
0.05800
0.08251
0.09449
0.09485
0.09756
0.09963
0.09809
0.10593
0.11894
0.13270
0.13944
0.14412
0.15985
0.19039
0.23512
0.27153
0.29168
0.30130
0.30121
0.29812
0.29550
0.28878
0.27893
0.27726
0.27424
0.26625
0.25828
0.24276
0.22196
0.20365
0.19981
0.20047
0.19255
0.17109
0.14531
0.13074
0.12042
0.11113
0.09151
0.07125
0.05568
0.03052
0.00208
-0.02535
-0.05363
-0.08111
-0.09934
-0.10845
-0.10859
-0.10140
-0.09308
-0.08074
-0.06570
-0.05505
-0.05098
-0.05425
-0.05580
-0.04598
-0.02748
-0.00764
0.00186
0.00597
0.01652
0.03592
0.05283
0.05885
0.06176
0.07116
0.08258
0.08567
0.08344
0.07237
0.06879
0.08404
0.10763
0.13119
0.13531
0.11916
0.09378
0.07037
0.05646
0.04810
0.05331
0.07998
0.11477
0.14369
0.15129
0.13606
0.10653
0.07750
0.07474
0.08654
0.09308
0.09667
0.10161
0.10322
0.09839
0.09222
0.09101
0.09310
0.09333
0.09183
0.08396
0.07437
0.06270
0.04728
0.04084
0.04911
0.07037
0.08248
0.07533
0.07300
0.07366
0.06807
0.04592
0.00294
-0.03772
-0.06607
-0.09397
-0.12278
-0.13064
-0.12849
-0.13160
-0.14428
-0.16632
-0.18307
-0.19223
-0.19075
-0.18645
-0.17589
-0.15525
-0.13419
-0.11375
-0.09841
-0.09151
-0.09473
-0.10427
-0.11004
-0.10946
-0.10438
-0.09482
-0.08114
-0.06216
-0.04097
-0.02101
-0.00235
0.01478
0.03456
0.05356
0.06818
0.08075
0.08599
0.08817
0.09751
0.11412
0.13150
0.14893
0.17073
0.19154
0.20263
0.20598
0.20947
0.21357
0.22172
0.23161
0.23048
0.21490
0.19471
0.17973
0.16799
0.15722
0.14677
0.13250
0.11133
0.08777
0.06784
0.05016
0.03334
0.01354
-0.00787
-0.02614
-0.04359
-0.06275
-0.08168
-0.09485
-0.10673
-0.12208
-0.13968
-0.15549
-0.16724
-0.17103
-0.17012
-0.16857
-0.15841
-0.14483
-0.13513
-0.13510
-0.13996
-0.14769
-0.15905
-0.16602
-0.17358
-0.18685
-0.19906
-0.20684
-0.21573
-0.22422
-0.22942
-0.22964
-0.23135
-0.24168
-0.25949
-0.26536
-0.24711
-0.21546
-0.18578
-0.17344
-0.16411
-0.15603
-0.16055
-0.17462
-0.18615
-0.17814
-0.15681
-0.13269
-0.10820
-0.08501
-0.06579
-0.04723
-0.03289
-0.03032
-0.02657
-0.02041
-0.01218
0.00531
0.02578
0.04757
0.06557
0.08346
0.11131
0.14495
0.18753
0.22726
0.25234
0.27142
0.28588
0.29980
0.31261
0.31875
0.31896
0.31869
0.31373
0.30397
0.29464
0.28186
0.26691
0.25521
0.25608
0.25718
0.25072
0.23235
0.20830
0.19301
0.18151
0.17197
0.15270
0.13068
0.10962
0.08166
0.05243
0.02523
-0.00124
-0.02265
-0.03188
-0.03047
-0.02314
-0.01569
-0.00832
0.00158
0.01389
0.02466
0.03037
0.02620
0.02070
0.01960
0.02460
0.03340
0.03517
0.03718
0.04549
0.05852
0.06626
0.06233
0.05488
0.05486
0.05763
0.05395
0.04535
0.03141
0.02051
0.02718
0.04855
0.06705
0.07125
0.05782
0.03333
0.01124
0.00263
0.00555
0.02076
0.05697
0.10484
0.14537
0.16270
0.16108
0.14720
0.13463
0.14840
0.17491
0.19581
0.21340
0.22928
0.23580
0.22786
0.21284
0.20076
0.19229
0.17986
0.16805
0.15523
0.14128
0.12712
0.10861
0.09916
0.11213
0.13832
0.15173
0.14428
0.13447
0.13193
0.12121
0.08892
0.04471
0.01060
-0.00282
-0.01517
-0.03313
-0.03811
-0.05020
-0.08027
-0.12276
-0.17230
-0.20134
-0.21455
-0.21829
-0.21062
-0.20035
-0.18591
-0.16965
-0.15470
-0.13817
-0.12173
-0.11429
-0.11436
-0.10759
-0.09626
-0.08514
-0.07465
-0.06392
-0.04501
-0.02433
-0.00262
0.02035
0.04414
0.06887
0.08806
0.10396
0.11705
0.12334
0.12815
0.14186
0.15814
0.17268
0.18988
0.21300
0.24299
0.26778
0.27982
0.27716
0.25849
0.23556
0.20815
0.17409
0.14019
0.10945
0.09187
0.08809
0.08560
0.07313
0.05133
0.02560
0.00825
0.00074
-0.00611
-0.00680
-0.01427
-0.03133
-0.05066
-0.08205
-0.11336
-0.13496
-0.15090
-0.16429
-0.18324
-0.20864
-0.23537
-0.25811
-0.27194
-0.27677
-0.27396
-0.25932
-0.24246
-0.23790
-0.24683
-0.26083
-0.27311
-0.28365
-0.29124
-0.29874
-0.30171
-0.30125
-0.30720
-0.32106
-0.33545
-0.34061
-0.33038
-0.31162
-0.30104
-0.30016
-0.29916
-0.29479
-0.29216
-0.29290
-0.30541
-0.32276
-0.32861
-0.32169
-0.30352
-0.27950
-0.25457
-0.23789
-0.22890
-0.23106
-0.24000
-0.24328
-0.24014
-0.23652
-0.24070
-0.24069
-0.22966
-0.20682
-0.17865
-0.15640
-0.13572
-0.11542
-0.09363
-0.06701
-0.04305
-0.01922
0.00847
0.03700
0.06849
0.10277
0.13609
0.16223
0.18979
0.21390
0.22421
0.22586
0.22923
0.23649
0.24203
0.25386
0.26691
0.27768
0.28332
0.28351
0.27801
0.26082
0.23220
0.19667
0.16429
0.13787
0.11758
0.09959
0.08797
0.08203
0.08168
0.08464
0.08054
0.07357
0.07040
0.06947
0.06485
0.05583
0.04494
0.03874
0.03854
0.04160
0.03816
0.02797
0.02270
0.02615
0.03568
0.04684
0.05933
0.06532
0.06084
0.04747
0.02654
0.00316
-0.01243
-0.01061
0.00592
0.02688
0.04619
0.05414
0.04543
0.02670
0.00269
-0.02203
-0.04355
-0.05361
-0.04976
-0.03372
-0.01270
0.00690
0.02030
0.02445
0.03054
0.04022
0.05440
0.06212
0.05113
0.03336
0.02663
0.03622
0.04365
0.04271
0.03452
0.02184
0.01233
0.00003
-0.01273
-0.01704
-0.00971
0.00341
0.01476
0.02185
0.03017
0.04150
0.05147
0.04890
0.02152
-0.00941
-0.02066
-0.00654
0.01903
0.04271
0.06402
0.07725
0.08763
0.09846
0.11032
0.12602
0.14372
0.15668
0.16299
0.16184
0.16078
0.15718
0.13706
0.11318
0.08767
0.06304
0.04723
0.03572
0.02316
0.00467
-0.01329
-0.02570
-0.03118
-0.03002
-0.02741
-0.02677
-0.02894
-0.03478
-0.04483
-0.05554
-0.06125
-0.05945
-0.05123
-0.04139
-0.03005
-0.01692
-0.00408
0.00609
0.01154
0.01880
0.02769
0.04272
0.06757
0.09168
0.10784
0.11209
0.10848
0.10046
0.08880
0.08207
0.08602
0.09616
0.10329
0.09752
0.08678
0.08050
0.07399
0.07184
0.06719
0.05455
0.04600
0.04812
0.05733
0.06261
0.05491
0.03274
0.01237
0.00185
-0.00654
-0.02046
-0.03967
-0.05416
-0.06143
-0.06422
-0.07335
-0.09318
-0.11639
-0.12860
-0.13272
-0.14159
-0.15136
-0.16377
-0.17977
-0.19528
-0.20808
-0.22288
-0.22953
-0.22241
-0.21102
-0.19957
-0.19473
-0.20175
-0.21636
-0.22924
-0.24963
-0.27649
-0.30005
-0.30824
-0.29677
-0.27511
-0.24968
-0.22815
-0.21375
-0.21358
-0.22732
-0.25549
-0.29010
-0.32209
-0.35022
-0.36571
-0.36197
-0.35000
-0.34038
-0.33398
-0.33468
-0.33106
-0.31943
-0.30602
-0.29773
-0.28818
-0.27283
-0.24568
-0.20338
-0.16999
-0.14470
-0.12109
-0.10677
-0.10215
-0.09987
-0.09533
-0.07857
-0.05703
-0.04391
-0.02551
-0.00271
0.02005
0.04235
0.05720
0.05680
0.04295
0.03028
0.02691
0.03179
0.04623
0.06621
0.08460
0.10352
0.12370
0.14048
0.15265
0.16191
0.16823
0.17235
0.17365
0.17219
0.16801
0.16447
0.16221
0.15835
0.14866
0.13326
0.11404
0.09124
0.07421
0.06211
0.04882
0.03569
0.03113
0.03349
0.03825
0.04518
0.04920
0.04724
0.03891
0.02283
-0.00448
-0.02707
-0.03735
-0.04161
-0.03886
-0.03339
-0.03346
-0.03831
-0.04283
-0.04200
-0.02993
-0.01357
0.00210
0.00885
0.00367
-0.00692
-0.02347
-0.04238
-0.05715
-0.06160
-0.05386
-0.03853
-0.02436
-0.01526
-0.01235
-0.01240
-0.01073
-0.01055
-0.01228
-0.01601
-0.02104
-0.02182
-0.01688
-0.01080
-0.00268
0.01118
0.02906
0.04690
0.05922
0.05922
0.05433
0.06187
0.08240
0.10992
0.13221
0.14257
0.14959
0.15681
0.16448
0.16753
0.16753
0.17679
0.19706
0.21804
0.23124
0.23232
0.22831
0.22257
0.21432
0.20617
0.19069
0.17836
0.17683
0.18076
0.18750
0.19047
0.19181
0.20215
0.22354
0.24284
0.25484
0.26527
0.27848
0.28828
0.29056
0.28996
0.28602
0.28041
0.27907
0.28550
0.29859
0.30666
0.30026
0.28428
0.26597
0.25418
0.24851
0.24010
0.22925
0.21785
0.20238
0.18904
0.17826
0.16153
0.14356
0.12849
0.11697
0.10773
0.09511
0.07561
0.05759
0.05166
0.06034
0.07270
0.07549
0.06803
0.05514
0.04469
0.03659
0.03140
0.03166
0.03246
0.03237
0.03392
0.03173
0.02387
0.00952
-0.00845
-0.01579
-0.01563
-0.01217
-0.00533
-0.00539
-0.01651
-0.03288
-0.05013
-0.06621
-0.08024
-0.09298
-0.10718
-0.12471
-0.13555
-0.13446
-0.12463
-0.11108
-0.10221
-0.09754
-0.09425
-0.09371
-0.10078
-0.11854
-0.13937
-0.15709
-0.16970
-0.17386
-0.17063
-0.16795
-0.16704
-0.16404
-0.16043
-0.15898
-0.16539
-0.17750
-0.18817
-0.19488
-0.19873
-0.20334
-0.21293
-0.22364
-0.23147
-0.23736
-0.23824
-0.23983
-0.24116
-0.23630
-0.22773
-0.22528
-0.22883
-0.22791
-0.22519
-0.22343
-0.22842
-0.24146
-0.25234
-0.24868
-0.22968
-0.21126
-0.20541
-0.20778
-0.20165
-0.18088
-0.15483
-0.13748
-0.13314
-0.13093
-0.12007
-0.10555
-0.10271
-0.10987
-0.10992
-0.09806
-0.08106
-0.06561
-0.05470
-0.04562
-0.03594
-0.02532
-0.01708
-0.01425
-0.00874
0.00547
0.02363
0.04040
0.05095
0.05827
0.06606
0.07239
0.07862
0.08657
0.09661
0.10430
0.10943
0.11701
0.12712
0.13891
0.15390
0.16923
0.18105
0.19346
0.20279
0.20244
0.19246
0.17174
0.14659
0.12221
0.09697
0.07657
0.06223
0.04534
0.02308
-0.00392
-0.03485
-0.06213
-0.07567
-0.07778
-0.07881
-0.08521
-0.09741
-0.11279
-0.12878
-0.13601
-0.12747
-0.10411
-0.07253
-0.04617
-0.02923
-0.01581
-0.00559
0.00186
0.00819
0.01180
0.01496
0.01122
-0.00261
-0.02165
-0.04518
-0.06556
-0.08217
-0.09499
-0.09947
-0.09552
-0.08713
-0.08162
-0.08218
-0.08905
-0.09544
-0.09909
-0.09805
-0.09364
-0.08949
-0.07955
-0.07052
-0.06350
-0.05299
-0.03923
-0.02260
-0.00737
0.00984
0.02930
0.04514
0.05978
0.07430
0.08480
0.09311
0.09698
0.09908
0.10822
0.12007
0.13203
0.14596
0.15679
0.16437
0.17315
0.18127
0.19323
0.20721
0.21837
0.22966
0.23888
0.24934
0.26195
0.27180
0.27600
0.27780
0.28335
0.29631
0.31282
0.32235
0.32087
0.30879
0.29154
0.27184
0.25355
0.24203
0.23398
0.22580
0.21365
0.19643
0.17496
0.14924
0.12265
0.10030
0.08131
0.06523
0.05515
0.04533
0.03199
0.01918
0.00576
-0.00778
-0.01824
-0.02642
-0.03194
-0.04043
-0.05230
-0.06411
-0.07534
-0.08194
-0.08732
-0.09239
-0.09662
-0.10036
-0.10581
-0.11047
-0.11062
-0.11023
-0.10758
-0.10396
-0.10216
-0.10772
-0.11681
-0.12241
-0.12611
-0.12735
-0.13122
-0.13185
-0.12685
-0.12203
-0.11169
-0.10251
-0.10570
-0.11662
-0.12877
-0.13428
-0.13292
-0.13711
-0.14641
-0.15603
-0.16752
-0.17680
-0.18215
-0.18313
-0.17976
-0.17758
-0.17564
-0.17096
-0.16438
-0.16393
-0.17221
-0.17695
-0.17679
-0.17604
-0.17803
-0.18493
-0.19031
-0.19090
-0.18866
-0.18636
-0.18642
-0.18755
-0.18421
-0.17743
-0.17154
-0.16559
-0.16234
-0.16271
-0.16347
-0.16453
-0.16655
-0.16930
-0.16921
-0.16560
-0.16093
-0.15336
-0.14403
-0.13733
-0.13653
-0.13842
-0.13540
-0.12907
-0.12187
-0.11792
-0.12065
-0.11989
-0.11352
-0.10544
-0.10012
-0.09990
-0.09883
-0.09681
-0.09186
-0.08702
-0.08387
-0.07611
-0.06409
-0.05300
-0.04972
-0.05144
-0.05172
-0.04673
-0.03896
-0.03161
-0.02520
-0.02014
-0.01406
-0.00735
0.00367
0.01986
0.03706
0.05072
0.06067
0.07219
0.08690
0.10279
0.12071
0.14119
0.16113
0.17928
0.19158
0.19822
0.19950
0.19554
0.19059
0.19021
0.19660
0.20278
0.20475
0.20161
0.19598
0.18587
0.17216
0.15967
0.14680
0.13157
0.11788
0.10865
0.09710
0.08750
0.08094
0.07545
0.07480
0.07859
0.08352
0.08293
0.07540
0.06076
0.04294
0.02683
0.01478
0.00695
0.00121
-0.00016
0.00169
-0.00024
-0.00568
-0.00965
-0.00907
-0.00398
0.00130
0.00611
0.00883
0.00956
0.00589
-0.00566
-0.02118
-0.03273
-0.03407
-0.02871
-0.01870
-0.00861
-0.00485
-0.00837
-0.01604
-0.02266
-0.02384
-0.01855
-0.01138
-0.00390
0.00405
0.01226
0.01974
0.02870
0.04249
0.05978
0.07449
0.08112
0.08543
0.09200
0.10357
0.12527
0.15119
0.17287
0.18877
0.19839
0.20445
0.21482
0.22957
0.24667
0.27117
0.29719
0.31767
0.33301
0.34164
0.34683
0.35240
0.35785
0.36252
0.36558
0.36500
0.36045
0.35719
0.35456
0.34776
0.34015
0.33155
0.32380
0.31604
0.30544
0.29460
0.28175
0.26991
0.25592
0.24040
0.22293
0.20078
0.18182
0.16118
0.13669
0.11217
0.08778
0.06389
0.04237
0.02461
0.00814
-0.00983
-0.02978
-0.04956
-0.06775
-0.08305
-0.09646
-0.10477
-0.10960
-0.11863
-0.13344
-0.15395
-0.17312
-0.18255
-0.18167
-0.17207
-0.15666
-0.14506
-0.14222
-0.14542
-0.15432
-0.16613
-0.17440
-0.17431
-0.16725
-0.15986
-0.15601
-0.15285
-0.15091
-0.15273
-0.15544
-0.15531
-0.15423
-0.15529
-0.15632
-0.15751
-0.16117
-0.17106
-0.18302
-0.19031
-0.19284
-0.19170
-0.19236
-0.19605
-0.20417
-0.21611
-0.22610
-0.22593
-0.21564
-0.20637
-0.20317
-0.20596
-0.21148
-0.21907
-0.22644
-0.23417
-0.23839
-0.23491
-0.23028
-0.22553
-0.22470
-0.22596
-0.22210
-0.21385
-0.20597
-0.19691
-0.18611
-0.17865
-0.17262
-0.16909
-0.16925
-0.17118
-0.17251
-0.17138
-0.16908
-0.16539
-0.15914
-0.15298
-0.14934
-0.14500
-0.13660
-0.12690
-0.11944
-0.11780
-0.12439
-0.12707
-0.12253
-0.11670
-0.10999
-0.10468
-0.09937
-0.09378
-0.08946
-0.08867
-0.08971
-0.08828
-0.08088
-0.07096
-0.06352
-0.05739
-0.05174
-0.04366
-0.03468
-0.02517
-0.01659
-0.00751
0.00206
0.00825
0.01740
0.02968
0.04357
0.05775
0.07002
0.08305
0.09842
0.11228
0.12329
0.13481
0.14618
0.15986
0.17412
0.18640
0.19541
0.19643
0.19194
0.18897
0.18884
0.18973
0.19076
0.19033
0.19073
0.19046
0.18978
0.19004
0.18867
0.18437
0.17785
0.17175
0.16298
0.15355
0.14676
0.14216
0.14104
0.14326
0.14404
0.14034
0.13481
0.12641
0.11702
0.10723
0.09489
0.08139
0.07107
0.06794
0.07020
0.07210
0.06986
0.06475
0.05980
0.05905
0.06334
0.07188
0.08122
0.08702
0.08722
0.08183
0.07474
0.07026
0.06900
0.06934
0.07390
0.07984
0.08257
0.08116
0.07645
0.07390
0.07586
0.08003
0.08077
0.07960
0.08148
0.08357
0.08335
0.08248
0.08632
0.09563
0.10452
0.10692
0.10271
0.09788
0.09570
0.10697
0.13237
0.15744
0.18118
0.19856
0.20362
0.20641
0.21604
0.23440
0.26437
0.29769
0.32139
0.33518
0.34148
0.35038
0.36752
0.38687
0.40632
0.42227
0.43158
0.43362
0.43083
0.42806
0.42254
0.41307
0.40054
0.38814
0.37827
0.36640
0.35351
0.34263
0.33254
0.32074
0.30768
0.29213
0.27543
0.25700
0.23380
0.20923
0.18348
0.15504
0.12329
0.09278
0.06596
0.04002
0.01259
-0.01229
-0.03102
-0.04673
-0.05918
-0.07134
-0.08026
-0.08690
-0.09778
-0.11141
-0.13257
-0.15898
-0.18231
-0.20229
-0.21472
-0.21697
-0.21568
-0.21551
-0.22054
-0.23210
-0.24587
-0.25482
-0.25590
-0.25227
-0.24213
-0.23131
-0.21919
-0.20425
-0.19596
-0.19172
-0.18824
-0.18327
-0.18157
-0.18287
-0.18158
-0.18336
-0.18881
-0.19738
-0.20989
-0.22273
-0.23111
-0.23639
-0.23929
-0.24478
-0.25843
-0.27356
-0.28557
-0.29031
-0.28559
-0.27936
-0.27907
-0.28129
-0.28349
-0.28558
-0.28680
-0.28877
-0.29075
-0.29417
-0.29831
-0.30283
-0.30567
-0.30346
-0.29752
-0.29188
-0.28850
-0.28300
-0.27840
-0.27528
-0.27055
-0.26640
-0.26323
-0.26004
-0.25666
-0.25521
-0.25466
-0.25141
-0.24701
-0.24453
-0.24152
-0.23902
-0.23505
-0.22774
-0.22229
-0.21815
-0.21717
-0.22238
-0.22865
-0.23309
-0.23414
-0.22737
-0.21907
-0.21282
-0.20989
-0.21282
-0.21607
-0.21714
-0.21350
-0.20840
-0.20529
-0.19969
-0.19052
-0.17905
-0.16616
-0.15476
-0.14372
-0.13276
-0.12481
-0.11860
-0.11436
-0.11056
-0.10537
-0.09780
-0.08853
-0.07655
-0.06200
-0.04790
-0.03238
-0.01671
-0.00199
0.00782
0.01487
0.02469
0.03826
0.05864
0.07786
0.09211
0.10118
0.10482
0.10828
0.11031
0.11456
0.12085
0.12541
0.13069
0.13475
0.13651
0.13474
0.13234
0.13322
0.13403
0.13228
0.12567
0.11704
0.11039
0.10733
0.10743
0.10677
0.10697
0.10853
0.11078
0.11517
0.12192
0.12770
0.12915
0.12841
0.12902
0.13224
0.13634
0.14145
0.14640
0.15095
0.15563
0.15747
0.15789
0.16133
0.16592
0.16934
0.17130
0.16976
0.16784
0.16696
0.16560
0.16190
0.15485
0.14848
0.14530
0.14188
0.13967
0.14097
0.14383
0.14989
0.15449
0.15676
0.16049
0.16681
0.17430
0.18033
0.18875
0.19840
0.21025
0.22736
0.24161
0.24890
0.25506
0.26403
0.27532
0.29003
0.30926
0.32953
0.34815
0.36112
0.36736
0.37535
0.38648
0.39631
0.40577
0.41310
0.41894
0.42432
0.42491
0.42370
0.42193
0.41398
0.40208
0.38864
0.37048
0.35412
0.34218
0.32876
0.31665
0.30804
0.30410
0.30247
0.29868
0.29125
0.27779
0.26131
0.24278
0.22254
0.20330
0.18539
0.16652
0.14540
0.12473
0.10374
0.07974
0.05077
0.02080
-0.00768
-0.03493
-0.05782
-0.07461
-0.08705
-0.10286
-0.12497
-0.15291
-0.17827
-0.19271
-0.19865
-0.19351
-0.18236
-0.17575
-0.17471
-0.17908
-0.18709
-0.19316
-0.19145
-0.18151
-0.16944
-0.15996
-0.15655
-0.15670
-0.15843
-0.16510
-0.17082
-0.17178
-0.17171
-0.17300
-0.17554
-0.18148
-0.19082
-0.19863
-0.20447
-0.20619
-0.20346
-0.19840
-0.19437
-0.19519
-0.20213
-0.21659
-0.23006
-0.23582
-0.23514
-0.23260
-0.23655
-0.25116
-0.26933
-0.28276
-0.28938
-0.28820
-0.28518
-0.28479
-0.28906
-0.29792
-0.30928
-0.31923
-0.32341
-0.32220
-0.31739
-0.31430
-0.31183
-0.30841
-0.30632
-0.30547
-0.30225
-0.29629
-0.28902
-0.28072
-0.27431
-0.26911
-0.26384
-0.25728
-0.25339
-0.25108
-0.24738
-0.24481
-0.24150
-0.23874
-0.23705
-0.23354
-0.23131
-0.23075
-0.22861
-0.22679
-0.22504
-0.22620
-0.22926
-0.23316
-0.23904
-0.24214
-0.23873
-0.22919
-0.22311
-0.22369
-0.22527
-0.22401
-0.22109
-0.21680
-0.21151
-0.20403
-0.19339
-0.18590
-0.18319
-0.18380
-0.18473
-0.18206
-0.17569
-0.17017
-0.16339
-0.15434
-0.14519
-0.13492
-0.12267
-0.10743
-0.09406
-0.08237
-0.07244
-0.06305
-0.05188
-0.03914
-0.02373
-0.00933
0.00285
0.01670
0.03145
0.04321
0.05041
0.04948
0.04816
0.05124
0.05472
0.05783
0.06060
0.06811
0.07857
0.08469
0.08280
0.07657
0.07113
0.06968
0.06988
0.06881
0.06992
0.07237
0.07360
0.07532
0.07881
0.08202
0.08887
0.10020
0.11071
0.11589
0.11596
0.11641
0.12051
0.12946
0.14261
0.15359
0.15737
0.15829
0.15643
0.15642
0.16105
0.16606
0.17133
0.17379
0.17631
0.18033
0.18227
0.18243
0.18247
0.17950
0.17509
0.17491
0.17757
0.18368
0.19125
0.19754
0.20010
0.19598
0.18990
0.18886
0.19777
0.21114
0.22340
0.23481
0.23981
0.24178
0.24684
0.25223
0.26291
0.27880
0.29366
0.30892
0.32274
0.33445
0.34601
0.36053
0.37821
0.39100
0.39855
0.40728
0.41589
0.42373
0.43154
0.43722
0.44683
0.45990
0.47138
0.47562
0.46491
0.44675
0.42879
0.41392
0.40591
0.40176
0.39667
0.38944
0.37823
0.36481
0.35233
0.33871
0.32422
0.31124
0.29841
0.28241
0.26233
0.23879
0.21466
0.19223
0.16830
0.14151
0.11780
0.09410
0.06770
0.04147
0.01300
-0.01298
-0.03464
-0.05149
-0.06253
-0.07194
-0.08341
-0.09590
-0.10534
-0.10907
-0.10822
-0.10670
-0.10593
-0.11038
-0.12194
-0.13527
-0.13950
-0.13303
-0.12003
-0.10423
-0.09550
-0.09639
-0.10260
-0.10880
-0.11259
-0.11041
-0.10473
-0.10076
-0.10015
-0.10226
-0.10078
-0.09736
-0.09370
-0.08928
-0.08616
-0.08319
-0.08142
-0.08067
-0.08159
-0.08665
-0.09303
-0.10018
-0.10684
-0.11579
-0.12548
-0.13060
-0.13769
-0.15063
-0.17090
-0.19062
-0.20111
-0.20429
-0.20695
-0.21454
-0.22631
-0.23846
-0.24787
-0.25763
-0.26299
-0.26364
-0.26325
-0.26078
-0.26087
-0.26113
-0.25820
-0.25469
-0.25287
-0.25274
-0.25149
-0.24924
-0.24751
-0.24469
-0.24386
-0.24257
-0.23555
-0.22735
-0.22040
-0.21805
-0.21778
-0.21564
-0.21383
-0.21402
-0.21656
-0.21407
-0.20725
-0.20244
-0.20387
-0.20891
-0.21225
-0.21842
-0.22531
-0.23449
-0.24163
-0.23924
-0.23605
-0.23579
-0.23833
-0.24193
-0.24200
-0.23913
-0.23526
-0.23015
-0.22556
-0.21862
-0.21138
-0.20886
-0.20849
-0.20659
-0.19796
-0.18392
-0.16517
-0.14748
-0.13438
-0.12063
-0.10578
-0.09029
-0.07756
-0.06993
-0.06520
-0.06094
-0.05890
-0.06039
-0.06870
-0.07846
-0.08186
-0.08205
-0.07859
-0.07121
-0.06388
-0.06154
-0.05965
-0.05479
-0.04630
-0.03144
-0.01501
0.00264
0.02299
0.04437
0.06211
0.06916
0.06945
0.07079
0.07391
0.07690
0.07485
0.07002
0.06921
0.07100
0.07031
0.06931
0.07184
0.07688
0.08479
0.09005
0.08964
0.08737
0.08720
0.09128
0.09917
0.10955
0.11922
0.12606
0.12748
0.12499
0.12201
0.12180
0.12694
0.13280
0.13665
0.13886
0.13873
0.13700
0.13342
0.12787
0.12211
0.11605
0.10667
0.09610
0.08685
0.08009
0.07937
0.08066
0.08149
0.07943
0.07699
0.08076
0.08844
0.09685
0.10202
0.10486
0.11005
0.11976
0.12808
0.13338
0.13969
0.14881
0.15979
0.16583
0.17120
0.18247
0.20102
0.22157
0.23676
0.24754
0.25827
0.27002
0.28144
0.29193
0.29966
0.30886
0.31772
0.32405
0.32785
0.32333
0.31420
0.30603
0.29905
0.29310
0.28608
0.28023
0.27636
0.27045
0.26326
0.25227
0.24445
0.23862
0.22743
0.21651
0.20009
0.17896
0.15445
0.13043
0.10370
0.07244
0.05336
0.03253
0.00372
-0.02818
-0.06827
-0.10773
-0.14153
-0.16530
-0.17902
-0.18565
-0.18532
-0.18407
-0.18766
-0.19652
-0.20550
-0.20848
-0.20375
-0.19036
-0.17213
-0.15772
-0.14675
-0.13935
-0.13311
-0.12251
-0.10941
-0.09580
-0.08549
-0.08116
-0.08127
-0.08457
-0.08903
-0.08867
-0.08538
-0.08245
-0.07967
-0.07898
-0.07792
-0.07602
-0.07396
-0.07223
-0.07100
-0.06896
-0.06626
-0.06661
-0.07020
-0.07440
-0.08236
-0.09034
-0.09584
-0.10506
-0.11559
-0.12565
-0.13794
-0.15052
-0.16383
-0.17628
-0.18456
-0.18631
-0.18411
-0.18651
-0.19322
-0.19906
-0.20275
-0.20468
-0.20567
-0.20401
-0.19842
-0.19316
-0.18936
-0.18632
-0.18224
-0.17431
-0.16510
-0.15801
-0.15443
-0.15341
-0.15485
-0.15767
-0.15945
-0.16040
-0.16069
-0.15882
-0.15780
-0.15919
-0.16045
-0.16013
-0.15694
-0.15516
-0.15640
-0.15879
-0.16151
-0.16336
-0.16612
-0.17093
-0.17626
-0.17931
-0.17914
-0.17806
-0.17776
-0.17712
-0.17474
-0.17021
-0.16690
-0.16667
-0.16592
-0.16345
-0.15928
-0.15266
-0.14478
-0.13847
-0.13376
-0.12984
-0.12664
-0.12103
-0.11360
-0.10509
-0.09527
-0.08854
-0.08164
-0.07192
-0.06178
-0.04728
-0.03131
-0.01624
-0.00168
0.00952
0.01922
0.02650
0.03368
0.04506
0.06167
0.08096
0.09795
0.11113
0.12022
0.12512
0.12706
0.12995
0.13444
0.13924
0.14446
0.15186
0.15941
0.16591
0.17213
0.17479
0.17567
0.17358
0.17031
0.16812
0.16305
0.15832
0.15500
0.15265
0.15473
0.16099
0.16854
0.17497
0.17821
0.17721
0.17453
0.17322
0.17348
0.17528
0.17744
0.17949
0.17782
0.16927
0.15909
0.15231
0.15223
0.15606
0.15627
0.15096
0.14222
0.13402
0.12628
0.11865
0.11114
0.10350
0.09680
0.08777
0.07787
0.06681
0.05820
0.05740
0.05937
0.05999
0.05613
0.05147
0.05066
0.05576
0.06490
0.07461
0.08246
0.08769
0.09402
0.09953
0.10476
0.11071
0.12028
0.13480
0.15086
0.16783
0.18633
0.20727
0.22909
0.25007
0.26585
0.27658
0.28262
0.28625
0.29105
0.29775
0.30927
0.32166
0.33331
0.34040
0.33722
0.32458
0.30916
0.29848
0.29258
0.28803
0.28102
0.27194
0.25873
0.24440
0.23313
0.22014
0.20379
0.18707
0.17252
0.15595
0.13687
0.11588
0.09212
0.06643
0.03940
0.01356
-0.01330
-0.04249
-0.07146
-0.09799
-0.12289
-0.14203
-0.15480
-0.16748
-0.17750
-0.18570
-0.19612
-0.20724
-0.21567
-0.22112
-0.22161
-0.21608
-0.21046
-0.20695
-0.20590
-0.20582
-0.20235
-0.19292
-0.17768
-0.15909
-0.14080
-0.12766
-0.12096
-0.11618
-0.11085
-0.10454
-0.09601
-0.08881
-0.08334
-0.07926
-0.08063
-0.08386
-0.08468
-0.08317
-0.07878
-0.07253
-0.06727
-0.06643
-0.07092
-0.07822
-0.08782
-0.09722
-0.10321
-0.11001
-0.11935
-0.13179
-0.14678
-0.16059
-0.17283
-0.17981
-0.18033
-0.17812
-0.17708
-0.18070
-0.18695
-0.18990
-0.19003
-0.19101
-0.18907
-0.18326
-0.17602
-0.16883
-0.16623
-0.16932
-0.17067
-0.16355
-0.14948
-0.13498
-0.12765
-0.12627
-0.12439
-0.12089
-0.11776
-0.11708
-0.11582
-0.11039
-0.10467
-0.10208
-0.10147
-0.10091
-0.09756
-0.09204
-0.08769
-0.08609
-0.08788
-0.09084
-0.09448
-0.10037
-0.10686
-0.11175
-0.11638
-0.12046
-0.12038
-0.11842
-0.11834
-0.11953
-0.12178
-0.12713
-0.13176
-0.13195
-0.12989
-0.12389
-0.11414
-0.10536
-0.09971
-0.09327
-0.08429
-0.07232
-0.05646
-0.03964
-0.02418
-0.01374
-0.00851
-0.00306
0.00672
0.01930
0.03346
0.04763
0.06115
0.07500
0.08519
0.09212
0.09742
0.10513
0.11948
0.13830
0.15842
0.17460
0.18492
0.19030
0.19349
0.19773
0.20377
0.21035
0.21805
0.22587
0.23001
0.23409
0.23822
0.24179
0.24734
0.25015
0.24846
0.24404
0.23618
0.22655
0.21957
0.21665
0.21871
0.22502
0.22980
0.23139
0.23169
0.22796
0.21896
0.20878
0.19951
0.19223
0.18698
0.18063
0.17111
0.15699
0.13784
0.11861
0.10506
0.09930
0.09982
0.09928
0.09432
0.08601
0.07659
0.07155
0.06839
0.06281
0.05710
0.05071
0.04157
0.03135
0.02422
0.02245
0.02884
0.03965
0.04668
0.05045
0.05230
0.05632
0.06442
0.07393
0.08025
0.08307
0.08899
0.09696
0.10679
0.11766
0.12779
0.13834
0.15206
0.17137
0.19195
0.20811
0.21789
0.22633
0.23745
0.25255
0.26989
0.28477
0.29474
0.29918
0.29966
0.29480
0.28888
0.28947
0.29321
0.29647
0.29704
0.29315
0.28687
0.27643
0.26244
0.24793
0.22905
0.20226
0.17348
0.14816
0.12272
0.09555
0.06385
0.02331
-0.02020
-0.05872
-0.09310
-0.12341
-0.14717
-0.16556
-0.18011
-0.19597
-0.21672
-0.23888
-0.25826
-0.26977
-0.27441
-0.28204
-0.29104
-0.29571
-0.29892
-0.30237
-0.30592
-0.30953
-0.31264
-0.31371
-0.31394
-0.31385
-0.31544
-0.31629
-0.31201
-0.30578
-0.29374
-0.27429
-0.25643
-0.24615
-0.24252
-0.24419
-0.24652
-0.24590
-0.24363
-0.24040
-0.23822
-0.23580
-0.23428
-0.23590
-0.23791
-0.23749
-0.23513
-0.23283
-0.23082
-0.23202
-0.23839
-0.24660
-0.25462
-0.26371
-0.27154
-0.27763
-0.28441
-0.29219
-0.30259
-0.31523
-0.32717
-0.33468
-0.33503
-0.33022
-0.32437
-0.32037
-0.31981
-0.32025
-0.32054
-0.31959
-0.31605
-0.31049
-0.30264
-0.29694
-0.29205
-0.28427
-0.27468
-0.26206
-0.24641
-0.23123
-0.21916
-0.21042
-0.20584
-0.20068
-0.19115
-0.17993
-0.17114
-0.16665
-0.16441
-0.16452
-0.16248
-0.15688
-0.15016
-0.14197
-0.13654
-0.13359
-0.12973
-0.12625
-0.12471
-0.12342
-0.12244
-0.12063
-0.11563
-0.11062
-0.10723
-0.10391
-0.10227
-0.10197
-0.10199
-0.10424
-0.10433
-0.10183
-0.09733
-0.08704
-0.07453
-0.06420
-0.05481
-0.04589
-0.03643
-0.02362
-0.01022
0.00252
0.01231
0.01846
0.02599
0.03566
0.04917
0.06848
0.08909
0.10764
0.12360
0.13595
0.14586
0.15568
0.16730
0.17960
0.19541
0.21439
0.23121
0.24440
0.25218
0.25780
0.26220
0.26762
0.27649
0.28593
0.29511
0.30475
0.31369
0.31928
0.32402
0.32695
0.32843
0.32920
0.32744
0.32183
0.31333
0.30784
0.30371
0.29954
0.30098
0.30639
0.31014
0.31376
0.31514
0.31238
0.30593
0.29969
0.29823
0.29905
0.30119
0.29992
0.29105
0.27708
0.26424
0.25653
0.25458
0.25610
0.25617
0.25014
0.23726
0.22359
0.21190
0.20176
0.19444
0.18868
0.18092
0.16913
0.15294
0.13386
0.11798
0.11220
0.11292
0.11157
0.10801
0.10455
0.10291
0.10384
0.10791
0.11711
0.12852
0.14106
0.15333
0.16322
0.17149
0.17856
0.18581
0.19559
0.21207
0.23565
0.26180
0.28348
0.29906
0.31052
0.31987
0.33180
0.34663
0.36080
0.37183
0.37838
0.38191
0.38270
0.38250
0.37908
0.36869
0.35641
0.34250
0.32753
0.31231
0.29476
0.27377
0.25228
0.23227
0.21496
0.20005
0.18161
0.16016
0.13780
0.11457
0.08945
0.06433
0.03954
0.01503
-0.00838
-0.03610
-0.06571
-0.09647
-0.13186
-0.16861
-0.20334
-0.23194
-0.25371
-0.26749
-0.27692
-0.28120
-0.28556
-0.29209
-0.29889
-0.30658
-0.30729
-0.30468
-0.29522
-0.28598
-0.27485
-0.27049
-0.27614
-0.27361
-0.26634
-0.25094
-0.23249
-0.21495
-0.20379
-0.20112
-0.20539
-0.21133
-0.21442
-0.21601
-0.21271
-0.21034
-0.21228
-0.21850
-0.22547
-0.23154
-0.23250
-0.22951
-0.23002
-0.23228
-0.23771
-0.24781
-0.25871
-0.26736
-0.27436
-0.27761
-0.27945
-0.28368
-0.28798
-0.29784
-0.31186
-0.32435
-0.33157
-0.33083
-0.32752
-0.32537
-0.32666
-0.33027
-0.33479
-0.34087
-0.34576
-0.34544
-0.34084
-0.33462
-0.32778
-0.32195
-0.31609
-0.30618
-0.29097
-0.27281
-0.25648
-0.24450
-0.23651
-0.23245
-0.22952
-0.22615
-0.22151
-0.21512
-0.20739
-0.20166
-0.19992
-0.19933
-0.19979
-0.19939
-0.19634
-0.19162
-0.18483
-0.17912
-0.17822
-0.18032
-0.18347
-0.18708
-0.18930
-0.18986
-0.18795
-0.18169
-0.17428
-0.16943
-0.16533
-0.16336
-0.16625
-0.16940
-0.17044
-0.16793
-0.15974
-0.14813
-0.13654
-0.12645
-0.11667
-0.10844
-0.09935
-0.08729
-0.07448
-0.06290
-0.05520
-0.04950
-0.04363
-0.03651
-0.02377
-0.00681
0.00974
0.02696
0.04157
0.05007
0.05551
0.06173
0.07333
0.09346
0.11878
0.14400
0.16638
0.18227
0.19219
0.20013
0.20930
0.22404
0.24096
0.25664
0.27363
0.28893
0.30176
0.31447
0.32828
0.34275
0.35370
0.35682
0.35575
0.35246
0.34525
0.34142
0.34084
0.34357
0.35043
0.35571
0.36004
0.36090
0.35612
0.34906
0.34302
0.33980
0.34075
0.34425
0.34550
0.34143
0.32911
0.31303
0.29972
0.29292
0.29237
0.29232
0.28850
0.27728
0.26321
0.25053
0.23893
0.22921
0.22155
0.21483
0.20512
0.19121
0.17466
0.16020
0.15337
0.15463
0.15773
0.15797
0.15910
0.16188
0.16711
0.17609
0.18717
0.19885
0.20994
0.22386
0.23455
0.24147
0.24702
0.24920
0.25528
0.26385
0.27891
0.30116
0.32068
0.33442
0.34331
0.35134
0.36160
0.37224
0.38093
0.38801
0.38904
0.38813
0.38939
0.39188
0.39513
0.39142
0.38087
0.36624
0.35141
0.33695
0.32095
0.30403
0.28457
0.26111
0.23323
0.20821
0.18687
0.16925
0.15337
0.13434
0.11301
0.08535
0.05229
0.01895
-0.01183
-0.04026
-0.06459
-0.08658
-0.11123
-0.13935
-0.16942
-0.19663
-0.21793
-0.23227
-0.24194
-0.24657
-0.24748
-0.24972
-0.25375
-0.25620
-0.25300
-0.24697
-0.23990
-0.23106
-0.22348
-0.22003
-0.21876
-0.21510
-0.20803
-0.19681
-0.18262
-0.16995
-0.16432
-0.16689
-0.17499
-0.18730
-0.19702
-0.20385
-0.21115
-0.21628
-0.22345
-0.23338
-0.24347
-0.25232
-0.25727
-0.25956
-0.25912
-0.25716
-0.25634
-0.25982
-0.26560
-0.26894
-0.27130
-0.27222
-0.27381
-0.27827
-0.28538
-0.29324
-0.29986
-0.30555
-0.30658
-0.30248
-0.29606
-0.29223
-0.29299
-0.29660
-0.30138
-0.30620
-0.31146
-0.31300
-0.30936
-0.30349
-0.29807
-0.29161
-0.28370
-0.27522
-0.26249
-0.24932
-0.23884
-0.23177
-0.22926
-0.22786
-0.22657
-0.22360
-0.21970
-0.21871
-0.22177
-0.22757
-0.23550
-0.24155
-0.23897
-0.22904
-0.21575
-0.20214
-0.19056
-0.18234
-0.17968
-0.18261
-0.18924
-0.19979
-0.21168
-0.22314
-0.23747
-0.25354
-0.26967
-0.28548
-0.29710
-0.30729
-0.31667
-0.32103
-0.32255
-0.31652
-0.30243
-0.28466
-0.26507
-0.24702
-0.22592
-0.20321
-0.18369
-0.16941
-0.16066
-0.15327
-0.14473
-0.13448
-0.12626
-0.11705
-0.10365
-0.09012
-0.07720
-0.06488
-0.05599
-0.05099
-0.04588
-0.03712
-0.02138
0.00035
0.02645
0.05137
0.07110
0.08455
0.09036
0.09538
0.10301
0.11656
0.13184
0.14600
0.16281
0.17651
0.18854
0.19981
0.20887
0.21663
0.22070
0.22159
0.21963
0.21418
0.20934
0.20927
0.21193
0.21755
0.22592
0.23431
0.23987
0.23888
0.23175
0.22441
0.22073
0.22229
0.22989
0.23667
0.23926
0.23308
0.21700
0.19895
0.18487
0.17998
0.18110
0.18291
0.17855
0.16627
0.15263
0.14001
0.13214
0.12946
0.13026
0.12995
0.12316
0.11211
0.09916
0.08988
0.09038
0.09574
0.09946
0.10120
0.10287
0.10563
0.11070
0.12067
0.13469
0.15049
0.16798
0.18415
0.19487
0.20263
0.21112
0.22236
0.23828
0.26113
0.28936
0.31401
0.33368
0.34969
0.36273
0.37671
0.39021
0.40200
0.41333
0.42426
0.43499
0.44638
0.45550
0.46049
0.46032
0.45089
0.43669
0.42086
0.40284
0.38380
0.36124
0.33772
0.31439
0.29135
0.27172
0.25452
0.24179
0.23168
0.21744
0.19840
0.17456
0.14670
0.11846
0.09297
0.06833
0.04368
0.02067
-0.00512
-0.03482
-0.06710
-0.09891
-0.12532
-0.14423
-0.15378
-0.15918
-0.16343
-0.16741
-0.17482
-0.18241
-0.18709
-0.18753
-0.18070
-0.16950
-0.15893
-0.15235
-0.15338
-0.15615
-0.15522
-0.14601
-0.12598
-0.10235
-0.08203
-0.07218
-0.07052
-0.07302
-0.07647
-0.07510
-0.07044
-0.06583
-0.06421
-0.06683
-0.07550
-0.08552
-0.08961
-0.08749
-0.08145
-0.07737
-0.07884
-0.08853
-0.10524
-0.12187
-0.13570
-0.14506
-0.15101
-0.15715
-0.16562
-0.17949
-0.19712
-0.21578
-0.23441
-0.24627
-0.24891
-0.24825
-0.24791
-0.24941
-0.25378
-0.25866
-0.26175
-0.26458
-0.26591
-0.26362
-0.26123
-0.25923
-0.25489
-0.24864
-0.24119
-0.23006
-0.21513
-0.20132
-0.19068
-0.18322
-0.17933
-0.17668
-0.17132
-0.16578
-0.16231
-0.15970
-0.15963
-0.16237
-0.16636
-0.17005
-0.17302
-0.17373
-0.17238
-0.16832
-0.16331
-0.16129
-0.16233
-0.16733
-0.17355
-0.17918
-0.18427
-0.18721
-0.18684
-0.18627
-0.18673
-0.18550
-0.18663
-0.19260
-0.20095
-0.20790
-0.21127
-0.21002
-0.20452
-0.19765
-0.19217
-0.18880
-0.18490
-0.17763
-0.16760
-0.15839
-0.15029
-0.14677
-0.14619
-0.14029
-0.13030
-0.11601
-0.09636
-0.07691
-0.06090
-0.04957
-0.04126
-0.03705
-0.03504
-0.02407
-0.00599
0.01624
0.04224
0.06648
0.08488
0.09464
0.09870
0.10285
0.11207
0.12482
0.13876
0.15164
0.16238
0.17122
0.17882
0.18632
0.19271
0.19828
0.19794
0.19232
0.18503
0.17837
0.17635
0.17851
0.18545
0.19546
0.20755
0.21862
0.22212
0.21977
0.21374
0.20626
0.20468
0.20888
0.21387
0.21631
0.21117
0.19334
0.16886
0.14877
0.13536
0.13033
0.13092
0.12787
0.11699
0.10154
0.08741
0.07750
0.07207
0.07173
0.06946
0.06110
0.04932
0.03261
0.01615
0.00926
0.01384
0.02070
0.02346
0.02397
0.02466
0.02841
0.03900
0.05602
0.07402
0.09380
0.11382
0.12798
0.13653
0.14623
0.15945
0.17405
0.19299
0.21921
0.24838
0.27389
0.29329
0.30738
0.32283
0.34181
0.35781
0.36953
0.37728
0.37838
0.37755
0.37913
0.38619
0.39482
0.39303
0.38152
0.36427
0.34544
0.32606
0.30553
0.28347
0.26070
0.23794
0.21238
0.18908
0.16909
0.15009
0.13161
0.11151
0.08926
0.06595
0.03869
0.01163
-0.01022
-0.03019
-0.04630
-0.06237
-0.08353
-0.10822
-0.13232
-0.15429
-0.17331
-0.18509
-0.18897
-0.18803
-0.18575
-0.18392
-0.18177
-0.17756
-0.17063
-0.16014
-0.14951
-0.14125
-0.13650
-0.13646
-0.13813
-0.13678
-0.13010
-0.11755
-0.09856
-0.08106
-0.07050
-0.06660
-0.06661
-0.06750
-0.06813
-0.06500
-0.05960
-0.05586
-0.05658
-0.06045
-0.06604
-0.07185
-0.07336
-0.07123
-0.06892
-0.07240
-0.08202
-0.09450
-0.11115
-0.12627
-0.13583
-0.13999
-0.14189
-0.14750
-0.15881
-0.17425
-0.19004
-0.20660
-0.21933
-0.22207
-0.21637
-0.20999
-0.20843
-0.21072
-0.21434
-0.21575
-0.21543
-0.21484
-0.21172
-0.20707
-0.20824
-0.21062
-0.20944
-0.20477
-0.19255
-0.17649
-0.16187
-0.15123
-0.14529
-0.14461
-0.14471
-0.14243
-0.13629
-0.12899
-0.12408
-0.11958
-0.11901
-0.12151
-0.12290
-0.12046
-0.11538
-0.10842
-0.10355
-0.09953
-0.09378
-0.09322
-0.09716
-0.10385
-0.10887
-0.11198
-0.11494
-0.11770
-0.11988
-0.12053
-0.12259
-0.12623
-0.13326
-0.14206
-0.15090
-0.15726
-0.15774
-0.15208
-0.14116
-0.13094
-0.12415
-0.11876
-0.11192
-0.10107
-0.08739
-0.07627
-0.07036
-0.06651
-0.06224
-0.05347
-0.03627
-0.01390
0.00802
0.02498
0.03766
0.04749
0.05207
0.05516
0.06273
0.07763
0.09907
0.12192
0.14215
0.15540
0.15786
0.15347
0.14783
0.14460
0.14737
0.15399
0.16015
0.16708
0.17592
0.18174
0.18688
0.19567
0.20562
0.21348
0.21670
0.21757
0.21676
0.21550
0.21770
0.22284
0.23235
0.24704
0.26084
0.26872
0.26900
0.26463
0.26272
0.26436
0.26896
0.27733
0.28112
0.27308
0.25361
0.22687
0.20207
0.18675
0.18157
0.18092
0.17866
0.16885
0.15073
0.12893
0.10942
0.09672
0.09170
0.09113
0.08730
0.07641
0.05738
0.03788
0.02550
0.02173
0.02103
0.01416
0.00422
-0.00337
-0.00216
0.01127
0.03550
0.06490
0.09529
0.12109
0.13653
0.14247
0.14195
0.14268
0.14297
0.14443
0.15136
0.15933
0.16287
0.16410
0.16603
0.16847
0.17585
0.18414
0.19207
0.20299
0.21536
0.22638
0.24016
0.25897
0.27935
0.29272
0.29010
0.27919
0.26562
0.25132
0.23700
0.22111
0.20048
0.17373
0.14651
0.12087
0.09634
0.07545
0.05723
0.03749
0.01755
-0.00499
-0.03121
-0.05886
-0.08527
-0.10853
-0.12801
-0.14605
-0.16985
-0.19778
-0.22744
-0.25783
-0.28338
-0.29904
-0.30626
-0.30669
-0.30303
-0.30334
-0.30879
-0.31361
-0.31522
-0.31317
-0.30318
-0.28728
-0.27192
-0.26325
-0.26259
-0.26386
-0.26148
-0.25071
-0.23100
-0.20735
-0.18622
-0.17348
-0.16869
-0.16692
-0.16761
-0.16594
-0.16114
-0.15823
-0.15883
-0.16532
-0.17643
-0.18918
-0.19670
-0.19558
-0.18893
-0.18054
-0.17803
-0.18522
-0.19782
-0.21358
-0.22726
-0.23126
-0.23146
-0.23153
-0.23320
-0.24182
-0.25479
-0.27052
-0.28618
-0.29665
-0.30035
-0.29791
-0.29665
-0.29980
-0.30301
-0.30478
-0.30423
-0.30131
-0.29535
-0.28439
-0.27077
-0.25884
-0.24616
-0.23270
-0.21925
-0.20208
-0.18380
-0.16637
-0.15250
-0.14378
-0.13883
-0.13410
-0.12791
-0.12372
-0.11832
-0.11143
-0.10457
-0.10003
-0.09902
-0.09754
-0.09540
-0.09187
-0.08957
-0.08684
-0.08187
-0.07858
-0.07815
-0.08208
-0.08548
-0.08722
-0.08922
-0.08994
-0.08798
-0.08371
-0.08060
-0.08037
-0.08391
-0.08909
-0.09598
-0.10267
-0.10838
-0.10977
-0.10442
-0.09610
-0.08439
-0.07620
-0.07024
-0.06050
-0.04902
-0.03659
-0.02434
-0.01783
-0.01596
-0.01374
-0.00960
0.00331
0.02380
0.04869
0.07317
0.09308
0.10538
0.11247
0.11941
0.12630
0.14293
0.16891
0.19762
0.22368
0.24424
0.25777
0.26345
0.26812
0.27683
0.28984
0.30389
0.31907
0.33119
0.34293
0.35542
0.36288
0.37149
0.38124
0.38698
0.38518
0.37522
0.36211
0.35051
0.34454
0.34393
0.34816
0.35660
0.36308
0.36281
0.35456
0.34218
0.32922
0.32123
0.32176
0.32716
0.33216
0.32824
0.31373
0.29034
0.26725
0.25207
0.24373
0.24179
0.23880
0.23015
0.21519
0.19690
0.18113
0.17080
0.16709
0.16776
0.16571
0.15475
0.13570
0.11130
0.08939
0.08021
0.08124
0.08200
0.08009
0.07820
0.07763
0.08121
0.09370
0.11118
0.12925
0.15039
0.16853
0.17960
0.18623
0.19192
0.19923
0.20766
0.22126
0.24169
0.26227
0.27833
0.28952
0.29774
0.31046
0.32615
0.33556
0.33777
0.33482
0.33040
0.32719
0.32783
0.33239
0.33105
0.32140
0.30660
0.28722
0.26876
0.24908
0.22618
0.20399
0.18017
0.15428
0.12854
0.10442
0.08382
0.06738
0.05148
0.03285
0.00990
-0.01704
-0.04757
-0.07961
-0.10775
-0.13368
-0.15525
-0.17588
-0.20260
-0.23185
-0.26165
-0.28762
-0.30779
-0.32156
-0.32582
-0.32466
-0.32777
-0.33647
-0.34313
-0.34631
-0.34641
-0.34081
-0.32920
-0.31639
-0.30797
-0.30411
-0.30384
-0.29963
-0.28515
-0.26263
-0.23580
-0.21144
-0.19538
-0.19035
-0.19093
-0.19459
-0.19890
-0.19911
-0.20038
-0.20404
-0.21107
-0.22174
-0.23376
-0.24235
-0.24424
-0.24400
-0.24631
-0.25255
-0.26357
-0.28057
-0.29903
-0.31348
-0.31965
-0.32013
-0.32138
-0.32813
-0.34185
-0.35893
-0.37703
-0.39164
-0.39809
-0.39586
-0.39092
-0.38948
-0.39168
-0.39421
-0.39524
-0.39457
-0.39182
-0.38427
-0.37229
-0.36320
-0.35566
-0.34636
-0.33472
-0.31807
-0.29674
-0.27286
-0.25287
-0.24075
-0.23372
-0.23129
-0.23161
-0.22669
-0.21555
-0.20619
-0.19615
-0.18503
-0.17907
-0.17546
-0.17155
-0.16669
-0.16214
-0.15795
-0.15611
-0.15725
-0.16194
-0.17094
-0.18164
-0.19198
-0.19633
-0.19972
-0.20190
-0.19855
-0.19313
-0.18869
-0.18708
-0.18584
-0.18757
-0.19075
-0.19318
-0.19454
-0.18825
-0.17626
-0.16372
-0.15006
-0.13562
-0.11843
-0.09842
-0.07702
-0.05674
-0.04058
-0.02721
-0.01562
-0.00381
0.01156
0.03249
0.05591
0.07890
0.09524
0.10499
0.11056
0.11163
0.11734
0.13099
0.15378
0.18392
0.21383
0.23907
0.25841
0.26923
0.27423
0.27980
0.29012
0.30450
0.31964
0.33664
0.34935
0.35870
0.36681
0.37327
0.38167
0.38779
0.38554
0.37390
0.35935
0.34651
0.33890
0.33940
0.34735
0.36159
0.37862
0.38988
0.38926
0.38164
0.37395
0.37077
0.37432
0.38163
0.39158
0.39734
0.38902
0.36819
0.34151
0.31905
0.30609
0.29969
0.29269
0.28297
0.26748
0.24553
0.22435
0.20573
0.19486
0.19188
0.18972
0.17931
0.16045
0.13636
0.11028
0.09556
0.09421
0.09962
0.10615
0.10962
0.11010
0.11424
0.12656
0.14288
0.16209
0.18522
0.20573
0.21765
0.22295
0.22539
0.22899
0.23573
0.24927
0.27271
0.29789
0.31790
0.33418
0.34527
0.35687
0.36975
0.37890
0.38811
0.39428
0.39684
0.40061
0.40804
0.41762
0.42335
0.42156
0.41518
0.40492
0.38991
0.37347
0.35581
0.33607
0.31308
0.28792
0.26241
0.24074
0.22142
0.20287
0.18840
0.17225
0.15194
0.12406
0.08863
0.05022
0.00982
-0.02729
-0.06145
-0.09682
-0.13491
-0.17649
-0.22118
-0.26329
-0.29487
-0.31518
-0.32336
-0.32174
-0.31913
-0.31729
-0.31614
-0.31577
-0.31252
-0.30451
-0.28804
-0.26763
-0.25168
-0.24067
-0.23644
-0.23030
-0.21404
-0.19149
-0.16185
-0.12845
-0.10130
-0.08549
-0.08329
-0.08987
-0.09740
-0.10332
-0.10511
-0.10712
-0.11150
-0.12216
-0.14155
-0.15992
-0.17294
-0.17686
-0.17643
-0.17871
-0.18464
-0.19882
-0.21827
-0.23740
-0.25068
-0.25611
-0.25987
-0.26458
-0.27554
-0.29690
-0.32565
-0.35728
-0.38249
-0.39248
-0.38707
-0.37687
-0.36859
-0.36319
-0.36012
-0.36045
-0.36465
-0.36539
-0.36149
-0.35856
-0.36250
-0.37286
-0.38756
-0.40220
-0.41073
-0.41065
-0.40345
-0.39695
-0.39010
-0.38202
-0.37154
-0.35616
-0.34374
-0.32971
-0.30775
-0.28504
-0.26400
-0.25111
-0.24286
-0.23247
-0.22637
-0.22026
-0.21346
-0.20969
-0.20965
-0.21649
-0.22932
-0.24252
-0.25478
-0.26597
-0.27296
-0.27606
-0.27464
-0.26851
-0.26251
-0.26023
-0.25901
-0.26176
-0.26837
-0.27506
-0.27652
-0.26966
-0.25817
-0.24342
-0.23145
-0.22054
-0.20878
-0.19593
-0.17984
-0.16523
-0.15713
-0.15248
-0.14919
-0.14636
-0.13446
-0.11434
-0.08681
-0.05619
-0.02946
-0.00921
0.00105
0.00476
0.00947
0.02375
0.04505
0.07197
0.10141
0.12877
0.15146
0.16296
0.17013
0.17951
0.19106
0.20507
0.21874
0.23176
0.24321
0.25105
0.25699
0.26495
0.27711
0.28680
0.28827
0.28252
0.27345
0.26458
0.26145
0.26909
0.28303
0.30045
0.31543
0.32226
0.32060
0.31241
0.30321
0.29819
0.30011
0.30495
0.30821
0.30484
0.29218
0.27117
0.24995
0.23709
0.23310
0.23696
0.24020
0.23690
0.22834
0.21701
0.20499
0.19501
0.18966
0.18853
0.18642
0.17625
0.15914
0.13601
0.11606
0.10992
0.11239
0.11885
0.12513
0.12966
0.13482
0.14382
0.15873
0.17746
0.19920
0.22060
0.23688
0.24752
0.25546
0.26393
0.27568
0.29098
0.31124
0.33767
0.36561
0.38964
0.40725
0.42348
0.44152
0.45808
0.46874
0.47154
0.46996
0.46701
0.46626
0.47143
0.48127
0.48606
0.48060
0.46742
0.44778
0.42791
0.40716
0.38538
0.36512
0.34184
0.31869
0.29846
0.28054
0.26399
0.24975
0.23709
0.22038
0.20000
0.17604
0.14832
0.11854
0.09013
0.06745
0.04870
0.02822
0.00435
-0.02436
-0.05635
-0.08304
-0.10269
-0.11463
-0.11854
-0.12043
-0.12635
-0.13363
-0.13726
-0.13964
-0.14002
-0.13409
-0.12416
-0.11691
-0.11398
-0.11496
-0.11657
-0.11577
-0.10946
-0.09474
-0.07869
-0.06801
-0.06397
-0.06497
-0.06941
-0.07505
-0.07893
-0.08081
-0.08364
-0.09046
-0.09785
-0.10861
-0.12397
-0.13421
-0.13967
-0.14200
-0.14433
-0.15318
-0.16784
-0.18775
-0.20517
-0.21367
-0.21669
-0.21672
-0.21923
-0.23228
-0.25113
-0.27239
-0.29767
-0.31774
-0.32844
-0.33065
-0.33202
-0.33711
-0.34273
-0.34875
-0.35137
-0.35056
-0.34649
-0.33757
-0.32656
-0.31704
-0.31044
-0.30549
-0.29851
-0.28772
-0.27300
-0.25854
-0.24929
-0.24501
-0.24598
-0.24883
-0.25010
-0.24820
-0.24527
-0.24307
-0.24025
-0.23855
-0.23861
-0.23897
-0.23842
-0.23747
-0.23596
-0.23479
-0.23677
-0.24092
-0.24552
-0.25311
-0.26287
-0.27139
-0.27714
-0.28074
-0.28361
-0.28466
-0.28331
-0.28025
-0.27791
-0.27850
-0.28315
-0.28919
-0.29493
-0.29743
-0.29229
-0.28162
-0.26973
-0.25807
-0.24599
-0.23525
-0.22273
-0.20784
-0.19576
-0.18979
-0.18758
-0.18616
-0.18487
-0.17722
-0.16227
-0.13935
-0.11309
-0.09207
-0.07657
-0.06711
-0.05759
-0.04428
-0.02472
0.00537
0.03884
0.07090
0.10126
0.12314
0.13581
0.14442
0.15209
0.16400
0.17880
0.19390
0.20678
0.21529
0.22233
0.22645
0.23033
0.23704
0.24202
0.23868
0.22864
0.21621
0.20225
0.19491
0.19858
0.20984
0.22422
0.23852
0.24683
0.24342
0.23303
0.22169
0.21317
0.21417
0.22023
0.22522
0.22732
0.21812
0.19780
0.17188
0.15009
0.13795
0.13463
0.13428
0.12918
0.12030
0.10502
0.08813
0.07605
0.07103
0.07426
0.07878
0.07610
0.06490
0.04581
0.02574
0.01750
0.01845
0.02633
0.03735
0.04553
0.05368
0.06449
0.08016
0.09732
0.11745
0.14263
0.16294
0.17597
0.18511
0.18733
0.18856
0.19486
0.20840
0.23356
0.26063
0.28274
0.30167
0.31656
0.33349
0.35169
0.36573
0.37568
0.38065
0.38336
0.38783
0.39860
0.41163
0.41834
0.41856
0.41334
0.40528
0.39685
0.38785
0.37933
0.36908
0.35317
0.33321
0.31434
0.29780
0.28391
0.27133
0.25673
0.23994
0.21176
0.17534
0.14012
0.10342
0.07249
0.04890
0.02845
0.00728
-0.02088
-0.05466
-0.08913
-0.11774
-0.13709
-0.15118
-0.15639
-0.15462
-0.15526
-0.15853
-0.16414
-0.16523
-0.16438
-0.16045
-0.14759
-0.13447
-0.12716
-0.12915
-0.13470
-0.13667
-0.12789
-0.10802
-0.08432
-0.05955
-0.04011
-0.03058
-0.02831
-0.02896
-0.02701
-0.01978
-0.01451
-0.01215
-0.01495
-0.02806
-0.04717
-0.06492
-0.07387
-0.07467
-0.07289
-0.07878
-0.09489
-0.11745
-0.14377
-0.16790
-0.18463
-0.19156
-0.19654
-0.20221
-0.21219
-0.22917
-0.25015
-0.27150
-0.28396
-0.28717
-0.28545
-0.28490
-0.28486
-0.28434
-0.28417
-0.28312
-0.27992
-0.26942
-0.25784
-0.24798
-0.23943
-0.23459
-0.23174
-0.22766
-0.22029
-0.21025
-0.19878
-0.19104
-0.18618
-0.18434
-0.18359
-0.18276
-0.18376
-0.18177
-0.17716
-0.17234
-0.16934
-0.16500
-0.15796
-0.14929
-0.14001
-0.13377
-0.13040
-0.12897
-0.12916
-0.13169
-0.13604
-0.13888
-0.14197
-0.14552
-0.14920
-0.15163
-0.15229
-0.15297
-0.15010
-0.14723
-0.14850
-0.15608
-0.16859
-0.18305
-0.19504
-0.20183
-0.20503
-0.20851
-0.21246
-0.21765
-0.21888
-0.21285
-0.20432
-0.19560
-0.18971
-0.18743
-0.18349
-0.17209
-0.15307
-0.12223
-0.08675
-0.04923
-0.01806
0.00367
0.01972
0.03151
0.04774
0.07162
0.09992
0.13517
0.17107
0.20397
0.22874
0.24516
0.25832
0.26764
0.27975
0.28842
0.29714
0.30422
0.31202
0.31611
0.31897
0.31979
0.32236
0.32003
0.31257
0.29789
0.28333
0.27454
0.26964
0.27645
0.29174
0.31115
0.32246
0.32657
0.31738
0.30373
0.27977
0.26362
0.25070
0.24762
0.24779
0.25045
0.24502
0.23592
0.21873
0.20272
0.19491
0.18546
0.17897
0.15660
0.13223
0.09142
0.05830
0.01615
-0.00393
-0.02803
-0.03142
-0.05531
-0.06354
-0.09297
-0.10582
