sample-data.txt   1 channel (mono)
Sample Rate: 22050 Hz. Sample values on linear scale.
Length processed: 11698 samples 0.53052 seconds.


0.00072
0.02343
0.02182
0.01360
0.00628
-0.00487
-0.01259
-0.02251
-0.03087
-0.03503
-0.03713
-0.04023
-0.03954
-0.03651
-0.03193
-0.02988
-0.02560
-0.01942
-0.01543
-0.01010
-0.00588
-0.01067
-0.01882
-0.02882
-0.03625
-0.03979
-0.04406
-0.05199
-0.06338
-0.07443
-0.08432
-0.09108
-0.09469
-0.09757
-0.10055
-0.10106
-0.10108
-0.10140
-0.10215
-0.10586
-0.11039
-0.11093
-0.10961
-0.10891
-0.11142
-0.11384
-0.11438
-0.11703
-0.11881
-0.12099
-0.12499
-0.12715
-0.12969
-0.12932
-0.12920
-0.13178
-0.13142
-0.13239
-0.13270
-0.13270
-0.13355
-0.13290
-0.13248
-0.13032
-0.12794
-0.12894
-0.12949
-0.12828
-0.12919
-0.12602
-0.12251
-0.11972
-0.11651
-0.11757
-0.11545
-0.11481
-0.11365
-0.11234
-0.10996
-0.10847
-0.10859
-0.10976
-0.11315
-0.11221
-0.11159
-0.11112
-0.11347
-0.11540
-0.11713
-0.11900
-0.12104
-0.12292
-0.12129
-0.11720
-0.11504
-0.11309
-0.11069
-0.11095
-0.11016
-0.10853
-0.10179
-0.09859
-0.09721
-0.09558
-0.09790
-0.09445
-0.08828
-0.08066
-0.07250
-0.06786
-0.06346
-0.05791
-0.05181
-0.04556
-0.03569
-0.02485
-0.01434
-0.00340
0.00304
0.00778
0.01427
0.02374
0.03490
0.04802
0.05922
0.06504
0.06434
0.06229
0.06210
0.06177
0.06399
0.07025
0.07772
0.07665
0.07338
0.06578
0.05834
0.05238
0.03845
0.01896
-0.00709
-0.03114
-0.04826
-0.05563
-0.05690
-0.05574
-0.06307
-0.08518
-0.11774
-0.14256
-0.15077
-0.14981
-0.12483
-0.09052
-0.07017
-0.05905
-0.05341
-0.04416
-0.02700
-0.00531
0.02800
0.06362
0.09516
0.12671
0.15928
0.18804
0.21586
0.24446
0.26098
0.26592
0.26584
0.26341
0.26260
0.26909
0.28052
0.29449
0.30458
0.30485
0.29461
0.28497
0.27609
0.26667
0.25647
0.24579
0.23919
0.23224
0.22749
0.22455
0.21754
0.20970
0.20766
0.20609
0.20981
0.20951
0.20464
0.19595
0.17991
0.16705
0.16021
0.16439
0.17754
0.18827
0.19210
0.19038
0.18451
0.17694
0.17401
0.17419
0.17032
0.17255
0.16955
0.16547
0.16368
0.16435
0.17167
0.17490
0.17541
0.16588
0.14962
0.13175
0.11588
0.10207
0.09176
0.08728
0.08232
0.07760
0.07163
0.05720
0.03864
0.01637
-0.00419
-0.02134
-0.03630
-0.04439
-0.04825
-0.04871
-0.05318
-0.05822
-0.06613
-0.07766
-0.09175
-0.10385
-0.11456
-0.12441
-0.12809
-0.13408
-0.13780
-0.13832
-0.13543
-0.13402
-0.12916
-0.12608
-0.12837
-0.12873
-0.13584
-0.14086
-0.14491
-0.14823
-0.15013
-0.15012
-0.14741
-0.14309
-0.13741
-0.13367
-0.13069
-0.13009
-0.12763
-0.12368
-0.12099
-0.11857
-0.11553
-0.11688
-0.12053
-0.12669
-0.13989
-0.15328
-0.16610
-0.17746
-0.18455
-0.19090
-0.19644
-0.20742
-0.22002
-0.22772
-0.23421
-0.24098
-0.24570
-0.24834
-0.25254
-0.24979
-0.24856
-0.24741
-0.24313
-0.23739
-0.22778
-0.21917
-0.21384
-0.21244
-0.21057
-0.20917
-0.20625
-0.20222
-0.19619
-0.19013
-0.18756
-0.18541
-0.18030
-0.17682
-0.17500
-0.17367
-0.17059
-0.16453
-0.15788
-0.15185
-0.14926
-0.14466
-0.13939
-0.13402
-0.13001
-0.12787
-0.12583
-0.12301
-0.12381
-0.12423
-0.12121
-0.11877
-0.11225
-0.10796
-0.10400
-0.10002
-0.09352
-0.08354
-0.07469
-0.06505
-0.06202
-0.06130
-0.06015
-0.05697
-0.04712
-0.03808
-0.02791
-0.01797
-0.01305
-0.00571
0.00270
0.01261
0.02526
0.03956
0.05558
0.06951
0.08569
0.10119
0.11775
0.13219
0.14377
0.16006
0.17467
0.19365
0.21551
0.23287
0.24268
0.24727
0.24969
0.24820
0.25107
0.25506
0.25963
0.26393
0.26241
0.25279
0.23544
0.21586
0.19458
0.17049
0.14409
0.11829
0.09055
0.06899
0.05389
0.04100
0.02508
0.00054
-0.01977
-0.03950
-0.06498
-0.08988
-0.11593
-0.14111
-0.13934
-0.12126
-0.11473
-0.10661
-0.09372
-0.06478
-0.02007
0.02559
0.07565
0.11525
0.15025
0.18796
0.22885
0.26944
0.30048
0.32236
0.33131
0.33628
0.33790
0.34060
0.34219
0.34614
0.35241
0.36554
0.37265
0.36052
0.35465
0.34806
0.34387
0.33887
0.32805
0.31019
0.29301
0.28704
0.27406
0.26071
0.25462
0.25270
0.25766
0.26112
0.25548
0.24244
0.22160
0.20020
0.18845
0.19214
0.20464
0.21626
0.22014
0.21862
0.21355
0.20850
0.20853
0.20529
0.20419
0.20261
0.19947
0.19200
0.18097
0.17841
0.17932
0.18152
0.17838
0.16964
0.15633
0.13561
0.11469
0.09489
0.08170
0.07453
0.06959
0.06653
0.05738
0.04299
0.02356
-0.00010
-0.02653
-0.05310
-0.06937
-0.08102
-0.08582
-0.08622
-0.09106
-0.09715
-0.11303
-0.12790
-0.14006
-0.15292
-0.16417
-0.17707
-0.18536
-0.19318
-0.19765
-0.20146
-0.20405
-0.20254
-0.19899
-0.19733
-0.19891
-0.19897
-0.20196
-0.20590
-0.20856
-0.21066
-0.21104
-0.20525
-0.20202
-0.19979
-0.19835
-0.20107
-0.20279
-0.20773
-0.21282
-0.21780
-0.21876
-0.22181
-0.22726
-0.22931
-0.23428
-0.24301
-0.25141
-0.26039
-0.26795
-0.27414
-0.28062
-0.28537
-0.29161
-0.29541
-0.30122
-0.30909
-0.31251
-0.31317
-0.31583
-0.31682
-0.31682
-0.31656
-0.31497
-0.31359
-0.31056
-0.30938
-0.30683
-0.30559
-0.30399
-0.30100
-0.30227
-0.30505
-0.30149
-0.30104
-0.30360
-0.30086
-0.30047
-0.30015
-0.30188
-0.30267
-0.30269
-0.30480
-0.30455
-0.30355
-0.30145
-0.29849
-0.29559
-0.29407
-0.29340
-0.29111
-0.28978
-0.28628
-0.27814
-0.27043
-0.26198
-0.25510
-0.25317
-0.24862
-0.24324
-0.23300
-0.22150
-0.21720
-0.21139
-0.20821
-0.20170
-0.18832
-0.17226
-0.15274
-0.13737
-0.12495
-0.10921
-0.09667
-0.08066
-0.06313
-0.04699
-0.02611
-0.00830
0.01201
0.03295
0.05537
0.07960
0.10743
0.13447
0.16205
0.19354
0.21953
0.24356
0.26686
0.29430
0.32483
0.35862
0.38937
0.41185
0.42284
0.42493
0.42002
0.40987
0.40289
0.39151
0.38544
0.38399
0.37615
0.36779
0.35713
0.34336
0.33074
0.31282
0.29208
0.26632
0.23454
0.20428
0.17046
0.13743
0.10369
0.07186
0.04064
0.01400
-0.00920
-0.03144
-0.05061
-0.06647
-0.04483
-0.01136
0.00640
0.01636
0.01881
0.03252
0.05312
0.08531
0.11991
0.14611
0.17990
0.21506
0.24845
0.28388
0.31776
0.33322
0.33494
0.33266
0.32205
0.31630
0.31353
0.31524
0.31766
0.31921
0.32831
0.34510
0.36022
0.35938
0.34220
0.30745
0.26628
0.23556
0.22497
0.22294
0.21960
0.21473
0.20615
0.20175
0.20341
0.20439
0.19695
0.18280
0.16337
0.14124
0.13004
0.13345
0.14448
0.15621
0.16544
0.16936
0.16795
0.16453
0.15398
0.14480
0.13563
0.12605
0.12017
0.11145
0.10735
0.10874
0.11575
0.12151
0.11729
0.10518
0.08275
0.05663
0.03337
0.01040
-0.00498
-0.01058
-0.01309
-0.01635
-0.01742
-0.02587
-0.04277
-0.06002
-0.08334
-0.10415
-0.11602
-0.12274
-0.12551
-0.12714
-0.13397
-0.14198
-0.15078
-0.16073
-0.17135
-0.18040
-0.18677
-0.19429
-0.19647
-0.19545
-0.19538
-0.19405
-0.18920
-0.18160
-0.16890
-0.15490
-0.14474
-0.13813
-0.13464
-0.13522
-0.13934
-0.14296
-0.14535
-0.14522
-0.14516
-0.14574
-0.14639
-0.14772
-0.15170
-0.16038
-0.17037
-0.17699
-0.18196
-0.18821
-0.19517
-0.20279
-0.20946
-0.21743
-0.22701
-0.23390
-0.23840
-0.24304
-0.24901
-0.25438
-0.25865
-0.26238
-0.26546
-0.26949
-0.27339
-0.27765
-0.28164
-0.28218
-0.28261
-0.28446
-0.28467
-0.28493
-0.28400
-0.28238
-0.28227
-0.28021
-0.27640
-0.27374
-0.27302
-0.26760
-0.25940
-0.25430
-0.24984
-0.24983
-0.25116
-0.25289
-0.25688
-0.25740
-0.25846
-0.26040
-0.26295
-0.26607
-0.26635
-0.26928
-0.27177
-0.27343
-0.27583
-0.27434
-0.27480
-0.27308
-0.27045
-0.27134
-0.27015
-0.26617
-0.26054
-0.25704
-0.25459
-0.25489
-0.24840
-0.23415
-0.21821
-0.20173
-0.18980
-0.17985
-0.17139
-0.15742
-0.13727
-0.11576
-0.09575
-0.07866
-0.05952
-0.03850
-0.02007
0.00575
0.03648
0.06724
0.10411
0.14040
0.17174
0.20105
0.23101
0.25850
0.28476
0.30820
0.33064
0.35160
0.37346
0.39883
0.42674
0.45702
0.48304
0.50296
0.52075
0.53959
0.55072
0.55907
0.56221
0.55643
0.54744
0.52807
0.50078
0.46509
0.41734
0.36889
0.32907
0.28590
0.23729
0.18855
0.13798
0.09321
0.05570
0.02007
-0.02789
-0.07457
-0.10166
-0.12841
-0.15339
-0.16520
-0.17164
-0.16526
-0.14708
-0.13655
-0.12352
-0.10375
-0.07866
-0.04524
-0.00584
0.03536
0.07518
0.11626
0.15535
0.19365
0.23205
0.26617
0.28746
0.29673
0.29849
0.29621
0.29458
0.30044
0.30916
0.31802
0.33002
0.34733
0.37667
0.39351
0.38956
0.36924
0.33473
0.31292
0.30638
0.31001
0.31611
0.31500
0.31583
0.32163
0.33907
0.35739
0.35894
0.35068
0.33557
0.31295
0.29763
0.29549
0.29821
0.30213
0.29956
0.29071
0.27765
0.26434
0.25881
0.24769
0.23467
0.22397
0.21189
0.19944
0.18469
0.18070
0.17647
0.16878
0.16019
0.14382
0.11723
0.08944
0.06224
0.03313
0.00988
-0.00731
-0.01725
-0.02437
-0.03073
-0.04925
-0.07642
-0.11037
-0.14632
-0.17825
-0.19878
-0.20617
-0.20855
-0.20829
-0.21611
-0.22431
-0.23764
-0.25168
-0.26179
-0.27285
-0.28382
-0.28998
-0.28901
-0.28698
-0.28117
-0.27026
-0.25944
-0.24782
-0.23243
-0.22106
-0.21512
-0.21028
-0.20643
-0.20566
-0.20274
-0.19815
-0.19365
-0.18400
-0.17620
-0.17097
-0.16741
-0.17032
-0.17529
-0.17875
-0.18068
-0.18337
-0.18726
-0.19190
-0.19551
-0.19854
-0.20036
-0.20476
-0.21052
-0.21308
-0.21372
-0.21497
-0.21540
-0.21590
-0.21927
-0.22175
-0.22934
-0.23136
-0.23269
-0.23497
-0.23566
-0.23717
-0.23525
-0.23566
-0.23734
-0.23941
-0.24043
-0.24171
-0.23931
-0.23974
-0.23973
-0.23832
-0.24133
-0.24576
-0.25232
-0.25437
-0.25403
-0.25888
-0.26397
-0.26957
-0.27576
-0.28050
-0.28367
-0.29030
-0.29645
-0.29758
-0.30064
-0.30086
-0.30543
-0.30742
-0.30894
-0.31020
-0.30758
-0.30951
-0.31135
-0.31225
-0.30952
-0.30187
-0.29180
-0.28248
-0.27417
-0.26680
-0.25751
-0.24842
-0.23542
-0.21728
-0.20040
-0.18253
-0.16071
-0.13977
-0.11433
-0.08260
-0.05095
-0.01738
0.01410
0.04497
0.07964
0.11647
0.15266
0.19020
0.22831
0.26233
0.29972
0.34419
0.38693
0.42648
0.46284
0.49681
0.52687
0.55236
0.57173
0.58782
0.60343
0.61755
0.63089
0.63864
0.63932
0.63549
0.62496
0.60602
0.58258
0.55409
0.52706
0.49794
0.46319
0.42313
0.38086
0.33984
0.29874
0.25492
0.20917
0.16243
0.11061
0.06645
0.02557
-0.01185
-0.04420
-0.08301
-0.13026
-0.17387
-0.19337
-0.20633
-0.22203
-0.21485
-0.20152
-0.19563
-0.18331
-0.17042
-0.15134
-0.12395
-0.09009
-0.04428
0.00495
0.05405
0.10357
0.15129
0.19968
0.24552
0.28040
0.30368
0.32001
0.33071
0.33762
0.34419
0.35305
0.36528
0.38026
0.39401
0.41555
0.44232
0.45305
0.44277
0.41838
0.38397
0.35328
0.34618
0.34554
0.34037
0.33534
0.33159
0.33024
0.33333
0.33786
0.33452
0.32147
0.29418
0.26478
0.24675
0.24384
0.25324
0.26327
0.26656
0.26403
0.25521
0.24163
0.22925
0.21579
0.20199
0.18994
0.17438
0.15911
0.14610
0.13856
0.13646
0.13547
0.13098
0.11529
0.09942
0.08976
0.08027
0.06370
0.04619
0.02421
0.00020
-0.02119
-0.04313
-0.07255
-0.11659
-0.15867
-0.19795
-0.23038
-0.25112
-0.25737
-0.25347
-0.24648
-0.23995
-0.23679
-0.23925
-0.24400
-0.24359
-0.24653
-0.24912
-0.25021
-0.24985
-0.24492
-0.23998
-0.23523
-0.22897
-0.22440
-0.21718
-0.21055
-0.20615
-0.20695
-0.21254
-0.21590
-0.22105
-0.22250
-0.22452
-0.22298
-0.21703
-0.21634
-0.21851
-0.22048
-0.22539
-0.23067
-0.23431
-0.23876
-0.24291
-0.24906
-0.25229
-0.25440
-0.25966
-0.26501
-0.27098
-0.27736
-0.27923
-0.27874
-0.27843
-0.27932
-0.28436
-0.29102
-0.29452
-0.29795
-0.30408
-0.30968
-0.31557
-0.31825
-0.31973
-0.32154
-0.32282
-0.32270
-0.32091
-0.31865
-0.31096
-0.29759
-0.28361
-0.27184
-0.26241
-0.25635
-0.25067
-0.24227
-0.23659
-0.23389
-0.22951
-0.23077
-0.23123
-0.22564
-0.22043
-0.21772
-0.22123
-0.22693
-0.23358
-0.23983
-0.24444
-0.24943
-0.25459
-0.25859
-0.26144
-0.26015
-0.25614
-0.25044
-0.24317
-0.23654
-0.23148
-0.22710
-0.22054
-0.21507
-0.20511
-0.19402
-0.18049
-0.16233
-0.14188
-0.11964
-0.09623
-0.06774
-0.03797
-0.00503
0.02960
0.06575
0.09872
0.13210
0.16634
0.20257
0.24288
0.28401
0.33014
0.37237
0.41418
0.45387
0.48884
0.52149
0.54927
0.57355
0.59471
0.61220
0.62749
0.64020
0.64945
0.65734
0.66067
0.65673
0.64441
0.62130
0.58908
0.55563
0.52441
0.49177
0.45586
0.42132
0.38236
0.34395
0.30553
0.26409
0.22573
0.18089
0.12645
0.07179
0.02880
-0.00605
-0.03007
-0.04557
-0.06542
-0.09429
-0.13333
-0.16975
-0.19174
-0.20082
-0.19035
-0.16854
-0.15090
-0.13760
-0.12549
-0.10076
-0.06019
-0.01275
0.04124
0.09814
0.14437
0.19436
0.25021
0.29860
0.34973
0.39605
0.42617
0.44782
0.46614
0.47725
0.48126
0.48556
0.48756
0.48077
0.47195
0.46400
0.45692
0.45486
0.45558
0.45629
0.45761
0.45775
0.45924
0.46438
0.45904
0.44119
0.42302
0.41001
0.41198
0.41489
0.40817
0.39109
0.36091
0.32835
0.30262
0.29015
0.28417
0.27781
0.26635
0.25090
0.22536
0.19802
0.17880
0.15602
0.13201
0.10736
0.07606
0.04030
0.01485
-0.00235
-0.01914
-0.03328
-0.04744
-0.05960
-0.07037
-0.07841
-0.08506
-0.09309
-0.09553
-0.09094
-0.08391
-0.08066
-0.08621
-0.10119
-0.12253
-0.14789
-0.17745
-0.20659
-0.22742
-0.24216
-0.25024
-0.25726
-0.27396
-0.29792
-0.32511
-0.34885
-0.36423
-0.37203
-0.37620
-0.37632
-0.37687
-0.37351
-0.36355
-0.35389
-0.34120
-0.32594
-0.31194
-0.29762
-0.28904
-0.29131
-0.29142
-0.29103
-0.29164
-0.29101
-0.28913
-0.28639
-0.28187
-0.27350
-0.26800
-0.26367
-0.26373
-0.26386
-0.26055
-0.25474
-0.24817
-0.24699
-0.24932
-0.25328
-0.25709
-0.25863
-0.26098
-0.26609
-0.27394
-0.28115
-0.28198
-0.28715
-0.29000
-0.29262
-0.29925
-0.29964
-0.30169
-0.30189
-0.30281
-0.30684
-0.30893
-0.30897
-0.30867
-0.30781
-0.30544
-0.30172
-0.29516
-0.28909
-0.28080
-0.26517
-0.24781
-0.23424
-0.22696
-0.21972
-0.21038
-0.20004
-0.18562
-0.17943
-0.17843
-0.17935
-0.17945
-0.17337
-0.17042
-0.16977
-0.17172
-0.17769
-0.18438
-0.19277
-0.20041
-0.20478
-0.20929
-0.21093
-0.20922
-0.20346
-0.19878
-0.19786
-0.19210
-0.18335
-0.17154
-0.15613
-0.13554
-0.11028
-0.07976
-0.04082
-0.00219
0.03623
0.07824
0.11644
0.15348
0.19233
0.22997
0.26703
0.30229
0.33540
0.36746
0.40182
0.43739
0.47105
0.50504
0.54193
0.57681
0.60851
0.63443
0.65660
0.67494
0.68640
0.69534
0.69558
0.69209
0.68184
0.66664
0.64944
0.62989
0.61289
0.59237
0.56825
0.53710
0.50289
0.47117
0.44121
0.40979
0.37605
0.33927
0.29851
0.25786
0.22458
0.19343
0.15847
0.12378
0.08514
0.04605
0.01359
-0.01067
-0.03269
-0.05590
-0.08559
-0.12662
-0.16212
-0.18313
-0.20239
-0.20888
-0.19084
-0.16874
-0.14931
-0.13018
-0.11201
-0.08262
-0.04071
0.00661
0.06107
0.11144
0.16018
0.21582
0.26561
0.31938
0.37045
0.40119
0.42735
0.44823
0.46151
0.47382
0.48899
0.50331
0.51371
0.51770
0.50992
0.50420
0.49962
0.49624
0.49233
0.48506
0.47954
0.47158
0.46122
0.44158
0.41481
0.38790
0.36511
0.35694
0.35876
0.35247
0.33453
0.30301
0.26150
0.22434
0.19771
0.18391
0.17335
0.15739
0.13851
0.11411
0.08558
0.06317
0.04170
0.01733
-0.00853
-0.03846
-0.06994
-0.09520
-0.10790
-0.11709
-0.13108
-0.14972
-0.17346
-0.20621
-0.24121
-0.27217
-0.29915
-0.31645
-0.32793
-0.33637
-0.33921
-0.34007
-0.34261
-0.35393
-0.36994
-0.38170
-0.39054
-0.38891
-0.37936
-0.36651
-0.35349
-0.34629
-0.33980
-0.33949
-0.34152
-0.33640
-0.33271
-0.33528
-0.33850
-0.34190
-0.34850
-0.35140
-0.35148
-0.35033
-0.34881
-0.34680
-0.34369
-0.34507
-0.35065
-0.35771
-0.36213
-0.36732
-0.37051
-0.37123
-0.36911
-0.36792
-0.37247
-0.38020
-0.38622
-0.39135
-0.39957
-0.40375
-0.41166
-0.41853
-0.42693
-0.43971
-0.45104
-0.46190
-0.47267
-0.48435
-0.49376
-0.50288
-0.50879
-0.51608
-0.52163
-0.52676
-0.53226
-0.53362
-0.53529
-0.53509
-0.53408
-0.53353
-0.53426
-0.53311
-0.52845
-0.52336
-0.51576
-0.50767
-0.49811
-0.48391
-0.46476
-0.44182
-0.42172
-0.40472
-0.39028
-0.37576
-0.35780
-0.33962
-0.32087
-0.30076
-0.28626
-0.27645
-0.27102
-0.26797
-0.26119
-0.25499
-0.24792
-0.24489
-0.24397
-0.24310
-0.24085
-0.23499
-0.22580
-0.21344
-0.20117
-0.18463
-0.16927
-0.15340
-0.13363
-0.10610
-0.07374
-0.04168
-0.00846
0.02646
0.06408
0.10394
0.14607
0.18905
0.23559
0.27880
0.32093
0.36560
0.40911
0.44692
0.47987
0.50971
0.53710
0.57246
0.60910
0.64398
0.68142
0.71712
0.75379
0.79173
0.82092
0.84000
0.85571
0.86286
0.86372
0.86235
0.85370
0.83926
0.82010
0.79939
0.78035
0.76273
0.73920
0.71329
0.68662
0.65307
0.61774
0.58095
0.54153
0.50303
0.46087
0.41380
0.37670
0.34905
0.32543
0.30013
0.27045
0.24142
0.20972
0.17618
0.14547
0.11882
0.09800
0.08137
0.06080
0.03865
0.02158
0.01075
0.00601
0.00196
-0.00325
-0.00798
-0.01282
-0.01420
-0.01035
0.01048
0.04701
0.08605
0.13762
0.18821
0.23107
0.28502
0.33673
0.38425
0.43192
0.46146
0.47576
0.48998
0.50056
0.50662
0.51930
0.52738
0.52986
0.53808
0.55689
0.59395
0.62241
0.62429
0.60241
0.56003
0.51706
0.48976
0.47740
0.46295
0.44189
0.41583
0.39443
0.38342
0.37523
0.36398
0.33579
0.29282
0.24254
0.19987
0.17776
0.16629
0.15403
0.13827
0.11686
0.09331
0.07005
0.05048
0.03542
0.01259
-0.01381
-0.04368
-0.07769
-0.11077
-0.13472
-0.15215
-0.17399
-0.20037
-0.22800
-0.25502
-0.28310
-0.30728
-0.32236
-0.32454
-0.32055
-0.30992
-0.30013
-0.29532
-0.30087
-0.31721
-0.33576
-0.35516
-0.36326
-0.36445
-0.35550
-0.33560
-0.32333
-0.32365
-0.32661
-0.33577
-0.34676
-0.36001
-0.37237
-0.38242
-0.39764
-0.40957
-0.41936
-0.42402
-0.42765
-0.42764
-0.42730
-0.43053
-0.43233
-0.43495
-0.44157
-0.45275
-0.46278
-0.47579
-0.48405
-0.48374
-0.48524
-0.48662
-0.49064
-0.49347
-0.49415
-0.49924
-0.50587
-0.51462
-0.52200
-0.53292
-0.54670
-0.55628
-0.56683
-0.57814
-0.59021
-0.60291
-0.61242
-0.62074
-0.62508
-0.62824
-0.63194
-0.63361
-0.63691
-0.63738
-0.63814
-0.63765
-0.63189
-0.62844
-0.62209
-0.61624
-0.61303
-0.60351
-0.59421
-0.58393
-0.57106
-0.55622
-0.53968
-0.52019
-0.49889
-0.47875
-0.45553
-0.43340
-0.41117
-0.39062
-0.37374
-0.35751
-0.34059
-0.32000
-0.30272
-0.29473
-0.29439
-0.30121
-0.30507
-0.29733
-0.28452
-0.27072
-0.25788
-0.24750
-0.24110
-0.23768
-0.22704
-0.20458
-0.17575
-0.14118
-0.10009
-0.05978
-0.02284
0.01275
0.04799
0.07985
0.10869
0.14210
0.17917
0.21472
0.24875
0.28666
0.32307
0.35588
0.39020
0.42689
0.45972
0.49008
0.52568
0.55703
0.58700
0.61166
0.63270
0.65175
0.66294
0.67810
0.69692
0.71502
0.72600
0.72784
0.72245
0.70600
0.67553
0.64239
0.61616
0.59174
0.56697
0.54147
0.51224
0.47704
0.43260
0.38635
0.34120
0.29364
0.26040
0.23688
0.21791
0.20084
0.17146
0.14096
0.11716
0.09689
0.07776
0.06308
0.05358
0.04115
0.02685
0.01228
0.00110
-0.00875
-0.01826
-0.01962
-0.01995
-0.01800
-0.01057
-0.00511
-0.00147
-0.00044
0.00099
0.00079
0.00682
0.02484
0.04875
0.08505
0.12574
0.17144
0.21530
0.25870
0.31360
0.36441
0.41351
0.46226
0.49921
0.52336
0.53934
0.54558
0.54564
0.54975
0.55592
0.56562
0.58016
0.59417
0.61905
0.63554
0.62589
0.60944
0.57594
0.53912
0.52074
0.50389
0.48550
0.45992
0.42548
0.39656
0.38385
0.37984
0.36592
0.34282
0.30046
0.24820
0.20302
0.16435
0.13721
0.11426
0.09356
0.07447
0.05208
0.03241
0.02023
0.00115
-0.01699
-0.03267
-0.05890
-0.08930
-0.11507
-0.13101
-0.14488
-0.15566
-0.16802
-0.19267
-0.23181
-0.27540
-0.31352
-0.34240
-0.35427
-0.35985
-0.36543
-0.36512
-0.36553
-0.37127
-0.37687
-0.38120
-0.38374
-0.38115
-0.37102
-0.34968
-0.32119
-0.29401
-0.27374
-0.25901
-0.25065
-0.24585
-0.24230
-0.23837
-0.22964
-0.22432
-0.22164
-0.22018
-0.21838
-0.21897
-0.21625
-0.21059
-0.21042
-0.21152
-0.21536
-0.21725
-0.21835
-0.22070
-0.22253
-0.22563
-0.22882
-0.23141
-0.23994
-0.24884
-0.25674
-0.26501
-0.27337
-0.28453
-0.29706
-0.31111
-0.32438
-0.34075
-0.35502
-0.36866
-0.38524
-0.40161
-0.42123
-0.43760
-0.44921
-0.45766
-0.46014
-0.46536
-0.46846
-0.46870
-0.47221
-0.47682
-0.48008
-0.47768
-0.47307
-0.46611
-0.45782
-0.44798
-0.43645
-0.42499
-0.41161
-0.39669
-0.37668
-0.35530
-0.33760
-0.32041
-0.30988
-0.30060
-0.28735
-0.27560
-0.26459
-0.24909
-0.23789
-0.23499
-0.23183
-0.23188
-0.22825
-0.22545
-0.22252
-0.21338
-0.20862
-0.20995
-0.21036
-0.20653
-0.19604
-0.17922
-0.15586
-0.12451
-0.09339
-0.06379
-0.03524
0.00130
0.04453
0.08655
0.12966
0.17161
0.21517
0.25222
0.28645
0.32371
0.35658
0.39688
0.43874
0.47203
0.49954
0.52068
0.54259
0.56956
0.59933
0.62600
0.64996
0.67147
0.68493
0.69492
0.70511
0.71868
0.73934
0.75843
0.77501
0.78230
0.78274
0.77490
0.75667
0.72499
0.68643
0.66407
0.63362
0.59874
0.56453
0.52572
0.48382
0.43581
0.39594
0.35607
0.31426
0.27231
0.23621
0.20974
0.18486
0.15993
0.13364
0.11327
0.09872
0.08872
0.08240
0.06665
0.04720
0.03151
0.01747
0.01520
0.01855
0.02080
0.01857
0.01272
0.01705
0.01554
0.01360
0.01326
0.01016
0.00903
0.00886
0.02380
0.03632
0.05419
0.08338
0.11042
0.14676
0.18587
0.22533
0.27118
0.31341
0.35443
0.39534
0.42202
0.43349
0.44386
0.44291
0.43219
0.42716
0.42112
0.42588
0.43488
0.46079
0.49596
0.50786
0.50533
0.48081
0.44456
0.42047
0.40692
0.39681
0.38080
0.35228
0.31743
0.29380
0.27936
0.25516
0.22599
0.18314
0.13187
0.09547
0.08450
0.10052
0.11729
0.11651
0.09588
0.06165
0.01973
-0.01968
-0.06717
-0.13388
-0.19516
-0.25336
-0.30697
-0.34372
-0.36437
-0.37198
-0.37863
-0.39046
-0.41469
-0.44145
-0.46160
-0.47714
-0.48490
-0.47825
-0.46370
-0.44829
-0.42624
-0.40032
-0.37219
-0.35116
-0.34236
-0.33557
-0.32806
-0.31750
-0.29592
-0.27156
-0.24564
-0.22921
-0.22236
-0.21701
-0.21493
-0.21548
-0.22043
-0.21976
-0.22274
-0.23174
-0.24181
-0.25008
-0.26098
-0.26704
-0.26750
-0.27104
-0.27007
-0.27030
-0.27526
-0.28080
-0.28679
-0.29402
-0.29857
-0.30041
-0.29985
-0.30294
-0.30911
-0.31940
-0.33162
-0.33984
-0.34922
-0.36101
-0.37050
-0.37911
-0.39071
-0.40198
-0.41179
-0.42418
-0.43622
-0.44640
-0.45661
-0.46458
-0.47231
-0.47448
-0.47685
-0.47686
-0.47613
-0.47957
-0.47928
-0.47825
-0.47385
-0.46836
-0.46477
-0.46249
-0.46040
-0.45050
-0.43313
-0.41145
-0.39106
-0.38756
-0.38641
-0.36636
-0.33283
-0.29265
-0.26646
-0.26150
-0.26294
-0.26409
-0.24772
-0.22011
-0.19731
-0.18733
-0.20156
-0.22318
-0.23708
-0.24424
-0.23935
-0.22434
-0.19950
-0.17494
-0.16302
-0.15221
-0.14199
-0.12420
-0.10102
-0.07355
-0.04090
-0.00837
0.02547
0.05750
0.09224
0.12520
0.16176
0.19663
0.22456
0.25281
0.27751
0.30028
0.32715
0.35141
0.37378
0.39673
0.41450
0.43054
0.44325
0.45444
0.45862
0.46166
0.48324
0.52532
0.57038
0.60281
0.63028
0.66164
0.69640
0.70822
0.67996
0.63238
0.59966
0.59554
0.57995
0.54505
0.51796
0.48588
0.44539
0.40645
0.36308
0.31739
0.27528
0.24265
0.22029
0.19032
0.15736
0.13062
0.11142
0.10607
0.10190
0.09513
0.09311
0.09270
0.09291
0.10287
0.10966
0.10597
0.10371
0.10220
0.10061
0.10399
0.11736
0.12927
0.13529
0.13584
0.12910
0.12470
0.12921
0.14164
0.16122
0.18534
0.20718
0.22489
0.23676
0.24823
0.26761
0.28943
0.32294
0.36352
0.39963
0.44129
0.47771
0.51319
0.54640
0.55386
0.53767
0.53275
0.53704
0.53746
0.55756
0.57495
0.57603
0.57755
0.58565
0.58044
0.53495
0.48942
0.48287
0.48804
0.48536
0.49818
0.51991
0.51477
0.50595
0.49232
0.44337
0.40229
0.39088
0.37843
0.35478
0.31281
0.26788
0.22796
0.18921
0.17430
0.14943
0.12118
0.10278
0.08043
0.06584
0.04729
0.03356
0.00961
-0.04035
-0.12012
-0.18809
-0.21940
-0.25734
-0.29151
-0.31374
-0.34431
-0.38366
-0.41848
-0.42036
-0.40427
-0.41092
-0.41051
-0.39314
-0.36872
-0.34586
-0.33656
-0.32070
-0.30533
-0.29353
-0.27805
-0.26146
-0.24085
-0.21985
-0.19988
-0.18298
-0.17228
-0.16302
-0.16863
-0.18025
-0.18556
-0.19365
-0.19716
-0.20407
-0.21432
-0.22154
-0.22455
-0.22594
-0.23165
-0.23229
-0.23134
-0.22863
-0.23073
-0.23800
-0.24593
-0.25692
-0.25950
-0.26500
-0.26879
-0.27143
-0.27750
-0.28645
-0.29551
-0.30434
-0.31575
-0.32557
-0.33679
-0.34733
-0.36413
-0.37804
-0.39371
-0.40836
-0.42474
-0.44185
-0.45238
-0.46424
-0.47059
-0.47443
-0.47758
-0.47913
-0.48236
-0.48530
-0.48730
-0.48796
-0.48799
-0.49366
-0.49295
-0.48509
-0.44371
-0.41510
-0.43901
-0.43217
-0.39120
-0.34665
-0.31144
-0.30902
-0.31558
-0.30493
-0.29291
-0.25979
-0.22807
-0.21773
-0.21526
-0.24532
-0.26558
-0.27319
-0.28415
-0.29195
-0.29357
-0.28841
-0.29017
-0.27827
-0.26822
-0.26933
-0.26482
-0.25142
-0.23450
-0.21988
-0.19688
-0.16105
-0.13203
-0.10213
-0.06565
-0.03727
-0.00681
0.02619
0.05927
0.09370
0.12953
0.15974
0.19087
0.21761
0.23569
0.24851
0.24963
0.24626
0.25254
0.30116
0.36274
0.37853
0.41029
0.46208
0.47801
0.51635
0.55872
0.54320
0.49424
0.48502
0.50410
0.47730
0.45114
0.44541
0.41758
0.38164
0.35939
0.32843
0.27478
0.23622
0.20185
0.15947
0.13207
0.10299
0.06657
0.03735
0.02163
0.00253
-0.01246
-0.02042
-0.02250
-0.01491
-0.00546
0.00561
0.01383
0.02339
0.02752
0.03198
0.03709
0.04112
0.04835
0.05796
0.06539
0.07367
0.08540
0.09293
0.09329
0.09326
0.09245
0.09020
0.09363
0.09736
0.11223
0.13171
0.14702
0.15974
0.16649
0.17678
0.19548
0.21306
0.23952
0.27239
0.30253
0.34066
0.37713
0.41282
0.45241
0.45988
0.46077
0.48801
0.50052
0.51841
0.52595
0.52530
0.53976
0.54841
0.54710
0.53406
0.52889
0.52049
0.51057
0.50296
0.49428
0.48210
0.46850
0.45530
0.42384
0.38349
0.35676
0.34327
0.33365
0.31625
0.28619
0.24710
0.21109
0.19832
0.19721
0.20588
0.20771
0.19389
0.16697
0.14673
0.13206
0.09997
0.09255
0.06945
0.03268
0.00129
-0.03808
-0.05293
-0.06405
-0.07155
-0.09475
-0.12524
-0.14413
-0.17829
-0.18296
-0.15739
-0.15454
-0.15811
-0.14462
-0.12513
-0.12109
-0.11675
-0.10427
-0.10995
-0.11515
-0.10351
-0.09032
-0.07666
-0.05737
-0.04194
-0.03329
-0.02944
-0.03331
-0.04595
-0.05864
-0.06672
-0.07100
-0.07290
-0.07956
-0.08737
-0.09261
-0.09722
-0.10203
-0.10411
-0.10496
-0.10372
-0.10581
-0.11207
-0.11896
-0.13224
-0.14492
-0.15206
-0.15711
-0.16377
-0.17572
-0.18921
-0.19901
-0.21064
-0.22324
-0.23414
-0.24610
-0.25645
-0.27118
-0.29191
-0.31109
-0.32580
-0.33899
-0.35527
-0.37066
-0.38096
-0.38990
-0.39619
-0.39929
-0.40416
-0.41259
-0.42330
-0.43646
-0.45002
-0.44488
-0.41536
-0.39759
-0.42527
-0.41732
-0.38109
-0.36792
-0.33045
-0.32246
-0.33610
-0.34374
-0.33735
-0.30443
-0.27232
-0.25329
-0.24950
-0.26497
-0.28680
-0.28871
-0.30746
-0.31499
-0.29371
-0.29239
-0.29571
-0.28147
-0.27831
-0.27912
-0.27068
-0.25414
-0.23633
-0.22530
-0.20403
-0.18574
-0.17401
-0.15322
-0.12281
-0.09915
-0.07232
-0.04740
-0.02467
-0.00071
0.02188
0.04577
0.07177
0.09310
0.10835
0.12647
0.13722
0.14635
0.14669
0.15137
0.14874
0.14055
0.13430
0.14802
0.19812
0.23360
0.25004
0.28039
0.33791
0.38067
0.38410
0.35226
0.32637
0.33485
0.33309
0.32041
0.31141
0.29930
0.28341
0.26621
0.25224
0.22312
0.19035
0.16947
0.14282
0.11067
0.08164
0.05444
0.01694
-0.01691
-0.04107
-0.06177
-0.08328
-0.10109
-0.10638
-0.10386
-0.10111
-0.10010
-0.09112
-0.08057
-0.07485
-0.07344
-0.06801
-0.05985
-0.05569
-0.04787
-0.03627
-0.02524
-0.01737
-0.01170
-0.00486
0.00084
0.00739
0.01321
0.01743
0.02340
0.02534
0.02052
0.01288
0.00787
0.00754
0.01448
0.02725
0.04313
0.06948
0.09935
0.11090
0.12532
0.16364
0.20355
0.22958
0.25504
0.28457
0.29753
0.30035
0.31089
0.31750
0.31565
0.33219
0.35621
0.36857
0.40223
0.43898
0.44055
0.43378
0.41194
0.38490
0.38031
0.37858
0.36999
0.34616
0.31801
0.29178
0.28018
0.27458
0.26230
0.24628
0.21618
0.17616
0.13884
0.12811
0.12612
0.11380
0.09739
0.08413
0.07050
0.05802
0.04285
0.01518
-0.00952
-0.02807
-0.05455
-0.08408
-0.09886
-0.10960
-0.13085
-0.15078
-0.14584
-0.14120
-0.14821
-0.14256
-0.13428
-0.12635
-0.11199
-0.09500
-0.07911
-0.06619
-0.05396
-0.04701
-0.04743
-0.04898
-0.04547
-0.03773
-0.02526
-0.00686
0.00098
0.00486
0.00549
0.00209
0.00226
-0.00381
-0.01365
-0.01806
-0.02214
-0.02795
-0.03090
-0.03637
-0.03767
-0.03692
-0.04011
-0.04498
-0.05499
-0.06361
-0.06919
-0.07303
-0.08006
-0.09397
-0.10441
-0.11599
-0.12572
-0.13320
-0.14462
-0.15702
-0.16874
-0.17736
-0.18895
-0.20295
-0.21447
-0.22586
-0.24079
-0.25528
-0.27023
-0.28779
-0.30206
-0.31461
-0.32794
-0.33835
-0.34409
-0.34915
-0.35538
-0.35916
-0.36466
-0.36901
-0.37276
-0.37809
-0.38466
-0.39597
-0.40433
-0.39343
-0.35451
-0.29463
-0.23637
-0.21404
-0.20248
-0.18804
-0.19366
-0.20073
-0.19529
-0.18552
-0.17571
-0.16911
-0.18534
-0.20734
-0.20734
-0.20223
-0.19879
-0.19665
-0.20576
-0.22372
-0.23974
-0.26040
-0.28991
-0.29779
-0.28614
-0.28717
-0.29047
-0.28082
-0.26983
-0.26016
-0.23810
-0.20778
-0.18214
-0.15089
-0.11440
-0.08130
-0.04422
0.00066
0.04195
0.07379
0.10959
0.14280
0.16425
0.18994
0.22035
0.24413
0.26272
0.27925
0.28766
0.28682
0.28067
0.26856
0.27817
0.31389
0.34452
0.36190
0.38388
0.41224
0.42270
0.41193
0.38921
0.36818
0.35697
0.34896
0.34033
0.32984
0.31195
0.29843
0.28515
0.26832
0.25690
0.24576
0.22797
0.20143
0.16947
0.13314
0.09472
0.05435
0.01710
-0.01198
-0.03320
-0.05491
-0.06831
-0.07466
-0.07742
-0.07812
-0.07188
-0.05642
-0.04475
-0.03348
-0.02618
-0.01127
0.00597
0.01569
0.02609
0.03535
0.03980
0.05080
0.06536
0.07360
0.07957
0.08338
0.08601
0.08034
0.07260
0.06966
0.06920
0.06632
0.06801
0.07759
0.09082
0.10916
0.12631
0.15082
0.17642
0.19637
0.22324
0.24679
0.26121
0.27598
0.28793
0.29479
0.30123
0.31035
0.32599
0.34468
0.37557
0.42078
0.44548
0.43949
0.41452
0.37697
0.34964
0.34043
0.33581
0.32225
0.29907
0.27705
0.26327
0.25939
0.25223
0.24462
0.23210
0.20365
0.18203
0.17446
0.18015
0.18505
0.18426
0.18617
0.17436
0.15904
0.14422
0.12955
0.12182
0.11354
0.10063
0.08684
0.08212
0.08433
0.08214
0.06877
0.05165
0.02887
0.00584
-0.01388
-0.03159
-0.03953
-0.04239
-0.03747
-0.02557
-0.01919
-0.02150
-0.02676
-0.03287
-0.03965
-0.04350
-0.03926
-0.02808
-0.00955
0.01137
0.02415
0.03462
0.04521
0.04889
0.04893
0.05072
0.04836
0.04480
0.05176
0.05552
0.05560
0.05627
0.05457
0.05616
0.05764
0.05609
0.04742
0.03552
0.02325
0.00934
-0.00639
-0.01297
-0.01574
-0.02264
-0.03246
-0.04529
-0.05930
-0.07276
-0.08508
-0.10348
-0.12126
-0.13716
-0.15468
-0.17797
-0.19563
-0.20989
-0.22789
-0.24634
-0.26567
-0.28248
-0.30165
-0.31657
-0.32924
-0.34133
-0.35036
-0.36142
-0.37264
-0.38359
-0.38792
-0.38701
-0.38614
-0.37923
-0.36459
-0.34455
-0.33163
-0.32612
-0.32622
-0.32802
-0.32428
-0.31351
-0.29867
-0.28522
-0.27938
-0.28268
-0.29056
-0.30607
-0.31701
-0.32446
-0.32705
-0.32357
-0.31980
-0.31605
-0.31552
-0.31835
-0.32202
-0.32291
-0.32295
-0.32060
-0.31296
-0.30143
-0.29031
-0.27770
-0.26204
-0.24284
-0.22067
-0.19417
-0.16712
-0.13766
-0.11201
-0.09151
-0.07148
-0.05481
-0.03774
-0.02551
-0.01341
-0.00360
0.00057
0.00356
0.00755
0.00942
0.00655
0.00430
0.01125
0.03119
0.06246
0.09564
0.12362
0.15136
0.17639
0.19086
0.18416
0.16427
0.15006
0.14565
0.14420
0.14602
0.14523
0.14690
0.15264
0.14694
0.13294
0.11153
0.09130
0.07031
0.04743
0.02486
-0.00122
-0.02952
-0.05831
-0.08164
-0.09619
-0.10916
-0.12385
-0.12634
-0.12243
-0.11571
-0.11058
-0.10386
-0.09056
-0.08055
-0.06621
-0.04865
-0.03470
-0.02430
-0.01288
-0.00591
0.00066
0.01200
0.02002
0.02533
0.02362
0.02164
0.02235
0.02411
0.02323
0.02597
0.03613
0.04270
0.05431
0.06998
0.08444
0.09422
0.10612
0.11728
0.12805
0.14755
0.16774
0.19425
0.22369
0.24947
0.28108
0.30695
0.31629
0.31848
0.30995
0.30264
0.30614
0.33437
0.38197
0.42275
0.44969
0.45233
0.44166
0.43692
0.41040
0.33733
0.26903
0.22226
0.18233
0.14681
0.10961
0.08338
0.06704
0.06310
0.06267
0.05708
0.05029
0.03228
0.02323
0.02902
0.04879
0.07896
0.10067
0.11890
0.12438
0.12439
0.12306
0.11584
0.11014
0.10829
0.09978
0.08119
0.07178
0.07277
0.06826
0.05762
0.04533
0.03090
0.02154
0.02030
0.02365
0.02477
0.02681
0.02672
0.03019
0.03190
0.02285
0.01291
0.00614
0.00569
0.00698
0.01276
0.02099
0.03003
0.03766
0.03752
0.03424
0.03017
0.02112
0.01175
0.00173
-0.00758
-0.01397
-0.01531
-0.01123
-0.01238
-0.01285
-0.01688
-0.01688
-0.01382
-0.01822
-0.02213
-0.02824
-0.03193
-0.03823
-0.04309
-0.04707
-0.05393
-0.05942
-0.06793
-0.07545
-0.08595
-0.09936
-0.11153
-0.12061
-0.13310
-0.14929
-0.16750
-0.19005
-0.20845
-0.22377
-0.23730
-0.25302
-0.26811
-0.27880
-0.29323
-0.30539
-0.31466
-0.32467
-0.32640
-0.31962
-0.31461
-0.31352
-0.31285
-0.31140
-0.31246
-0.31524
-0.30783
-0.29600
-0.28809
-0.28200
-0.28054
-0.28441
-0.28659
-0.28302
-0.27864
-0.27523
-0.27430
-0.28136
-0.29382
-0.30842
-0.32266
-0.33290
-0.33806
-0.33462
-0.32650
-0.31266
-0.30485
-0.30164
-0.29420
-0.28545
-0.27443
-0.26625
-0.25529
-0.24141
-0.22460
-0.20740
-0.18593
-0.15600
-0.12640
-0.09990
-0.07792
-0.05874
-0.04104
-0.02314
-0.00822
-0.00050
0.01134
0.02109
0.02732
0.03506
0.04081
0.04927
0.05621
0.06161
0.06720
0.07430
0.07594
0.07694
0.08905
0.11005
0.13304
0.15587
0.17472
0.18960
0.19902
0.19367
0.17918
0.16025
0.14457
0.13684
0.12851
0.11883
0.11674
0.11600
0.11430
0.10673
0.09614
0.08755
0.07410
0.05509
0.03267
0.01534
-0.00047
-0.01445
-0.02913
-0.04056
-0.04551
-0.04979
-0.05348
-0.05538
-0.05447
-0.05093
-0.04094
-0.03082
-0.01916
-0.00532
0.00647
0.01778
0.02911
0.03921
0.04457
0.04916
0.04866
0.04855
0.04878
0.04398
0.04461
0.04896
0.05550
0.06609
0.08612
0.10337
0.11419
0.12518
0.12919
0.13728
0.14837
0.16083
0.18373
0.20860
0.23806
0.27197
0.30558
0.34100
0.36722
0.38096
0.39143
0.39862
0.39752
0.39800
0.40146
0.40986
0.42350
0.44945
0.47753
0.47904
0.47385
0.47127
0.46353
0.44991
0.44283
0.44342
0.42954
0.41362
0.40090
0.38795
0.38060
0.37140
0.35706
0.32409
0.28485
0.25183
0.22749
0.21970
0.21504
0.20996
0.19794
0.17816
0.15374
0.13267
0.11149
0.10505
0.11426
0.10861
0.09977
0.10182
0.10976
0.11070
0.11312
0.10863
0.09693
0.09581
0.09535
0.09367
0.09932
0.11343
0.12734
0.13654
0.13387
0.12266
0.11163
0.09523
0.07792
0.06862
0.06064
0.05982
0.06607
0.06142
0.04716
0.03085
0.01456
-0.00310
-0.02044
-0.03638
-0.05432
-0.07033
-0.07824
-0.08232
-0.08582
-0.08607
-0.08701
-0.09001
-0.09520
-0.10154
-0.11102
-0.12378
-0.13450
-0.14369
-0.14607
-0.14266
-0.14037
-0.14084
-0.14397
-0.15151
-0.16056
-0.17055
-0.17941
-0.18428
-0.18922
-0.19337
-0.20262
-0.21285
-0.22409
-0.23530
-0.24490
-0.26018
-0.27190
-0.28116
-0.29200
-0.30147
-0.30722
-0.31079
-0.31675
-0.32395
-0.32836
-0.32882
-0.33182
-0.33493
-0.33631
-0.33857
-0.33444
-0.32638
-0.31922
-0.31633
-0.31674
-0.31473
-0.31400
-0.30846
-0.29700
-0.28448
-0.27505
-0.27391
-0.28013
-0.29011
-0.29444
-0.29568
-0.29311
-0.28933
-0.28864
-0.28688
-0.28498
-0.28240
-0.28509
-0.28618
-0.28349
-0.27865
-0.26956
-0.25866
-0.24701
-0.23637
-0.21947
-0.20109
-0.18531
-0.16763
-0.14749
-0.12609
-0.10221
-0.07976
-0.06050
-0.03864
-0.01796
0.00018
0.01846
0.03525
0.04969
0.06045
0.06969
0.08598
0.10684
0.12803
0.14463
0.15827
0.17430
0.18697
0.19985
0.21346
0.21721
0.21124
0.20254
0.19068
0.18137
0.17570
0.17085
0.16661
0.16347
0.16616
0.16400
0.15315
0.13547
0.11696
0.10114
0.08129
0.06748
0.05881
0.04872
0.03754
0.02559
0.01527
0.00621
-0.00514
-0.01159
-0.00853
-0.00491
0.00219
0.01373
0.02319
0.02797
0.03627
0.04572
0.05123
0.05466
0.05750
0.05943
0.06205
0.06408
0.06884
0.07770
0.07858
0.07987
0.08079
0.08332
0.08254
0.07827
0.08068
0.08603
0.09403
0.09824
0.10144
0.10897
0.11880
0.13401
0.14965
0.15931
0.17181
0.17675
0.18591
0.20102
0.21484
0.23741
0.25998
0.27958
0.29609
0.31278
0.32389
0.33845
0.35775
0.37327
0.38333
0.40560
0.43518
0.44024
0.44457
0.45403
0.45602
0.45202
0.44877
0.45641
0.45458
0.44027
0.41898
0.39504
0.38910
0.38074
0.36629
0.34832
0.30842
0.27526
0.26571
0.26103
0.25502
0.24185
0.21945
0.19692
0.17945
0.16921
0.15805
0.15624
0.15853
0.14583
0.13045
0.12538
0.12602
0.12153
0.11384
0.09477
0.07403
0.07007
0.07208
0.07403
0.08313
0.09340
0.09616
0.09737
0.09574
0.08968
0.08193
0.07652
0.07312
0.07531
0.08516
0.09748
0.11137
0.11730
0.11566
0.11021
0.10422
0.09647
0.08469
0.07431
0.06154
0.05143
0.04614
0.04429
0.04164
0.03814
0.03816
0.03579
0.02796
0.01586
0.00283
-0.01122
-0.02618
-0.03758
-0.04620
-0.05690
-0.06697
-0.07691
-0.08961
-0.10761
-0.12573
-0.14009
-0.15123
-0.16217
-0.17405
-0.18449
-0.19952
-0.21504
-0.22870
-0.23953
-0.24900
-0.25792
-0.26830
-0.28207
-0.29478
-0.30458
-0.30836
-0.30701
-0.29892
-0.28656
-0.27851
-0.27727
-0.27859
-0.28628
-0.29687
-0.29948
-0.30078
-0.30415
-0.31099
-0.32360
-0.33717
-0.35059
-0.36550
-0.37271
-0.36905
-0.36612
-0.36647
-0.37100
-0.37844
-0.38745
-0.39378
-0.39941
-0.40205
-0.39652
-0.38796
-0.37923
-0.37225
-0.36166
-0.35004
-0.33765
-0.32580
-0.30964
-0.29088
-0.27427
-0.25756
-0.24184
-0.22326
-0.20527
-0.18302
-0.15692
-0.13506
-0.11108
-0.08461
-0.06196
-0.04266
-0.03063
-0.01882
-0.00597
0.00480
0.01662
0.02520
0.02956
0.03707
0.04738
0.05708
0.06820
0.07483
0.07504
0.07659
0.07960
0.07737
0.08043
0.08178
0.07430
0.06730
0.05934
0.05264
0.05075
0.05112
0.05281
0.05208
0.05501
0.06032
0.05458
0.04619
0.03517
0.02434
0.01300
0.00360
-0.00619
-0.02134
-0.03229
-0.04306
-0.05013
-0.05537
-0.05781
-0.05605
-0.05638
-0.05293
-0.04451
-0.03859
-0.03595
-0.03222
-0.03078
-0.02865
-0.01821
-0.00727
0.00079
0.00543
0.00404
0.00239
-0.00020
0.00076
-0.00001
-0.00199
-0.00034
-0.00431
-0.00480
-0.00884
-0.01498
-0.01765
-0.01819
-0.01833
-0.01686
-0.01067
-0.01410
-0.02186
-0.02927
-0.02807
-0.02320
-0.01762
-0.00337
0.01885
0.04465
0.07427
0.09870
0.10511
0.11327
0.12660
0.14258
0.16150
0.18365
0.20688
0.23332
0.27527
0.31751
0.33360
0.34696
0.36431
0.35834
0.34981
0.35595
0.35990
0.34359
0.32329
0.30407
0.29361
0.29407
0.28352
0.26981
0.24305
0.20942
0.19036
0.18432
0.18556
0.18087
0.16619
0.13997
0.11520
0.10480
0.10097
0.10106
0.10950
0.11556
0.10358
0.09745
0.10230
0.09955
0.09216
0.08149
0.07119
0.07099
0.08105
0.08897
0.10572
0.12942
0.14974
0.16989
0.18145
0.18347
0.17444
0.16582
0.16414
0.16658
0.18054
0.20080
0.21898
0.22850
0.22667
0.21935
0.20539
0.19123
0.17638
0.15625
0.14062
0.12659
0.11844
0.11262
0.10694
0.10159
0.09066
0.08050
0.06396
0.04991
0.03900
0.02524
0.01561
0.00793
0.00016
-0.01144
-0.02193
-0.03197
-0.04004
-0.04642
-0.05533
-0.06404
-0.07217
-0.07667
-0.08120
-0.09046
-0.10327
-0.11408
-0.12819
-0.14455
-0.15460
-0.16085
-0.16367
-0.16643
-0.16766
-0.17405
-0.18812
-0.20079
-0.21065
-0.22176
-0.23445
-0.23988
-0.24505
-0.24791
-0.24746
-0.24435
-0.23863
-0.24039
-0.24301
-0.25004
-0.25856
-0.26342
-0.26384
-0.26256
-0.26148
-0.26188
-0.26761
-0.27154
-0.27180
-0.26246
-0.25317
-0.24550
-0.23556
-0.22575
-0.21460
-0.20397
-0.19265
-0.18600
-0.17448
-0.15978
-0.14575
-0.13057
-0.11619
-0.10116
-0.09248
-0.08203
-0.07013
-0.05704
-0.04082
-0.02685
-0.01493
-0.00529
0.00257
0.00580
0.00799
0.01345
0.01933
0.02359
0.02573
0.02038
0.01641
0.01446
0.01133
0.00715
0.00332
0.00668
0.01205
0.02320
0.03952
0.05571
0.06924
0.08421
0.09607
0.10272
0.10298
0.09340
0.08660
0.08799
0.09788
0.11187
0.12793
0.14259
0.15420
0.16495
0.17170
0.17038
0.15919
0.14583
0.13654
0.12746
0.11818
0.10858
0.09846
0.08932
0.07986
0.07302
0.06926
0.06514
0.06096
0.05734
0.05205
0.04562
0.04945
0.05618
0.05935
0.06769
0.07776
0.08604
0.08609
0.08330
0.07971
0.07891
0.07811
0.07577
0.07136
0.06400
0.06921
0.07797
0.08529
0.08929
0.08987
0.08835
0.08418
0.07748
0.06536
0.05153
0.04044
0.04117
0.04089
0.03533
0.03627
0.03616
0.04744
0.06569
0.08275
0.10323
0.11473
0.12231
0.12747
0.13381
0.14138
0.14995
0.15788
0.16751
0.18502
0.21151
0.25950
0.29622
0.29471
0.27819
0.25409
0.23876
0.24022
0.24481
0.24181
0.23408
0.22508
0.21276
0.20957
0.19335
0.17519
0.14978
0.10592
0.07780
0.06468
0.06710
0.06394
0.05262
0.04324
0.02659
0.01758
0.01555
0.01490
0.02161
0.02333
0.00870
-0.00206
0.00907
0.01127
0.00607
0.00341
-0.00800
-0.01656
-0.01640
-0.01429
-0.00663
0.01210
0.02150
0.02597
0.02796
0.02405
0.01330
0.00539
-0.00131
-0.00725
0.00027
0.01165
0.02341
0.02662
0.02246
0.01003
-0.00068
-0.00868
-0.01793
-0.02653
-0.03529
-0.04492
-0.05468
-0.06118
-0.06659
-0.06468
-0.06561
-0.07099
-0.07516
-0.08324
-0.09976
-0.11557
-0.12940
-0.14551
-0.15810
-0.16795
-0.17971
-0.19533
-0.20815
-0.21818
-0.22992
-0.24318
-0.25742
-0.27066
-0.27975
-0.29001
-0.30485
-0.32572
-0.34430
-0.35169
-0.35507
-0.35578
-0.35533
-0.35275
-0.35308
-0.35662
-0.35800
-0.36317
-0.36738
-0.37029
-0.37104
-0.37237
-0.37605
-0.37428
-0.36970
-0.36025
-0.35090
-0.35017
-0.34998
-0.35288
-0.35788
-0.35633
-0.35227
-0.34353
-0.33863
-0.33749
-0.33665
-0.33894
-0.33720
-0.33780
-0.34057
-0.33773
-0.32894
-0.31952
-0.30938
-0.29779
-0.29046
-0.27944
-0.26529
-0.25391
-0.23688
-0.22144
-0.20873
-0.19689
-0.18851
-0.17417
-0.15677
-0.13947
-0.12186
-0.10189
-0.08167
-0.06648
-0.05123
-0.03936
-0.03086
-0.02458
-0.02203
-0.02225
-0.02638
-0.03040
-0.02939
-0.02080
-0.01467
-0.01225
-0.01073
-0.00806
-0.00361
-0.00010
0.00800
0.02028
0.03055
0.03569
0.04150
0.04163
0.04427
0.05478
0.06245
0.07112
0.07840
0.08613
0.09799
0.11124
0.11590
0.11178
0.10479
0.09893
0.09323
0.09051
0.09436
0.08862
0.08364
0.08443
0.08696
0.09414
0.10001
0.11012
0.12489
0.13819
0.15029
0.16881
0.18637
0.20431
0.22664
0.23921
0.24434
0.25590
0.26745
0.26925
0.26925
0.26555
0.25968
0.25481
0.24946
0.24278
0.24508
0.25592
0.25629
0.25094
0.24054
0.22304
0.20031
0.17763
0.15519
0.13398
0.12164
0.10524
0.09069
0.08684
0.08392
0.08227
0.08577
0.09429
0.11155
0.13060
0.14529
0.16386
0.17689
0.18770
0.20655
0.22437
0.24416
0.27395
0.30333
0.32682
0.35065
0.38815
0.43412
0.45417
0.45461
0.44568
0.43754
0.44632
0.46030
0.46223
0.45655
0.45527
0.44333
0.42769
0.40787
0.37914
0.34287
0.29545
0.25088
0.21868
0.19936
0.18234
0.16149
0.13888
0.11040
0.07873
0.06324
0.05505
0.04912
0.04804
0.03251
0.01742
0.02147
0.02946
0.03106
0.03139
0.02285
0.01250
0.02216
0.03399
0.04607
0.06847
0.09072
0.10934
0.11771
0.11326
0.09685
0.08199
0.07553
0.07563
0.08569
0.10352
0.11907
0.12628
0.12096
0.10442
0.08912
0.07415
0.05906
0.04072
0.02209
0.00651
-0.00938
-0.02748
-0.04473
-0.05932
-0.07527
-0.08944
-0.10386
-0.12107
-0.14161
-0.15908
-0.17779
-0.19464
-0.20144
-0.20389
-0.20276
-0.20085
-0.19885
-0.20355
-0.21208
-0.21928
-0.22823
-0.24225
-0.25951
-0.27461
-0.29099
-0.30801
-0.32416
-0.33801
-0.34355
-0.34406
-0.34565
-0.34992
-0.35572
-0.35776
-0.36060
-0.36750
-0.37707
-0.38349
-0.38761
-0.39145
-0.39078
-0.38308
-0.37516
-0.37590
-0.38027
-0.38959
-0.39743
-0.40095
-0.40049
-0.39728
-0.39702
-0.39801
-0.39903
-0.40229
-0.40440
-0.40220
-0.40059
-0.39566
-0.38616
-0.36870
-0.35035
-0.33933
-0.32996
-0.32179
-0.31297
-0.30131
-0.28973
-0.27781
-0.26230
-0.24551
-0.22861
-0.21418
-0.19989
-0.18521
-0.16942
-0.15033
-0.12945
-0.11133
-0.09837
-0.08759
-0.08311
-0.07915
-0.07594
-0.07832
-0.08565
-0.09463
-0.10127
-0.11035
-0.11178
-0.10669
-0.10589
-0.10409
-0.10072
-0.09554
-0.08752
-0.07421
-0.05932
-0.05040
-0.04300
-0.03082
-0.02247
-0.02255
-0.02133
-0.01571
0.00107
0.01899
0.03652
0.05623
0.07145
0.08769
0.09584
0.09968
0.10251
0.10466
0.10440
0.10088
0.10504
0.10765
0.10914
0.11397
0.12051
0.13067
0.13870
0.14565
0.15478
0.16364
0.16585
0.17020
0.18705
0.20737
0.22659
0.24437
0.25747
0.26980
0.27853
0.28241
0.27774
0.26365
0.25431
0.24285
0.23572
0.23319
0.23354
0.23419
0.23174
0.22880
0.21202
0.18427
0.14795
0.11577
0.08730
0.06969
0.06496
0.06284
0.06624
0.07058
0.07762
0.08253
0.08498
0.08850
0.09689
0.10789
0.11837
0.13283
0.15025
0.16345
0.17997
0.19801
0.21481
0.23672
0.25513
0.27198
0.29075
0.31733
0.35568
0.39437
0.41807
0.43010
0.42775
0.42443
0.43643
0.44006
0.43099
0.41386
0.38958
0.36111
0.33731
0.31119
0.28436
0.25248
0.21010
0.18517
0.16594
0.15427
0.14084
0.11612
0.09482
0.06783
0.04897
0.03661
0.02626
0.02732
0.02922
0.02025
0.01924
0.03079
0.03532
0.03957
0.03882
0.03381
0.03628
0.03999
0.04335
0.06209
0.08738
0.10438
0.11876
0.12257
0.11520
0.10135
0.08958
0.07703
0.07153
0.07489
0.08167
0.08779
0.08542
0.07949
0.07176
0.06533
0.04938
0.03831
0.02675
0.01494
0.00648
-0.00298
-0.00816
-0.01482
-0.01580
-0.02095
-0.02541
-0.03576
-0.05276
-0.06732
-0.08298
-0.09896
-0.11374
-0.12533
-0.13873
-0.15153
-0.16252
-0.17739
-0.19408
-0.20661
-0.21768
-0.22706
-0.23735
-0.24754
-0.25815
-0.27215
-0.28058
-0.28906
-0.29616
-0.29860
-0.30225
-0.30380
-0.30616
-0.30904
-0.31228
-0.31527
-0.32306
-0.32980
-0.33628
-0.34424
-0.35278
-0.35919
-0.35452
-0.35652
-0.35831
-0.35703
-0.36077
-0.36269
-0.36069
-0.35952
-0.36092
-0.36303
-0.35899
-0.35209
-0.34148
-0.32047
-0.30479
-0.29303
-0.28165
-0.27310
-0.26607
-0.25873
-0.24809
-0.23003
-0.20702
-0.18129
-0.15394
-0.13362
-0.12203
-0.11441
-0.10879
-0.10572
-0.09753
-0.08309
-0.06700
-0.04887
-0.03347
-0.02054
-0.00872
0.00102
0.01058
0.01977
0.02945
0.03448
0.03391
0.02802
0.02268
0.01480
0.00995
0.01046
0.00860
0.00809
0.00771
0.01463
0.02097
0.02904
0.03046
0.02587
0.01925
0.00692
-0.00034
-0.00029
0.00928
0.02004
0.03331
0.04382
0.04728
0.04769
0.05353
0.05907
0.06789
0.08053
0.08599
0.09164
0.10366
0.12588
0.15190
0.17465
0.18491
0.18308
0.17278
0.17329
0.16441
0.14021
0.12853
0.11351
0.10261
0.10225
0.11310
0.13825
0.17296
0.19883
0.21679
0.23727
0.24978
0.26391
0.27227
0.27601
0.28506
0.29519
0.30404
0.31041
0.31078
0.30000
0.28304
0.26282
0.25101
0.23604
0.21179
0.18874
0.16471
0.14348
0.12721
0.11671
0.10806
0.10091
0.09251
0.08877
0.09009
0.08878
0.08895
0.09125
0.09546
0.10517
0.12011
0.13390
0.14734
0.16137
0.17292
0.18359
0.19514
0.20710
0.22042
0.23612
0.26399
0.29684
0.30996
0.32259
0.33157
0.31803
0.31136
0.31167
0.29982
0.28074
0.26645
0.25420
0.24439
0.22956
0.20568
0.17373
0.13329
0.10405
0.09021
0.08977
0.09207
0.08584
0.07041
0.05114
0.03330
0.02747
0.03114
0.03784
0.04406
0.04018
0.03689
0.04565
0.05497
0.05084
0.04603
0.03933
0.04036
0.04824
0.05261
0.06361
0.07584
0.09200
0.10785
0.11571
0.11171
0.10078
0.08663
0.07101
0.06740
0.07066
0.07692
0.08208
0.08160
0.07613
0.06578
0.05656
0.04758
0.04062
0.03455
0.02727
0.01760
0.00608
-0.00391
-0.01005
-0.01969
-0.02439
-0.01295
0.00072
0.00561
-0.00260
-0.02043
-0.04922
-0.07244
-0.08032
-0.09634
-0.12558
-0.15495
-0.18503
-0.21950
-0.25073
-0.26974
-0.28569
-0.29698
-0.30124
-0.31125
-0.32467
-0.33443
-0.33971
-0.34569
-0.34359
-0.33819
-0.33366
-0.32684
-0.32018
-0.31926
-0.32382
-0.32198
-0.31659
-0.30865
-0.30160
-0.29578
-0.29404
-0.29348
-0.29149
-0.28859
-0.28040
-0.27018
-0.25937
-0.25081
-0.24360
-0.23619
-0.22577
-0.21665
-0.20720
-0.19457
-0.18027
-0.16423
-0.15108
-0.14114
-0.13361
-0.12585
-0.11788
-0.10962
-0.10118
-0.09175
-0.08272
-0.07358
-0.06416
-0.05247
-0.03822
-0.02755
-0.02156
-0.01657
-0.00849
0.00242
0.01422
0.02498
0.04080
0.05818
0.07325
0.08534
0.08967
0.08889
0.08851
0.08879
0.08983
0.09501
0.09438
0.08803
0.08448
0.08233
0.08037
0.08075
0.08055
0.07692
0.07227
0.06211
0.04766
0.03216
0.02081
0.01276
0.00775
0.01408
0.02068
0.02451
0.03098
0.03484
0.03664
0.04217
0.04799
0.05297
0.05930
0.06478
0.06883
0.07541
0.08391
0.08970
0.09304
0.09474
0.10210
0.11500
0.13431
0.15774
0.18193
0.19995
0.21427
0.22813
0.23394
0.23883
0.24771
0.26711
0.29114
0.31489
0.32939
0.33626
0.33674
0.32554
0.31585
0.30244
0.28706
0.28103
0.27987
0.27749
0.27846
0.27328
0.25231
0.22646
0.19787
0.16142
0.12313
0.09106
0.06180
0.03742
0.02095
0.00544
-0.00691
-0.01805
-0.02990
-0.03869
-0.04913
-0.05714
-0.05981
-0.05868
-0.05148
-0.04054
-0.02631
-0.01182
0.00143
0.01613
0.02798
0.04162
0.05415
0.06524
0.07850
0.09158
0.11276
0.12943
0.14156
0.15834
0.17036
0.17945
0.18233
0.18341
0.18858
0.18766
0.18812
0.19030
0.18973
0.18445
0.17426
0.16296
0.13938
0.11586
0.10722
0.10813
0.11036
0.10757
0.09877
0.08188
0.06983
0.06930
0.06545
0.06462
0.06856
0.05941
0.04954
0.05586
0.06166
0.05830
0.05186
0.03566
0.02148
0.01847
0.01878
0.02796
0.04617
0.06307
0.07756
0.08721
0.08043
0.06474
0.05011
0.03681
0.02854
0.02674
0.03618
0.05071
0.05814
0.05382
0.04258
0.03119
0.02245
0.01336
0.00441
-0.00181
-0.01035
-0.01795
-0.02216
-0.02167
-0.02350
-0.02894
-0.03927
-0.05662
-0.07850
-0.09529
-0.11189
-0.13436
-0.14480
-0.15322
-0.16406
-0.17628
-0.18999
-0.20528
-0.22222
-0.23547
-0.24357
-0.25150
-0.26071
-0.26803
-0.27773
-0.28814
-0.29471
-0.29904
-0.30580
-0.30581
-0.30146
-0.29746
-0.29964
-0.30530
-0.30946
-0.31661
-0.31773
-0.31416
-0.31069
-0.31045
-0.31059
-0.31069
-0.30665
-0.29365
-0.28113
-0.27042
-0.26294
-0.25564
-0.24580
-0.23568
-0.22311
-0.20570
-0.18437
-0.16282
-0.14287
-0.12688
-0.11554
-0.10742
-0.09841
-0.09141
-0.08084
-0.06175
-0.04298
-0.03014
-0.02134
-0.01670
-0.01099
-0.00407
0.00012
0.00905
0.01848
0.02891
0.04299
0.05226
0.05607
0.06248
0.06481
0.06708
0.06999
0.07011
0.07111
0.07346
0.07525
0.07306
0.07164
0.06665
0.05893
0.04801
0.04318
0.04499
0.04727
0.04315
0.03286
0.02395
0.01389
0.00649
0.00089
0.00228
-0.00028
-0.00872
-0.01457
-0.01955
-0.01725
-0.00901
-0.00440
-0.00186
0.00381
0.01035
0.01936
0.02480
0.03104
0.04282
0.05729
0.07370
0.08796
0.10480
0.12341
0.14308
0.16394
0.18195
0.19663
0.21141
0.22802
0.25125
0.27885
0.30271
0.32199
0.33559
0.34040
0.33775
0.33690
0.33511
0.33399
0.33430
0.33027
0.32854
0.32762
0.32293
0.32032
0.31516
0.30659
0.30008
0.29432
0.28873
0.28005
0.27147
0.26201
0.24866
0.23414
0.20936
0.17875
0.15250
0.12383
0.10293
0.08550
0.06732
0.04781
0.02751
0.01433
0.00141
-0.00452
-0.01269
-0.02114
-0.02706
-0.03309
-0.03382
-0.04091
-0.04585
-0.04586
-0.04474
-0.04042
-0.03474
-0.03028
-0.02854
-0.01945
-0.00559
0.01583
0.03473
0.03854
0.03975
0.03624
0.03867
0.05159
0.06175
0.06053
0.05961
0.06445
0.06504
0.06663
0.06173
0.05083
0.03280
0.01744
0.01517
0.01963
0.02783
0.02473
0.01593
0.00129
-0.01560
-0.02128
-0.02050
-0.01873
-0.02183
-0.03492
-0.04750
-0.04032
-0.03146
-0.03164
-0.03296
-0.04394
-0.04770
-0.04123
-0.04054
-0.03458
-0.02227
-0.01136
-0.00271
0.00192
0.00262
-0.00111
-0.01112
-0.01937
-0.02166
-0.01283
0.00252
0.00984
0.00756
-0.00210
-0.01216
-0.02271
-0.03629
-0.05453
-0.06709
-0.07655
-0.07914
-0.07746
-0.07795
-0.06862
-0.06245
-0.06240
-0.06848
-0.07691
-0.08508
-0.09560
-0.10853
-0.12125
-0.12416
-0.12226
-0.12837
-0.14191
-0.15404
-0.16707
-0.18098
-0.18736
-0.18980
-0.19126
-0.19102
-0.19394
-0.20034
-0.20958
-0.21993
-0.23138
-0.23954
-0.24357
-0.24119
-0.23921
-0.24120
-0.23973
-0.24060
-0.24651
-0.25312
-0.25303
-0.25102
-0.24561
-0.23850
-0.23339
-0.22537
-0.21732
-0.20766
-0.19704
-0.18367
-0.16901
-0.15615
-0.14560
-0.13407
-0.11513
-0.10105
-0.08786
-0.07110
-0.05662
-0.03891
-0.02636
-0.01351
0.00015
0.00897
0.01720
0.02593
0.03366
0.03981
0.04864
0.05464
0.06211
0.06937
0.07299
0.07430
0.07554
0.07900
0.08549
0.09522
0.10376
0.11101
0.11441
0.11935
0.11952
0.11707
0.11518
0.11105
0.10535
0.09773
0.09641
0.09588
0.09195
0.08556
0.07482
0.06324
0.05656
0.05023
0.04519
0.04053
0.03450
0.03065
0.02300
0.01376
0.00992
0.00632
0.00488
0.00679
0.01095
0.01866
0.02278
0.03199
0.04520
0.05766
0.07375
0.09151
0.11139
0.13255
0.14931
0.16020
0.16790
0.17762
0.19516
0.21069
0.22385
0.24048
0.25471
0.26810
0.27509
0.27806
0.28509
0.28618
0.28691
0.29319
0.30334
0.31641
0.32960
0.34642
0.36227
0.37522
0.38059
0.37735
0.37803
0.37451
0.37179
0.37010
0.36321
0.36086
0.35709
0.35821
0.36168
0.36062
0.35496
0.35028
0.33724
0.30977
0.28934
0.26691
0.23823
0.21334
0.19106
0.16723
0.14357
0.12089
0.09256
0.06195
0.03343
0.00655
-0.01745
-0.03831
-0.05567
-0.07102
-0.08365
-0.09258
-0.10073
-0.10654
-0.11335
-0.12348
-0.13310
-0.13571
-0.13111
-0.12080
-0.10311
-0.09200
-0.08494
-0.07959
-0.07840
-0.06581
-0.05258
-0.04616
-0.04483
-0.04516
-0.04067
-0.03469
-0.03168
-0.03599
-0.04718
-0.07735
-0.09818
-0.09986
-0.10458
-0.11137
-0.12206
-0.13235
-0.14932
-0.15396
-0.15902
-0.17054
-0.16445
-0.16967
-0.18788
-0.19545
-0.19478
-0.20198
-0.21514
-0.22926
-0.24357
-0.24362
-0.23894
-0.23584
-0.22519
-0.21573
-0.20614
-0.19631
-0.19209
-0.19289
-0.19152
-0.19323
-0.19634
-0.19138
-0.18390
-0.17428
-0.17150
-0.17305
-0.17360
-0.17711
-0.18010
-0.18230
-0.19280
-0.19858
-0.19897
-0.20021
-0.19369
-0.18314
-0.16961
-0.15958
-0.14877
-0.14408
-0.14518
-0.14622
-0.15068
-0.16009
-0.16850
-0.17041
-0.17715
-0.18512
-0.19726
-0.20950
-0.22346
-0.23777
-0.24712
-0.26098
-0.27050
-0.27880
-0.28883
-0.29777
-0.30673
-0.31082
-0.31490
-0.31971
-0.31860
-0.31437
-0.31384
-0.31324
-0.31281
-0.31158
-0.30715
-0.30693
-0.30140
-0.29393
-0.28683
-0.27779
-0.27237
-0.26390
-0.25283
-0.24168
-0.23055
-0.21650
-0.20275
-0.19098
-0.17711
-0.16257
-0.14889
-0.13410
-0.12112
-0.10660
-0.09207
-0.07982
-0.06480
-0.05043
-0.03907
-0.02970
-0.01922
-0.01157
-0.00627
-0.00094
0.00250
0.00639
0.01494
0.02061
0.02486
0.02933
0.03257
0.03861
0.04318
0.05003
0.05410
0.05681
0.06097
0.06283
0.06492
0.06154
0.05613
0.05172
0.04471
0.04380
0.04314
0.03881
0.03616
0.03212
0.02889
0.02496
0.02254
0.02431
0.02744
0.02876
0.02729
0.01909
0.00754
-0.00172
-0.01193
-0.01340
-0.00660
0.00373
0.01519
0.02128
0.02365
0.02373
0.02809
0.03134
0.03650
0.04851
0.06218
0.07980
0.09451
0.10653
0.12221
0.14136
0.15657
0.16874
0.17904
0.19086
0.20921
0.22909
0.24732
0.26987
0.29166
0.30445
0.32135
0.33324
0.34572
0.36711
0.38567
0.41077
0.43895
0.45878
0.47095
0.47900
0.47942
0.47601
0.47487
0.46975
0.46507
0.45985
0.45187
0.44359
0.43412
0.42316
0.41675
0.40837
0.38302
0.35873
0.33180
0.30046
0.27027
0.23975
0.21479
0.19243
0.17037
0.14431
0.11979
0.09078
0.05985
0.03064
0.00655
-0.01069
-0.02047
-0.02410
-0.03022
-0.03486
-0.04121
-0.05000
-0.05906
-0.06444
-0.06653
-0.06197
-0.04819
-0.03235
-0.02252
-0.01569
-0.01106
-0.00237
0.01253
0.02558
0.03387
0.03308
0.03544
0.03901
0.04374
0.04229
0.03455
0.02637
0.01498
0.01054
0.01041
0.01147
0.00332
-0.00609
-0.01466
-0.02206
-0.01779
-0.01588
-0.01129
-0.01070
-0.02511
-0.03924
-0.04193
-0.04472
-0.05264
-0.05800
-0.07229
-0.08025
-0.08315
-0.08744
-0.08129
-0.07024
-0.05795
-0.05023
-0.04980
-0.06004
-0.07236
-0.08600
-0.10132
-0.10701
-0.10062
-0.09130
-0.08237
-0.07418
-0.06969
-0.07030
-0.07086
-0.06714
-0.06788
-0.06623
-0.06375
-0.06155
-0.05841
-0.05454
-0.04855
-0.04537
-0.04146
-0.04277
-0.04844
-0.05550
-0.06278
-0.06480
-0.06816
-0.06788
-0.06363
-0.06774
-0.07824
-0.08798
-0.09987
-0.11167
-0.11604
-0.12215
-0.12798
-0.13296
-0.14462
-0.15901
-0.17396
-0.18699
-0.19569
-0.20289
-0.20668
-0.20746
-0.21047
-0.21432
-0.22022
-0.22689
-0.23293
-0.23670
-0.23514
-0.23081
-0.22615
-0.22178
-0.21680
-0.21144
-0.20487
-0.19700
-0.18980
-0.18199
-0.17157
-0.16041
-0.15004
-0.13772
-0.12332
-0.10668
-0.08917
-0.07370
-0.06133
-0.04905
-0.03868
-0.02922
-0.01743
-0.00769
0.00216
0.00992
0.01758
0.02433
0.03009
0.03561
0.03697
0.03848
0.03947
0.04058
0.04236
0.04243
0.04350
0.04415
0.04202
0.03988
0.03728
0.03805
0.03886
0.03943
0.04099
0.03643
0.03244
0.02192
0.01092
0.00323
-0.00911
-0.01520
-0.02095
-0.02185
-0.02116
-0.02254
-0.02459
-0.02818
-0.03157
-0.03774
-0.03887
-0.04057
-0.05014
-0.06232
-0.07144
-0.08462
-0.09001
-0.09856
-0.11233
-0.12129
-0.14131
-0.15162
-0.15490
-0.15388
-0.13967
-0.12043
-0.10310
-0.08447
-0.06390
-0.04438
-0.01698
0.00901
0.03833
0.06945
0.09613
0.12275
0.14664
0.17057
0.19458
0.21908
0.23907
0.25748
0.26642
0.27462
0.29035
0.30627
0.32774
0.34246
0.35557
0.36613
0.36883
0.37124
0.37580
0.38204
0.39012
0.39456
0.38586
0.37406
0.35617
0.33554
0.31932
0.29839
0.27667
0.25807
0.23781
0.21191
0.18319
0.15466
0.12648
0.09446
0.06316
0.03333
0.00090
-0.03108
-0.06403
-0.09168
-0.11087
-0.12608
-0.13951
-0.15133
-0.16494
-0.17898
-0.19160
-0.20301
-0.21338
-0.21760
-0.21169
-0.20485
-0.19889
-0.18497
-0.16671
-0.15305
-0.13751
-0.12495
-0.11256
-0.09410
-0.07455
-0.05845
-0.04699
-0.03505
-0.01949
-0.00291
0.00788
0.01134
0.00734
-0.00002
-0.00295
0.00345
0.01221
0.01434
0.01307
0.01120
0.00347
0.00323
0.00497
0.00773
0.01588
0.01192
0.00309
0.00111
0.00354
-0.00068
-0.00495
-0.01891
-0.03158
-0.03189
-0.03846
-0.04271
-0.04516
-0.04845
-0.03745
-0.01350
0.00050
0.00216
-0.00955
-0.02786
-0.02806
-0.02577
-0.03028
-0.03471
-0.05122
-0.06133
-0.07129
-0.08825
-0.09964
-0.10864
-0.11334
-0.11841
-0.11213
-0.10021
-0.08894
-0.07050
-0.05347
-0.04146
-0.03306
-0.03085
-0.03082
-0.02546
-0.01608
-0.00443
0.01131
0.02679
0.03434
0.03359
0.02878
0.02194
0.01229
0.00285
-0.00582
-0.01181
-0.01508
-0.02060
-0.02855
-0.03648
-0.04433
-0.05713
-0.07035
-0.07852
-0.08541
-0.08900
-0.09294
-0.10162
-0.11213
-0.12193
-0.13016
-0.13680
-0.14019
-0.14499
-0.14870
-0.14875
-0.15008
-0.14983
-0.14899
-0.14793
-0.14338
-0.13699
-0.12976
-0.12125
-0.11193
-0.09993
-0.08463
-0.06910
-0.05171
-0.03415
-0.01585
0.00461
0.02368
0.04149
0.05588
0.06805
0.07947
0.09016
0.10162
0.11265
0.12236
0.13042
0.13375
0.13367
0.13029
0.12332
0.11949
0.11686
0.11670
0.11781
0.11661
0.11602
0.11416
0.11095
0.10625
0.10225
0.10042
0.09876
0.09445
0.08525
0.07165
0.05615
0.04177
0.03251
0.02828
0.02745
0.02842
0.02846
0.02860
0.02856
0.02846
0.02559
0.02148
0.01478
0.00559
-0.00284
-0.01126
-0.01954
-0.03032
-0.04162
-0.05491
-0.06628
-0.07195
-0.07742
-0.08044
-0.07943
-0.07643
-0.07025
-0.06010
-0.04414
-0.02635
-0.01057
0.00413
0.01942
0.03596
0.04789
0.05672
0.06748
0.08223
0.10063
0.11965
0.13633
0.14663
0.15087
0.15735
0.16563
0.17138
0.18328
0.19611
0.21057
0.22934
0.24076
0.25557
0.27365
0.28946
0.30445
0.31283
0.31423
0.30279
0.28370
0.26344
0.24301
0.22450
0.20588
0.18513
0.15647
0.12743
0.09706
0.06515
0.04192
0.01954
-0.00572
-0.03273
-0.06151
-0.09318
-0.12815
-0.16067
-0.18765
-0.21038
-0.22496
-0.23678
-0.25183
-0.27078
-0.29325
-0.31229
-0.32742
-0.33593
-0.33691
-0.33049
-0.32551
-0.32129
-0.31386
-0.30576
-0.29502
-0.28535
-0.27496
-0.25904
-0.23969
-0.21977
-0.19684
-0.17716
-0.15404
-0.13223
-0.11727
-0.10247
-0.09517
-0.09310
-0.09008
-0.08230
-0.07745
-0.07607
-0.07230
-0.06808
-0.06197
-0.05360
-0.05140
-0.05233
-0.05481
-0.06377
-0.06651
-0.06023
-0.05325
-0.05191
-0.05800
-0.06991
-0.07656
-0.08200
-0.08953
-0.09106
-0.09009
-0.08823
-0.08938
-0.09275
-0.10180
-0.10818
-0.11297
-0.12022
-0.11860
-0.11014
-0.10032
-0.09451
-0.08866
-0.08143
-0.07309
-0.06598
-0.06168
-0.05701
-0.05225
-0.04303
-0.03221
-0.02163
-0.00590
0.01241
0.02606
0.03586
0.04084
0.03680
0.03197
0.02910
0.02708
0.02783
0.03603
0.04401
0.04470
0.04577
0.04166
0.03335
0.02631
0.02310
0.01813
0.01149
0.00680
-0.00127
-0.00837
-0.01417
-0.02060
-0.02756
-0.03394
-0.04062
-0.04843
-0.05675
-0.06290
-0.06857
-0.07334
-0.07564
-0.07615
-0.07195
-0.06818
-0.06401
-0.05962
-0.05676
-0.05044
-0.04122
-0.03028
-0.01561
-0.00119
0.01105
0.02204
0.03235
0.04636
0.05965
0.07246
0.08546
0.09742
0.11202
0.12602
0.13873
0.15250
0.16516
0.17468
0.18311
0.19040
0.19424
0.19909
0.20541
0.21220
0.21811
0.22290
0.22857
0.23042
0.23292
0.23335
0.22855
0.22424
0.22198
0.21892
0.21747
0.21665
0.21422
0.21220
0.20798
0.20494
0.19990
0.19887
0.19964
0.19857
0.19828
0.19437
0.18865
0.18336
0.17952
0.17276
0.16501
0.15915
0.15384
0.14813
0.14667
0.14620
0.14134
0.13906
0.13638
0.13527
0.13859
0.13960
0.14087
0.13808
0.13173
0.12331
0.11853
0.11910
0.12015
0.12526
0.12608
0.12672
0.12989
0.13389
0.14023
0.14770
0.15295
0.15473
0.15238
0.15027
0.15388
0.16258
0.17909
0.19862
0.22004
0.23797
0.25064
0.26252
0.27312
0.28829
0.30503
0.31823
0.33285
0.34356
0.35790
0.37648
0.39776
0.42227
0.42809
0.42971
0.43192
0.42869
0.42625
0.40984
0.38573
0.36217
0.33446
0.30685
0.28055
0.25511
0.22929
0.20071
0.16930
0.13828
0.10748
0.07493
0.04083
0.00446
-0.02820
-0.05718
-0.08156
-0.10050
-0.12304
-0.14743
-0.17546
-0.20336
-0.22542
-0.25004
-0.27205
-0.28923
-0.30478
-0.31500
-0.32043
-0.32089
-0.32032
-0.32187
-0.32364
-0.32278
-0.31648
-0.30963
-0.29955
-0.28480
-0.27104
-0.26038
-0.25117
-0.23611
-0.22014
-0.20784
-0.19611
-0.18559
-0.17607
-0.16592
-0.15540
-0.14730
-0.14169
-0.13961
-0.14296
-0.14254
-0.14773
-0.16340
-0.17228
-0.18420
-0.19224
-0.19111
-0.18868
-0.18356
-0.18033
-0.17806
-0.17999
-0.17861
-0.17933
-0.18255
-0.18119
-0.18303
-0.18284
-0.17988
-0.18499
-0.19712
-0.20929
-0.22168
-0.22536
-0.21814
-0.20306
-0.18804
-0.18083
-0.17794
-0.17584
-0.17349
-0.17045
-0.16240
-0.15281
-0.14576
-0.13629
-0.12779
-0.12247
-0.11441
-0.11024
-0.10857
-0.10624
-0.10505
-0.10456
-0.10413
-0.10356
-0.10245
-0.09878
-0.09375
-0.09007
-0.08805
-0.08701
-0.08942
-0.08858
-0.08629
-0.08643
-0.08812
-0.08906
-0.09168
-0.09656
-0.10183
-0.10992
-0.11558
-0.12010
-0.11877
-0.11919
-0.12094
-0.11951
-0.12637
-0.13180
-0.13570
-0.13979
-0.14052
-0.13774
-0.13139
-0.12500
-0.11849
-0.11167
-0.10495
-0.10061
-0.09474
-0.08854
-0.07853
-0.06348
-0.04707
-0.03112
-0.01587
-0.00143
0.00784
0.01903
0.03091
0.04178
0.05516
0.06769
0.07812
0.09185
0.10580
0.11924
0.13165
0.14235
0.15455
0.16081
0.16465
0.16973
0.17344
0.18008
0.18965
0.19919
0.20644
0.20954
0.21198
0.21061
0.20865
0.20540
0.20058
0.19868
0.19545
0.19160
0.18982
0.18877
0.18466
0.18300
0.18182
0.18095
0.18185
0.18274
0.18081
0.17627
0.17066
0.16271
0.15533
0.14789
0.14560
0.14356
0.14340
0.14542
0.14556
0.14774
0.14793
0.14907
0.14925
0.14837
0.14769
0.14540
0.14343
0.13928
0.13314
0.12906
0.12940
0.13554
0.14481
0.15212
0.15880
0.16421
0.17093
0.18144
0.19402
0.20566
0.21513
0.23020
0.24921
0.26847
0.28887
0.31127
0.33258
0.34970
0.36578
0.38148
0.39922
0.41207
0.42364
0.43790
0.44881
0.46000
0.46555
0.47110
0.47572
0.47915
0.48530
0.48826
0.48909
0.48622
0.48386
0.47501
0.46518
0.45353
0.43485
0.41242
0.37646
0.34187
0.31116
0.27521
0.23797
0.20012
0.16123
0.12339
0.08777
0.05785
0.03178
0.00803
-0.00996
-0.03016
-0.05374
-0.08218
-0.11093
-0.13589
-0.15816
-0.17412
-0.18668
-0.20237
-0.21811
-0.22748
-0.23693
-0.24362
-0.25163
-0.26090
-0.26464
-0.26671
-0.26569
-0.26592
-0.26422
-0.25813
-0.25154
-0.24266
-0.23449
-0.23091
-0.22976
-0.22870
-0.22325
-0.21536
-0.20972
-0.20330
-0.19975
-0.19772
-0.19643
-0.19477
-0.19547
-0.19502
-0.19296
-0.19392
-0.18547
-0.17546
-0.16774
-0.16662
-0.17211
-0.17940
-0.18398
-0.18349
-0.18842
-0.19232
-0.20001
-0.21017
-0.21936
-0.23487
-0.25520
-0.27686
-0.29567
-0.30993
-0.31916
-0.32445
-0.32397
-0.32023
-0.31450
-0.30625
-0.29923
-0.29319
-0.28735
-0.28281
-0.27774
-0.26814
-0.25898
-0.24847
-0.23354
-0.21964
-0.21191
-0.21073
-0.21156
-0.21573
-0.21624
-0.21245
-0.20670
-0.19847
-0.19068
-0.18734
-0.18852
-0.19035
-0.19273
-0.19354
-0.19324
-0.19020
-0.18689
-0.18410
-0.18122
-0.18217
-0.18427
-0.18341
-0.18649
-0.19036
-0.19163
-0.19414
-0.19410
-0.19343
-0.19186
-0.19154
-0.19092
-0.19109
-0.19302
-0.19451
-0.19615
-0.19614
-0.19539
-0.19064
-0.18536
-0.17927
-0.17257
-0.16670
-0.16000
-0.15533
-0.14666
-0.13582
-0.12413
-0.11074
-0.09961
-0.08984
-0.08026
-0.07060
-0.06222
-0.05283
-0.04214
-0.03125
-0.01918
-0.00762
0.00161
0.01226
0.02561
0.03869
0.04935
0.05841
0.06840
0.07372
0.07965
0.08581
0.08882
0.09573
0.10344
0.11183
0.11942
0.12648
0.12930
0.12914
0.12852
0.12758
0.12968
0.13125
0.13355
0.13490
0.13578
0.13482
0.13273
0.13067
0.12999
0.13261
0.13487
0.13838
0.13945
0.13693
0.13502
0.13021
0.12746
0.12828
0.12871
0.13203
0.13528
0.13851
0.14215
0.14664
0.15048
0.15079
0.15120
0.15132
0.15161
0.15324
0.15165
0.14859
0.14748
0.15004
0.15629
0.16462
0.17544
0.18290
0.18622
0.18621
0.18601
0.19457
0.20879
0.22747
0.24860
0.26860
0.28493
0.29602
0.30506
0.31789
0.33599
0.35071
0.36800
0.38497
0.40167
0.41529
0.42391
0.43360
0.44109
0.44692
0.44774
0.45134
0.45501
0.46044
0.46535
0.46767
0.46883
0.46665
0.46455
0.45955
0.45089
0.42967
0.40200
0.37093
0.33681
0.30324
0.26790
0.23395
0.20214
0.17527
0.15308
0.13306
0.11244
0.09318
0.07167
0.04816
0.02733
0.00426
-0.01735
-0.03601
-0.05245
-0.06828
-0.08381
-0.09894
-0.11392
-0.12810
-0.14445
-0.15964
-0.17214
-0.18069
-0.18459
-0.18487
-0.18529
-0.18700
-0.19022
-0.19248
-0.19132
-0.19103
-0.18881
-0.18416
-0.17940
-0.17490
-0.16604
-0.15682
-0.14825
-0.13819
-0.13011
-0.12350
-0.12151
-0.12295
-0.12775
-0.13152
-0.13736
-0.14014
-0.13491
-0.13008
-0.12628
-0.12609
-0.13071
-0.13704
-0.14121
-0.14826
-0.14963
-0.14630
-0.14511
-0.14287
-0.14639
-0.15583
-0.16800
-0.17915
-0.18809
-0.19272
-0.19210
-0.19105
-0.19592
-0.20742
-0.21924
-0.22621
-0.22590
-0.22063
-0.21745
-0.21647
-0.21394
-0.21309
-0.21429
-0.21232
-0.20871
-0.20610
-0.20119
-0.19797
-0.19739
-0.19617
-0.19550
-0.19294
-0.18663
-0.17888
-0.17277
-0.16646
-0.16200
-0.16221
-0.16379
-0.16697
-0.16979
-0.17188
-0.16992
-0.16738
-0.16557
-0.16112
-0.15962
-0.15940
-0.15925
-0.15857
-0.15777
-0.15850
-0.16252
-0.16543
-0.16818
-0.16963
-0.16676
-0.16581
-0.16425
-0.16232
-0.16320
-0.16418
-0.16581
-0.16904
-0.16843
-0.16502
-0.15872
-0.15002
-0.13589
-0.12185
-0.11390
-0.10524
-0.10105
-0.09682
-0.08938
-0.08204
-0.07247
-0.06351
-0.05626
-0.04927
-0.04193
-0.03409
-0.02719
-0.02032
-0.01330
-0.00804
-0.00107
0.00612
0.01380
0.02466
0.03425
0.04429
0.05337
0.06217
0.06942
0.07308
0.07797
0.08443
0.09088
0.09732
0.10391
0.10721
0.11148
0.11207
0.10847
0.10684
0.10611
0.10694
0.10641
0.10761
0.11093
0.11174
0.11083
0.11122
0.11278
0.11568
0.11962
0.12695
0.13258
0.13278
0.13310
0.13115
0.13098
0.13451
0.13762
0.14154
0.14607
0.14798
0.14903
0.15047
0.15206
0.15533
0.15518
0.15226
0.14965
0.14892
0.14924
0.14663
0.13937
0.13198
0.12521
0.12041
0.11952
0.11615
0.11846
0.12327
0.12911
0.13712
0.14281
0.15010
0.15695
0.16169
0.16730
0.17602
0.18430
0.20169
0.22293
0.24542
0.27137
0.29640
0.32141
0.33973
0.35619
0.36609
0.37406
0.37997
0.37928
0.37674
0.37126
0.36610
0.36006
0.35322
0.34174
0.32914
0.31495
0.29766
0.27496
0.24939
0.21815
0.17980
0.14725
0.11642
0.09542
0.07881
0.06103
0.04630
0.02605
0.00490
-0.01319
-0.03016
-0.04323
-0.05177
-0.05998
-0.06821
-0.07611
-0.08176
-0.08548
-0.08851
-0.09066
-0.09323
-0.09631
-0.10124
-0.10814
-0.11563
-0.12405
-0.13000
-0.13277
-0.13515
-0.13777
-0.14295
-0.14918
-0.15353
-0.15578
-0.15473
-0.15209
-0.14662
-0.14115
-0.13740
-0.13364
-0.13657
-0.14090
-0.14437
-0.14743
-0.14847
-0.15075
-0.15358
-0.15332
-0.15239
-0.15420
-0.15425
-0.15392
-0.15193
-0.14579
-0.14060
-0.13745
-0.13381
-0.13107
-0.12708
-0.12417
-0.12145
-0.11742
-0.11517
-0.11355
-0.11437
-0.11492
-0.11586
-0.11800
-0.12090
-0.12583
-0.13332
-0.14129
-0.15174
-0.16525
-0.17089
-0.17086
-0.16865
-0.16612
-0.16442
-0.16597
-0.16998
-0.17257
-0.17855
-0.18115
-0.18031
-0.17618
-0.17096
-0.16476
-0.15810
-0.15382
-0.14880
-0.14529
-0.13948
-0.13274
-0.12568
-0.11816
-0.11117
-0.10627
-0.10342
-0.10381
-0.10467
-0.10692
-0.11019
-0.11022
-0.11056
-0.11034
-0.11220
-0.11441
-0.11780
-0.12332
-0.12866
-0.13383
-0.13788
-0.14059
-0.14001
-0.13762
-0.13598
-0.13275
-0.13159
-0.13234
-0.13133
-0.13110
-0.12960
-0.12601
-0.11845
-0.10645
-0.09331
-0.08118
-0.07008
-0.06166
-0.05722
-0.05072
-0.04339
-0.03775
-0.02933
-0.02328
-0.01980
-0.01746
-0.01462
-0.01307
-0.01153
-0.00586
-0.00133
0.00177
0.00379
0.01024
0.01632
0.02419
0.03392
0.04056
0.04851
0.05332
0.05604
0.05858
0.06237
0.06895
0.07584
0.08619
0.10076
0.11409
0.12674
0.13708
0.14284
0.14466
0.14301
0.14035
0.13610
0.12681
0.11709
0.10802
0.09543
0.08291
0.07211
0.05835
0.04902
0.04737
0.04660
0.04688
0.04527
0.04558
0.04926
0.05509
0.06277
0.07113
0.07925
0.08978
0.09965
0.10622
0.11253
0.11696
0.12213
0.12651
0.12917
0.12902
0.12423
0.11555
0.10449
0.08959
0.07586
0.06705
0.06244
0.06640
0.07426
0.08042
0.08696
0.09278
0.09427
0.09728
0.10433
0.11154
0.12164
0.13423
0.14999
0.17051
0.19491
0.22128
0.24296
0.25906
0.27144
0.28249
0.29056
0.29787
0.30412
0.30367
0.30011
0.29327
0.28442
0.27884
0.27845
0.28094
0.27590
0.26190
0.24465
0.22106
0.19733
0.17956
0.15870
0.13338
0.11281
0.09378
0.07637
0.05990
0.04022
0.02184
0.00095
-0.01789
-0.02993
-0.03868
-0.04599
-0.05364
-0.06425
-0.07717
-0.08884
-0.09990
-0.10769
-0.11608
-0.12596
-0.13533
-0.14380
-0.15075
-0.16137
-0.17058
-0.18151
-0.19503
-0.20549
-0.21427
-0.21915
-0.22131
-0.22326
-0.22394
-0.22358
-0.21990
-0.21166
-0.20313
-0.19233
-0.18509
-0.18145
-0.18022
-0.17933
-0.17187
-0.16197
-0.14898
-0.13746
-0.12984
-0.12528
-0.12290
-0.12120
-0.11934
-0.11507
-0.10819
-0.09917
-0.09202
-0.08589
-0.08130
-0.08182
-0.08192
-0.08237
-0.08241
-0.07762
-0.07332
-0.06766
-0.06259
-0.06259
-0.06712
-0.07230
-0.07586
-0.07668
-0.07362
-0.07565
-0.08295
-0.09105
-0.10227
-0.11401
-0.11709
-0.11466
-0.11391
-0.11390
-0.11622
-0.12034
-0.12675
-0.13164
-0.13352
-0.13270
-0.12570
-0.11897
-0.11254
-0.10643
-0.10392
-0.09913
-0.09338
-0.08891
-0.08046
-0.07263
-0.06614
-0.05922
-0.05549
-0.05231
-0.05048
-0.04854
-0.04521
-0.03988
-0.03488
-0.02969
-0.02261
-0.01738
-0.01155
-0.00469
0.00177
0.00515
0.00397
0.00341
0.00400
0.00426
0.00667
0.01018
0.01448
0.01728
0.02138
0.02379
0.02369
0.02357
0.02049
0.01948
0.02054
0.02490
0.02976
0.03543
0.03924
0.03974
0.03821
0.03524
0.03506
0.03515
0.03551
0.03581
0.03688
0.03945
0.04343
0.04601
0.04972
0.05466
0.05927
0.06364
0.06840
0.07279
0.07825
0.08840
0.10069
0.11330
0.12151
0.12892
0.13463
0.13918
0.14372
0.14896
0.15821
0.16861
0.17706
0.18339
0.18940
0.19175
0.19225
0.18871
0.18350
0.17932
0.17295
0.16802
0.16509
0.16274
0.16133
0.16018
0.15987
0.16004
0.16124
0.16524
0.16758
0.16921
0.16672
0.16170
0.16001
0.15568
0.15335
0.15211
0.14912
0.14525
0.14065
0.13691
0.13538
0.13776
0.13703
0.13640
0.13496
0.12907
0.12307
0.11717
0.10980
0.10129
0.09540
0.09359
0.09550
0.09957
0.10406
0.10359
0.10384
0.10651
0.10683
0.11178
0.12176
0.13758
0.15480
0.17109
0.18981
0.20601
0.22055
0.23249
0.23735
0.23574
0.23319
0.22795
0.22144
0.21800
0.21623
0.21397
0.20841
0.20303
0.19125
0.17334
0.15782
0.14145
0.12123
0.10405
0.09282
0.08483
0.08213
0.08683
0.08726
0.07589
0.05591
0.03561
0.01760
-0.00918
-0.03483
-0.07268
-0.11077
-0.13332
-0.14905
-0.14824
-0.15197
-0.15754
-0.16270
-0.17380
-0.18412
-0.19559
-0.20636
-0.21699
-0.22849
-0.23976
-0.24960
-0.25808
-0.26215
-0.26591
-0.27288
-0.28013
-0.28521
-0.28574
-0.28391
-0.27974
-0.27495
-0.27320
-0.27321
-0.27094
-0.26708
-0.26461
-0.25904
-0.25726
-0.25466
-0.24923
-0.24265
-0.23129
-0.22150
-0.21063
-0.20141
-0.19461
-0.19065
-0.18779
-0.18433
-0.17820
-0.17216
-0.16447
-0.15496
-0.14982
-0.14511
-0.14030
-0.13583
-0.13313
-0.12927
-0.12669
-0.12532
-0.12137
-0.11780
-0.11754
-0.11994
-0.12634
-0.13507
-0.14124
-0.14526
-0.15225
-0.16160
-0.17160
-0.18329
-0.19393
-0.20113
-0.20141
-0.20000
-0.19674
-0.19419
-0.19454
-0.19454
-0.19410
-0.19098
-0.18768
-0.18090
-0.17105
-0.16121
-0.15007
-0.14018
-0.12942
-0.11829
-0.10613
-0.09447
-0.08380
-0.07114
-0.06116
-0.05107
-0.04040
-0.03305
-0.02809
-0.02216
-0.01761
-0.01280
-0.00703
-0.00157
0.00587
0.01401
0.02269
0.03076
0.03721
0.04002
0.04016
0.03689
0.03449
0.03504
0.03563
0.03861
0.04252
0.04589
0.04663
0.04417
0.04250
0.04039
0.03963
0.04187
0.04467
0.04952
0.05474
0.05950
0.06297
0.06286
0.06334
0.06648
0.07029
0.07436
0.07673
0.07721
0.07874
0.08299
0.08946
0.09586
0.10173
0.10852
0.11147
0.11414
0.11701
0.11941
0.12668
0.13645
0.14746
0.15907
0.16836
0.17389
0.17941
0.18231
0.18657
0.19305
0.19983
0.20956
0.22073
0.22956
0.23708
0.24546
0.24980
0.25152
0.25265
0.25369
0.25263
0.25375
0.25563
0.25635
0.25805
0.25681
0.25662
0.25888
0.26102
0.26498
0.26852
0.26632
0.26152
0.25770
0.25492
0.25507
0.25596
0.25465
0.25227
0.24799
0.24272
0.24067
0.24250
0.24357
0.24326
0.24218
0.24014
0.23873
0.23925
0.23885
0.23625
0.23584
0.23232
0.22851
0.23121
0.23386
0.23928
0.24680
0.25562
0.25934
0.25402
0.25361
0.25194
0.24789
0.24478
0.24292
0.24038
0.23812
0.23848
0.23450
0.23113
0.22642
0.22415
0.22167
0.21549
0.21328
0.20304
0.18718
0.16803
0.14373
0.12915
0.11791
0.10850
0.10313
0.09722
0.09412
0.09318
0.09153
0.08672
0.08050
0.07269
0.06296
0.05219
0.04296
0.03299
0.02120
0.00484
-0.01435
-0.03157
-0.04911
-0.06243
-0.07090
-0.07761
-0.08648
-0.09538
-0.10349
-0.11405
-0.12626
-0.14073
-0.15733
-0.17729
-0.19819
-0.21688
-0.23403
-0.25174
-0.26889
-0.28331
-0.29683
-0.30713
-0.31322
-0.31681
-0.32109
-0.32450
-0.32783
-0.32684
-0.32147
-0.31509
-0.30445
-0.30011
-0.29806
-0.30240
-0.31163
-0.31517
-0.31893
-0.31798
-0.31232
-0.30873
-0.30782
-0.30808
-0.30701
-0.30439
-0.29720
-0.28556
-0.27323
-0.25687
-0.24109
-0.22676
-0.21226
-0.20069
-0.19865
-0.20004
-0.19616
-0.19080
-0.18197
-0.17367
-0.17709
-0.18815
-0.19720
-0.20859
-0.21716
-0.22303
-0.23042
-0.23975
-0.25155
-0.26475
-0.27520
-0.28056
-0.28163
-0.27831
-0.27871
-0.27850
-0.27835
-0.28176
-0.28538
-0.28604
-0.28317
-0.27747
-0.27055
-0.26400
-0.25567
-0.24778
-0.23857
-0.22856
-0.21845
-0.20895
-0.19617
-0.18120
-0.16941
-0.16076
-0.15290
-0.14427
-0.13774
-0.13072
-0.12506
-0.12037
-0.11476
-0.10904
-0.10359
-0.09631
-0.09017
-0.08268
-0.07638
-0.07805
-0.07859
-0.07923
-0.07825
-0.07521
-0.07304
-0.07218
-0.07007
-0.06654
-0.06486
-0.06638
-0.06986
-0.07152
-0.07257
-0.07081
-0.06561
-0.05787
-0.05105
-0.04341
-0.03663
-0.03236
-0.02920
-0.02633
-0.02267
-0.01893
-0.01358
-0.00787
-0.00012
0.00926
0.01873
0.02876
0.03887
0.04846
0.05959
0.06778
0.07506
0.08513
0.09714
0.11368
0.12985
0.14354
0.15520
0.16519
0.17432
0.17970
0.18561
0.19593
0.20766
0.22163
0.23479
0.24637
0.25561
0.26624
0.27358
0.27652
0.28032
0.27904
0.27724
0.27699
0.27973
0.28434
0.28911
0.29437
0.29922
0.30266
0.30717
0.31374
0.31849
0.31847
0.31392
0.31062
0.30951
0.30999
0.31114
0.31225
0.31046
0.30553
0.29911
0.29445
0.29623
0.30038
0.30240
0.30284
0.30061
0.29783
0.29787
0.29623
0.29394
0.29170
0.28701
0.28462
0.28557
0.28961
0.29126
0.28995
0.29174
0.29026
0.28807
0.28761
0.28971
0.29505
0.29980
0.30685
0.31212
0.31761
0.32751
0.33544
0.34032
0.34644
0.34902
0.34202
0.33187
0.32098
0.30748
0.29513
0.28401
0.27114
0.26288
0.26366
0.26268
0.25670
0.24830
0.23794
0.22854
0.21722
0.20895
0.20260
0.18792
0.17095
0.15360
0.13415
0.11668
0.10182
0.08568
0.06771
0.05362
0.04340
0.03596
0.02918
0.02369
0.01372
-0.00247
-0.02019
-0.04188
-0.06348
-0.08491
-0.10437
-0.12186
-0.13841
-0.15331
-0.16860
-0.18633
-0.20825
-0.23134
-0.25393
-0.27331
-0.28755
-0.29588
-0.30219
-0.30912
-0.31373
-0.31516
-0.31200
-0.30718
-0.29874
-0.28917
-0.28522
-0.28074
-0.27473
-0.26600
-0.25341
-0.23852
-0.22376
-0.21293
-0.20647
-0.20431
-0.20301
-0.20196
-0.19912
-0.19410
-0.18928
-0.18679
-0.18672
-0.18948
-0.19518
-0.19878
-0.20105
-0.20267
-0.20069
-0.19590
-0.19337
-0.19352
-0.19749
-0.20607
-0.21524
-0.22348
-0.23044
-0.23844
-0.24931
-0.26202
-0.27654
-0.29193
-0.30253
-0.30545
-0.30360
-0.30261
-0.30318
-0.30595
-0.31048
-0.31365
-0.31522
-0.31389
-0.30931
-0.30072
-0.29285
-0.28619
-0.27945
-0.27275
-0.26424
-0.25303
-0.24012
-0.22945
-0.21754
-0.20550
-0.19495
-0.18618
-0.17884
-0.17170
-0.16729
-0.16169
-0.15654
-0.15306
-0.14949
-0.14506
-0.13691
-0.12945
-0.12298
-0.11840
-0.11940
-0.12367
-0.13133
-0.14033
-0.14593
-0.14767
-0.14709
-0.14387
-0.13933
-0.13859
-0.14250
-0.14579
-0.14641
-0.14581
-0.14441
-0.14188
-0.13604
-0.12945
-0.12540
-0.12256
-0.11999
-0.11822
-0.11344
-0.10681
-0.10320
-0.09688
-0.09039
-0.08365
-0.07589
-0.06552
-0.05296
-0.04032
-0.02505
-0.01424
-0.00543
0.00227
0.01239
0.02825
0.04721
0.06462
0.08280
0.10211
0.11478
0.12416
0.12794
0.13399
0.14620
0.15976
0.17547
0.19057
0.20475
0.21683
0.22745
0.23415
0.23634
0.23901
0.24196
0.24375
0.24529
0.24665
0.24750
0.24617
0.24430
0.24327
0.24310
0.24754
0.25211
0.25575
0.25606
0.25148
0.24758
0.24712
0.24854
0.25157
0.25351
0.24870
0.24536
0.24002
0.23505
0.23501
0.23796
0.24371
0.24612
0.24647
0.24526
0.24338
0.23987
0.23600
0.23119
0.22741
0.23047
0.23711
0.24567
0.25542
0.26338
0.26890
0.27122
0.26968
0.26746
0.26837
0.26915
0.27404
0.28361
0.29197
0.30598
0.32080
0.32372
0.31959
0.31109
0.29800
0.29060
0.28849
0.29106
0.29451
0.29478
0.29470
0.29076
0.28415
0.27962
0.27485
0.26953
0.26562
0.26170
0.26145
0.26185
0.26087
0.25659
0.24502
0.23167
0.21967
0.20793
0.19750
0.18753
0.17666
0.16649
0.15617
0.14617
0.13783
0.12747
0.11275
0.09579
0.07618
0.05478
0.03536
0.01921
0.00459
-0.00612
-0.01825
-0.03687
-0.05686
-0.08111
-0.10752
-0.13446
-0.15977
-0.17683
-0.18605
-0.18769
-0.18525
-0.18241
-0.18122
-0.18350
-0.18577
-0.18337
-0.17741
-0.17043
-0.15875
-0.14656
-0.14159
-0.14200
-0.14053
-0.13394
-0.12251
-0.10615
-0.09361
-0.08554
-0.08243
-0.08519
-0.08800
-0.08790
-0.08533
-0.08291
-0.08135
-0.08274
-0.08247
-0.08329
-0.08907
-0.09473
-0.09678
-0.09575
-0.09585
-0.09667
-0.09840
-0.10581
-0.11603
-0.12605
-0.13521
-0.14459
-0.15377
-0.15958
-0.16842
-0.18049
-0.19504
-0.21029
-0.22205
-0.22692
-0.22829
-0.23297
-0.23980
-0.24762
-0.25473
-0.26308
-0.26905
-0.27292
-0.27722
-0.27716
-0.27596
-0.27336
-0.26957
-0.26425
-0.25504
-0.24621
-0.23467
-0.22332
-0.21410
-0.20405
-0.19556
-0.18947
-0.18270
-0.17509
-0.16817
-0.16044
-0.15219
-0.14457
-0.13821
-0.12910
-0.11953
-0.11162
-0.10578
-0.10296
-0.10527
-0.11201
-0.11976
-0.12880
-0.13329
-0.13530
-0.13654
-0.13679
-0.14019
-0.14347
-0.14657
-0.15215
-0.15868
-0.16449
-0.16732
-0.16757
-0.16601
-0.16250
-0.16042
-0.15947
-0.16081
-0.16122
-0.15687
-0.14915
-0.13408
-0.11717
-0.10230
-0.08715
-0.07465
-0.06377
-0.05069
-0.04027
-0.03243
-0.02657
-0.02569
-0.02740
-0.03555
-0.04217
-0.04250
-0.04091
-0.03423
-0.02407
-0.01389
-0.00720
-0.00181
0.00896
0.02386
0.04361
0.06642
0.08780
0.11025
0.13325
0.15280
0.16206
0.16490
0.17000
0.17530
0.17767
0.17586
0.17175
0.16896
0.16643
0.16143
0.15605
0.15373
0.15503
0.15706
0.15634
0.15259
0.14725
0.14275
0.13889
0.13639
0.13880
0.14191
0.14254
0.14023
0.13525
0.13216
0.13397
0.14039
0.14632
0.14870
0.14631
0.14382
0.14318
0.14373
0.14709
0.15131
0.15652
0.15878
0.15936
0.15446
0.14911
0.14752
0.14098
0.13641
0.13166
0.12726
0.12690
0.12845
0.13215
0.13384
0.13073
0.12507
0.12032
0.11182
0.10167
0.09113
0.08477
0.08883
0.09258
0.09882
0.11049
0.11864
0.12279
0.12636
0.12745
0.13168
0.14339
0.15441
0.16282
0.16822
0.17179
0.17161
0.16845
0.16739
0.16176
0.15008
0.14248
0.13736
0.12983
0.12447
0.12119
0.11565
0.10712
0.09887
0.08878
0.07983
0.07314
0.06307
0.05290
0.04278
0.03077
0.01362
-0.00478
-0.02350
-0.04559
-0.05733
-0.06786
-0.08448
-0.10235
-0.12482
-0.14525
-0.16357
-0.17534
-0.18234
-0.18616
-0.18619
-0.18701
-0.18830
-0.19093
-0.18996
-0.18303
-0.17186
-0.15890
-0.14618
-0.13522
-0.12479
-0.11602
-0.10539
-0.09210
-0.07647
-0.05692
-0.04026
-0.03011
-0.02698
-0.02820
-0.02892
-0.02511
-0.01792
-0.00994
-0.00417
-0.00090
-0.00045
-0.00293
-0.00758
-0.01178
-0.01466
-0.01581
-0.01507
-0.01791
-0.02603
-0.03595
-0.04709
-0.05956
-0.06730
-0.07414
-0.08346
-0.09460
-0.10756
-0.12284
-0.13802
-0.14856
-0.15272
-0.15299
-0.15106
-0.15058
-0.15303
-0.15515
-0.15870
-0.15920
-0.15821
-0.15395
-0.14681
-0.13946
-0.13276
-0.12660
-0.11871
-0.10798
-0.09610
-0.08920
-0.08197
-0.07624
-0.07398
-0.07132
-0.06986
-0.06939
-0.06873
-0.06494
-0.06089
-0.06058
-0.06157
-0.06221
-0.06061
-0.05973
-0.05973
-0.05924
-0.05952
-0.06244
-0.06906
-0.07810
-0.08841
-0.09599
-0.09959
-0.10038
-0.10214
-0.10384
-0.10492
-0.10670
-0.11034
-0.11558
-0.11939
-0.12190
-0.12010
-0.11570
-0.10978
-0.10549
-0.10629
-0.10699
-0.10751
-0.10381
-0.09838
-0.09242
-0.08326
-0.07848
-0.07376
-0.06586
-0.05702
-0.04426
-0.02881
-0.01523
-0.00386
0.00454
0.01014
0.01480
0.02119
0.03337
0.05122
0.07133
0.08891
0.10163
0.11116
0.11612
0.11820
0.12224
0.12866
0.13816
0.14786
0.15952
0.16795
0.17215
0.17670
0.17762
0.17965
0.18056
0.17862
0.17525
0.16978
0.16403
0.15820
0.15362
0.15156
0.15239
0.15643
0.16070
0.16156
0.15856
0.15243
0.14756
0.14539
0.14628
0.14835
0.15123
0.15061
0.14310
0.13447
0.12810
0.12698
0.13111
0.13525
0.13785
0.14202
0.14923
0.15667
0.15329
0.14723
0.14333
0.13945
0.13482
0.12797
0.11153
0.08006
0.06439
0.05425
0.03740
0.02149
0.00593
-0.00370
-0.01272
-0.01875
-0.02348
-0.02066
-0.01479
-0.00951
-0.00022
0.00474
0.00989
0.01865
0.02643
0.03616
0.05178
0.07241
0.09487
0.11192
0.12367
0.13325
0.14290
0.15095
0.15558
0.15979
0.16168
0.16345
0.16514
0.16681
0.16684
0.16153
0.15144
0.13740
0.12413
0.11103
0.09583
0.08138
0.06853
0.05402
0.04154
0.03368
0.02712
0.01948
0.01113
0.00223
-0.01346
-0.03228
-0.04894
-0.06400
-0.07939
-0.09423
-0.10673
-0.12113
-0.14019
-0.16154
-0.18310
-0.20277
-0.21480
-0.21900
-0.21936
-0.21741
-0.21541
-0.21737
-0.22195
-0.22566
-0.22655
-0.22245
-0.21254
-0.20205
-0.19108
-0.18261
-0.17831
-0.16796
-0.15390
-0.13528
-0.11198
-0.08982
-0.07104
-0.05690
-0.04714
-0.04263
-0.03894
-0.03135
-0.02371
-0.01652
-0.00971
-0.00755
-0.00971
-0.01385
-0.01405
-0.01090
-0.00785
-0.00502
-0.00398
-0.00943
-0.01850
-0.02774
-0.03923
-0.04972
-0.05892
-0.06667
-0.07669
-0.08797
-0.09922
-0.11444
-0.12584
-0.13020
-0.12863
-0.12329
-0.12250
-0.12403
-0.12442
-0.12568
-0.12744
-0.12520
-0.11913
-0.11243
-0.10525
-0.10056
-0.09726
-0.09296
-0.08550
-0.07587
-0.06650
-0.05722
-0.05056
-0.04709
-0.04315
-0.03845
-0.03383
-0.02848
-0.02184
-0.01564
-0.01192
-0.00943
-0.00729
-0.00485
-0.00235
-0.00006
0.00120
0.00074
-0.00171
-0.00624
-0.01396
-0.02394
-0.03185
-0.03944
-0.04737
-0.05103
-0.05103
-0.05208
-0.05691
-0.06324
-0.07181
-0.08054
-0.08592
-0.08835
-0.08452
-0.07684
-0.06994
-0.06660
-0.06415
-0.05908
-0.05114
-0.04036
-0.02716
-0.01427
-0.00550
-0.00083
0.00310
0.01075
0.02139
0.03462
0.04798
0.06172
0.07302
0.07835
0.08332
0.08870
0.09734
0.11148
0.12794
0.14448
0.15903
0.16862
0.17215
0.17313
0.17612
0.18285
0.19270
0.20566
0.21726
0.22342
0.22769
0.23087
0.23446
0.23959
0.24231
0.24240
0.24068
0.23678
0.23080
0.22647
0.22502
0.22661
0.23295
0.23802
0.24059
0.24243
0.23892
0.23002
0.21933
0.20856
0.20022
0.19465
0.18839
0.18012
0.16767
0.15000
0.13424
0.12633
0.12718
0.13396
0.14083
0.14449
0.14028
0.13259
0.13058
0.13051
0.12986
0.12815
0.12413
0.11561
0.10210
0.09330
0.08985
0.09116
0.09567
0.09325
0.08534
0.07408
0.06299
0.05557
0.05332
0.05327
0.05176
0.05382
0.05348
0.05101
0.05141
0.05195
0.05383
0.05823
0.06550
0.07862
0.09322
0.10193
0.10648
0.10909
0.11381
0.11974
0.12680
0.13192
0.13234
0.13260
0.12905
0.12331
0.12237
0.12344
0.12051
0.11584
0.10871
0.09990
0.08976
0.07575
0.06154
0.04527
0.02413
0.00148
-0.02052
-0.04519
-0.07049
-0.09572
-0.12664
-0.15803
-0.18602
-0.21254
-0.23478
-0.25222
-0.26358
-0.27179
-0.28225
-0.29514
-0.30711
-0.31576
-0.31867
-0.31676
-0.31997
-0.32339
-0.32188
-0.31962
-0.31751
-0.31598
-0.31292
-0.30744
-0.29998
-0.29126
-0.28077
-0.27372
-0.26953
-0.26146
-0.25154
-0.23594
-0.21258
-0.18980
-0.17376
-0.16558
-0.16307
-0.16418
-0.16377
-0.16003
-0.15478
-0.15034
-0.14703
-0.14557
-0.14833
-0.15102
-0.15266
-0.15334
-0.15313
-0.15190
-0.15200
-0.15666
-0.16410
-0.17271
-0.18296
-0.19305
-0.20163
-0.21176
-0.22360
-0.23648
-0.24819
-0.25948
-0.26700
-0.26927
-0.26777
-0.26275
-0.25920
-0.25796
-0.25932
-0.26150
-0.26197
-0.25851
-0.25236
-0.24483
-0.23888
-0.23309
-0.22442
-0.21487
-0.20108
-0.18535
-0.17039
-0.15817
-0.14860
-0.14031
-0.13126
-0.12099
-0.11119
-0.10225
-0.09537
-0.08937
-0.08676
-0.08423
-0.07982
-0.07462
-0.06967
-0.06668
-0.06518
-0.06356
-0.06158
-0.06124
-0.06124
-0.06299
-0.06323
-0.06150
-0.05941
-0.05722
-0.05548
-0.05422
-0.05475
-0.05601
-0.05925
-0.06158
-0.06181
-0.05844
-0.04974
-0.03901
-0.02985
-0.02147
-0.01295
-0.00508
0.00470
0.01488
0.02425
0.03218
0.03928
0.04735
0.05639
0.06792
0.08451
0.10303
0.11955
0.13443
0.14586
0.15437
0.16261
0.17108
0.18118
0.19716
0.21692
0.23539
0.25005
0.25911
0.26502
0.26951
0.27445
0.28273
0.29324
0.30373
0.31493
0.32475
0.33082
0.33595
0.33988
0.34241
0.34452
0.34361
0.33712
0.32824
0.32335
0.32024
0.31662
0.31775
0.32386
0.32883
0.33244
0.33462
0.33293
0.32837
0.32366
0.32264
0.32574
0.33061
0.33320
0.32791
0.31721
0.30932
0.30697
0.31179
0.31658
0.31839
0.31716
0.30785
0.29849
0.29070
0.28296
0.27696
0.27116
0.26398
0.25359
0.23977
0.22309
0.20599
0.19142
0.17929
0.16446
0.14738
0.13320
0.12399
0.11882
0.11653
0.11633
0.11562
0.11606
0.11639
0.11475
0.11314
0.11078
0.11013
0.11507
0.12524
0.14080
0.15828
0.17115
0.18062
0.18702
0.19140
0.19694
0.20508
0.21457
0.22317
0.22894
0.23118
0.23045
0.22884
0.22430
0.21161
0.19625
0.17953
0.16329
0.14967
0.13640
0.12043
0.10232
0.08316
0.06336
0.04561
0.02702
0.01056
-0.00494
-0.01999
-0.03769
-0.05920
-0.08158
-0.10402
-0.12268
-0.14419
-0.16343
-0.18282
-0.20883
-0.23813
-0.26823
-0.29192
-0.30909
-0.31718
-0.32008
-0.31891
-0.31629
-0.31581
-0.31624
-0.31706
-0.31287
-0.30394
-0.28800
-0.27091
-0.25923
-0.25481
-0.25460
-0.24851
-0.23357
-0.21207
-0.18813
-0.16723
-0.15412
-0.14906
-0.15135
-0.15447
-0.15512
-0.15401
-0.14908
-0.14492
-0.14542
-0.15278
-0.16273
-0.17073
-0.17287
-0.16958
-0.16839
-0.16876
-0.17502
-0.18834
-0.20362
-0.21608
-0.22662
-0.23322
-0.23790
-0.24652
-0.25600
-0.26930
-0.28360
-0.29784
-0.30747
-0.30705
-0.30415
-0.30260
-0.30339
-0.30683
-0.31199
-0.31892
-0.32383
-0.32422
-0.32098
-0.31578
-0.30934
-0.30279
-0.29765
-0.28894
-0.27491
-0.25737
-0.23969
-0.22659
-0.21847
-0.21400
-0.20939
-0.20143
-0.19412
-0.18884
-0.18205
-0.17442
-0.17074
-0.17122
-0.17342
-0.17406
-0.16965
-0.16524
-0.15971
-0.15259
-0.15149
-0.15412
-0.15665
-0.15954
-0.16165
-0.16229
-0.15998
-0.15340
-0.14544
-0.13961
-0.13505
-0.13295
-0.13520
-0.13837
-0.13955
-0.13751
-0.12909
-0.11608
-0.10416
-0.09332
-0.08296
-0.07382
-0.06468
-0.05305
-0.04027
-0.02817
-0.02030
-0.01538
-0.00937
-0.00222
0.01009
0.02554
0.04101
0.05743
0.07097
0.07845
0.08275
0.08819
0.09871
0.11695
0.14081
0.16540
0.18689
0.20080
0.20965
0.21661
0.22373
0.23656
0.25158
0.26629
0.28153
0.29580
0.30815
0.31960
0.33194
0.34456
0.35411
0.35642
0.35400
0.34965
0.34183
0.33666
0.33578
0.33917
0.34585
0.35180
0.35858
0.36179
0.36050
0.35721
0.35480
0.35527
0.35945
0.36671
0.37324
0.37508
0.36901
0.35679
0.34560
0.34195
0.34469
0.34837
0.34670
0.33895
0.32757
0.31736
0.30793
0.30021
0.29463
0.28699
0.27529
0.25849
0.23726
0.21461
0.19829
0.18799
0.18129
0.17594
0.17309
0.16983
0.16792
0.16930
0.17130
0.17464
0.17660
0.18378
0.19013
0.19410
0.19827
0.19820
0.19898
0.20231
0.21334
0.23235
0.24946
0.26123
0.26771
0.27259
0.28144
0.29071
0.29810
0.30544
0.30824
0.30821
0.30810
0.30762
0.30748
0.30167
0.29117
0.27771
0.26413
0.24978
0.23242
0.21423
0.19507
0.17338
0.14823
0.12587
0.10549
0.08969
0.07534
0.05877
0.04060
0.01605
-0.01159
-0.03884
-0.06311
-0.08590
-0.10656
-0.12523
-0.14561
-0.16864
-0.19334
-0.21548
-0.23147
-0.24101
-0.24608
-0.24586
-0.24232
-0.24084
-0.24054
-0.23748
-0.22863
-0.21757
-0.20693
-0.19505
-0.18445
-0.17778
-0.17385
-0.16681
-0.15655
-0.14259
-0.12599
-0.11189
-0.10522
-0.10745
-0.11537
-0.12790
-0.13767
-0.14544
-0.15447
-0.16230
-0.17125
-0.18106
-0.19074
-0.20005
-0.20674
-0.21172
-0.21486
-0.21580
-0.21800
-0.22460
-0.23359
-0.23928
-0.24366
-0.24742
-0.25088
-0.25698
-0.26638
-0.27648
-0.28537
-0.29211
-0.29386
-0.29104
-0.28576
-0.28297
-0.28462
-0.28938
-0.29533
-0.30104
-0.30611
-0.30799
-0.30556
-0.30085
-0.29617
-0.29085
-0.28418
-0.27592
-0.26219
-0.24699
-0.23535
-0.22732
-0.22320
-0.22048
-0.22013
-0.21828
-0.21430
-0.21277
-0.21542
-0.22018
-0.22588
-0.23073
-0.22744
-0.21663
-0.20223
-0.18732
-0.17482
-0.16663
-0.16316
-0.16535
-0.17220
-0.18254
-0.19467
-0.20552
-0.21837
-0.23288
-0.24818
-0.26412
-0.27551
-0.28541
-0.29446
-0.29827
-0.29914
-0.29280
-0.27849
-0.25987
-0.23966
-0.22116
-0.19945
-0.17653
-0.15724
-0.14281
-0.13404
-0.12678
-0.11814
-0.10869
-0.10126
-0.09281
-0.08070
-0.06839
-0.05653
-0.04488
-0.03672
-0.03245
-0.02818
-0.02062
-0.00582
0.01481
0.03982
0.06367
0.08178
0.09368
0.09758
0.10108
0.10777
0.11950
0.13370
0.14737
0.16246
0.17475
0.18520
0.19420
0.20158
0.20894
0.21342
0.21468
0.21220
0.20600
0.20173
0.20117
0.20329
0.20921
0.21894
0.22941
0.23656
0.23740
0.23177
0.22605
0.22369
0.22721
0.23826
0.24953
0.25725
0.25755
0.24725
0.23381
0.22310
0.22091
0.22450
0.22707
0.22372
0.21191
0.20027
0.18986
0.18147
0.17690
0.17450
0.16935
0.15584
0.13778
0.11756
0.10144
0.09675
0.09861
0.09755
0.09303
0.08877
0.08447
0.08321
0.08819
0.09831
0.10969
0.12515
0.14235
0.15206
0.15767
0.16289
0.17141
0.18534
0.20695
0.23352
0.25624
0.27424
0.28793
0.29770
0.30686
0.31594
0.32370
0.33022
0.33452
0.33843
0.34373
0.34969
0.35496
0.35667
0.34970
0.33734
0.32268
0.30688
0.29084
0.27225
0.25441
0.23626
0.21856
0.20314
0.18872
0.17903
0.17244
0.16245
0.14864
0.13004
0.10637
0.08091
0.05861
0.03743
0.01813
0.00161
-0.01835
-0.04141
-0.06818
-0.09451
-0.11555
-0.12933
-0.13522
-0.13736
-0.13817
-0.13731
-0.13828
-0.14056
-0.14061
-0.13858
-0.12930
-0.11395
-0.09922
-0.08953
-0.08786
-0.08948
-0.08852
-0.07865
-0.05802
-0.03396
-0.01401
-0.00443
-0.00248
-0.00487
-0.00899
-0.00910
-0.00579
-0.00300
-0.00339
-0.00740
-0.01728
-0.02969
-0.03756
-0.03926
-0.03638
-0.03563
-0.04069
-0.05317
-0.07304
-0.09238
-0.10805
-0.11953
-0.12700
-0.13499
-0.14627
-0.16230
-0.18189
-0.20218
-0.22299
-0.23689
-0.24095
-0.24265
-0.24399
-0.24666
-0.25216
-0.25847
-0.26318
-0.26739
-0.26940
-0.26770
-0.26539
-0.26301
-0.25811
-0.25127
-0.24393
-0.23205
-0.21616
-0.20140
-0.19053
-0.18287
-0.17794
-0.17472
-0.16961
-0.16353
-0.15847
-0.15468
-0.15404
-0.15662
-0.15958
-0.16241
-0.16491
-0.16508
-0.16339
-0.15893
-0.15331
-0.15078
-0.15130
-0.15583
-0.16163
-0.16622
-0.17107
-0.17320
-0.17235
-0.17199
-0.17180
-0.16984
-0.16960
-0.17454
-0.18193
-0.18819
-0.19155
-0.19007
-0.18432
-0.17766
-0.17282
-0.17006
-0.16720
-0.16141
-0.15242
-0.14402
-0.13707
-0.13474
-0.13549
-0.13124
-0.12282
-0.10963
-0.09117
-0.07329
-0.05856
-0.04870
-0.04152
-0.03809
-0.03718
-0.02712
-0.01038
0.01073
0.03581
0.05907
0.07671
0.08567
0.08897
0.09231
0.10027
0.11203
0.12543
0.13778
0.14847
0.15726
0.16500
0.17291
0.17933
0.18550
0.18613
0.18014
0.17246
0.16564
0.16401
0.16769
0.17498
0.18374
0.19541
0.20601
0.20868
0.20569
0.20046
0.19585
0.19738
0.20657
0.21646
0.22465
0.22556
0.21298
0.19417
0.17836
0.16894
0.16770
0.17107
0.17082
0.16205
0.14713
0.13328
0.12141
0.11133
0.10501
0.09510
0.07814
0.06020
0.03792
0.01511
0.00136
-0.00256
-0.00412
-0.00966
-0.01518
-0.01857
-0.01740
-0.00816
0.00711
0.02151
0.03657
0.05209
0.06239
0.06722
0.07405
0.08515
0.09620
0.11220
0.13505
0.16137
0.18498
0.20336
0.21591
0.22822
0.24407
0.25704
0.26743
0.27622
0.28011
0.28254
0.28715
0.29584
0.30720
0.30882
0.30107
0.28860
0.27321
0.25650
0.23842
0.21883
0.19899
0.18006
0.15912
0.14111
0.12630
0.11215
0.09808
0.08106
0.06175
0.04220
0.01877
-0.00443
-0.02280
-0.03995
-0.05324
-0.06504
-0.08181
-0.10273
-0.12351
-0.14213
-0.15657
-0.16386
-0.16276
-0.15781
-0.15303
-0.14859
-0.14318
-0.13562
-0.12562
-0.11186
-0.09851
-0.08756
-0.08040
-0.07862
-0.07861
-0.07626
-0.06860
-0.05544
-0.03770
-0.02195
-0.01281
-0.01041
-0.01194
-0.01380
-0.01523
-0.01329
-0.01040
-0.00985
-0.01328
-0.01995
-0.02886
-0.03769
-0.04169
-0.04182
-0.04144
-0.04648
-0.05742
-0.07172
-0.09027
-0.10750
-0.11935
-0.12559
-0.12894
-0.13577
-0.14794
-0.16432
-0.18135
-0.19933
-0.21377
-0.21767
-0.21334
-0.20798
-0.20723
-0.21026
-0.21464
-0.21627
-0.21532
-0.21383
-0.20975
-0.20433
-0.20492
-0.20667
-0.20439
-0.19886
-0.18599
-0.16923
-0.15349
-0.14218
-0.13538
-0.13401
-0.13363
-0.13081
-0.12463
-0.11685
-0.11153
-0.10666
-0.10566
-0.10771
-0.10911
-0.10643
-0.10135
-0.09456
-0.08913
-0.08454
-0.07823
-0.07701
-0.08040
-0.08709
-0.09186
-0.09460
-0.09716
-0.09912
-0.10083
-0.10114
-0.10274
-0.10642
-0.11338
-0.12217
-0.13092
-0.13730
-0.13846
-0.13335
-0.12300
-0.11312
-0.10675
-0.10212
-0.09645
-0.08724
-0.07495
-0.06501
-0.06027
-0.05783
-0.05459
-0.04673
-0.03075
-0.00934
0.01132
0.02724
0.03880
0.04742
0.05074
0.05245
0.05890
0.07271
0.09297
0.11465
0.13422
0.14649
0.14793
0.14273
0.13629
0.13268
0.13549
0.14221
0.14823
0.15491
0.16427
0.17061
0.17604
0.18511
0.19534
0.20397
0.20817
0.21044
0.21047
0.21043
0.21375
0.21978
0.23092
0.24787
0.26441
0.27554
0.27915
0.27811
0.27870
0.28186
0.28867
0.29869
0.30427
0.29814
0.28092
0.25609
0.23286
0.21812
0.21146
0.20869
0.20306
0.18902
0.16546
0.13810
0.11439
0.09842
0.09038
0.08652
0.07886
0.06338
0.03959
0.01534
-0.00091
-0.00755
-0.01177
-0.02192
-0.03493
-0.04576
-0.04762
-0.03769
-0.01754
0.00850
0.03641
0.05962
0.07353
0.07790
0.07615
0.07594
0.07422
0.07393
0.07949
0.08583
0.08788
0.08812
0.08943
0.09209
0.10046
0.11034
0.12063
0.13374
0.14731
0.15913
0.17448
0.19660
0.22040
0.23633
0.23622
0.22739
0.21615
0.20515
0.19418
0.18183
0.16499
0.14177
0.11790
0.09519
0.07345
0.05486
0.03920
0.02275
0.00589
-0.01340
-0.03650
-0.06016
-0.08233
-0.10214
-0.11823
-0.13346
-0.15350
-0.17670
-0.20153
-0.22780
-0.25062
-0.26479
-0.26995
-0.26739
-0.26121
-0.25882
-0.26261
-0.26637
-0.26698
-0.26390
-0.25342
-0.23678
-0.22069
-0.21206
-0.21139
-0.21381
-0.21284
-0.20416
-0.18625
-0.16356
-0.14390
-0.13224
-0.12911
-0.12986
-0.13265
-0.13291
-0.13043
-0.13003
-0.13306
-0.14147
-0.15393
-0.16785
-0.17665
-0.17700
-0.17194
-0.16535
-0.16482
-0.17376
-0.18745
-0.20407
-0.21858
-0.22309
-0.22371
-0.22413
-0.22639
-0.23545
-0.24858
-0.26447
-0.28061
-0.29137
-0.29457
-0.29156
-0.28942
-0.29171
-0.29452
-0.29592
-0.29476
-0.29148
-0.28509
-0.27338
-0.25935
-0.24692
-0.23412
-0.22070
-0.20710
-0.18992
-0.17152
-0.15396
-0.13995
-0.13095
-0.12544
-0.12021
-0.11364
-0.10898
-0.10292
-0.09570
-0.08852
-0.08382
-0.08263
-0.08039
-0.07764
-0.07344
-0.07054
-0.06748
-0.06233
-0.05864
-0.05788
-0.06146
-0.06454
-0.06592
-0.06765
-0.06845
-0.06683
-0.06337
-0.06072
-0.06089
-0.06470
-0.07034
-0.07807
-0.08547
-0.09176
-0.09380
-0.08917
-0.08165
-0.07112
-0.06412
-0.05928
-0.05058
-0.04022
-0.02887
-0.01757
-0.01187
-0.01066
-0.00912
-0.00567
0.00613
0.02566
0.04977
0.07331
0.09248
0.10390
0.11027
0.11657
0.12280
0.13873
0.16422
0.19271
0.21845
0.23909
0.25261
0.25834
0.26321
0.27202
0.28509
0.29927
0.31453
0.32686
0.33882
0.35190
0.36024
0.37002
0.38119
0.38818
0.38761
0.37849
0.36664
0.35631
0.35214
0.35279
0.35789
0.36739
0.37479
0.37569
0.36848
0.35736
0.34550
0.33887
0.34062
0.34714
0.35333
0.35043
0.33619
0.31210
0.28784
0.27045
0.25845
0.25246
0.24564
0.23453
0.21812
0.19774
0.17896
0.16490
0.15765
0.15466
0.14982
0.13700
0.11622
0.08986
0.06557
0.05380
0.05259
0.05106
0.04687
0.04361
0.04151
0.04362
0.05462
0.07034
0.08656
0.10627
0.12358
0.13411
0.14040
0.14520
0.15131
0.15870
0.17136
0.19147
0.21177
0.22711
0.23789
0.24542
0.25707
0.27165
0.27958
0.28172
0.28040
0.27716
0.27534
0.27759
0.28363
0.28456
0.27719
0.26498
0.24824
0.23223
0.21516
0.19463
0.17429
0.15233
0.12914
0.10608
0.08558
0.06863
0.05499
0.04186
0.02567
0.00490
-0.02026
-0.04813
-0.07642
-0.10028
-0.12208
-0.14044
-0.15947
-0.18601
-0.21521
-0.24463
-0.26939
-0.28815
-0.30137
-0.30544
-0.30463
-0.30809
-0.31670
-0.32390
-0.32722
-0.32760
-0.32257
-0.31122
-0.29883
-0.29063
-0.28690
-0.28630
-0.28174
-0.26714
-0.24451
-0.21799
-0.19400
-0.17824
-0.17388
-0.17520
-0.17952
-0.18458
-0.18538
-0.18721
-0.19160
-0.19932
-0.21093
-0.22394
-0.23373
-0.23661
-0.23702
-0.23983
-0.24647
-0.25812
-0.27594
-0.29524
-0.31049
-0.31735
-0.31806
-0.31984
-0.32722
-0.34151
-0.35886
-0.37640
-0.39052
-0.39659
-0.39397
-0.38884
-0.38692
-0.38850
-0.39068
-0.39121
-0.38987
-0.38640
-0.37817
-0.36535
-0.35561
-0.34749
-0.33741
-0.32532
-0.30832
-0.28662
-0.26236
-0.24205
-0.22938
-0.22176
-0.21887
-0.21886
-0.21365
-0.20204
-0.19220
-0.18156
-0.17001
-0.16357
-0.15977
-0.15584
-0.15091
-0.14632
-0.14200
-0.14011
-0.14110
-0.14594
-0.15506
-0.16603
-0.17662
-0.18119
-0.18492
-0.18755
-0.18492
-0.17994
-0.17583
-0.17450
-0.17380
-0.17633
-0.18013
-0.18326
-0.18542
-0.17994
-0.16879
-0.15714
-0.14438
-0.13053
-0.11390
-0.09456
-0.07370
-0.05403
-0.03832
-0.02532
-0.01415
-0.00282
0.01197
0.03259
0.05566
0.07821
0.09418
0.10342
0.10875
0.10970
0.11531
0.12891
0.15158
0.18161
0.21160
0.23683
0.25621
0.26706
0.27204
0.27782
0.28836
0.30320
0.31888
0.33658
0.34982
0.35992
0.36887
0.37595
0.38483
0.39157
0.39018
0.37942
0.36627
0.35446
0.34748
0.34857
0.35709
0.37186
0.38947
0.40155
0.40172
0.39481
0.38779
0.38533
0.38966
0.39762
0.40834
0.41462
0.40580
0.38386
0.35609
0.33275
0.31921
0.31224
0.30427
0.29305
0.27542
0.25158
0.22896
0.20933
0.19767
0.19354
0.18989
0.17765
0.15707
0.13134
0.10374
0.08768
0.08536
0.09009
0.09593
0.09885
0.09861
0.10190
0.11341
0.12901
0.14746
0.16981
0.18964
0.20064
0.20513
0.20689
0.20971
0.21596
0.22939
0.25298
0.27825
0.29802
0.31402
0.32480
0.33610
0.34900
0.35821
0.36758
0.37400
0.37707
0.38176
0.38990
0.40033
0.40719
0.40632
0.40087
0.39152
0.37716
0.36163
0.34531
0.32712
0.30579
0.28210
0.25805
0.23766
0.21956
0.20213
0.18855
0.17329
0.15438
0.12826
0.09441
0.05735
0.01752
-0.01932
-0.05272
-0.08695
-0.12398
-0.16460
-0.20877
-0.25073
-0.28203
-0.30231
-0.31069
-0.30897
-0.30621
-0.30426
-0.30298
-0.30293
-0.30035
-0.29310
-0.27729
-0.25744
-0.24197
-0.23144
-0.22794
-0.22248
-0.20684
-0.18493
-0.15614
-0.12376
-0.09750
-0.08238
-0.08066
-0.08748
-0.09521
-0.10142
-0.10362
-0.10615
-0.11113
-0.12230
-0.14197
-0.16056
-0.17387
-0.17819
-0.17813
-0.18088
-0.18721
-0.20155
-0.22124
-0.24062
-0.25423
-0.25990
-0.26374
-0.26833
-0.27899
-0.30023
-0.32881
-0.36013
-0.38501
-0.39456
-0.38862
-0.37792
-0.36913
-0.36331
-0.35981
-0.35983
-0.36374
-0.36402
-0.35963
-0.35616
-0.35961
-0.36958
-0.38393
-0.39828
-0.40648
-0.40608
-0.39858
-0.39172
-0.38455
-0.37614
-0.36546
-0.34990
-0.33720
-0.32294
-0.30091
-0.27815
-0.25707
-0.24416
-0.23587
-0.22546
-0.21939
-0.21338
-0.20669
-0.20312
-0.20327
-0.21032
-0.22331
-0.23673
-0.24929
-0.26085
-0.26822
-0.27164
-0.27059
-0.26477
-0.25914
-0.25726
-0.25641
-0.25954
-0.26660
-0.27359
-0.27538
-0.26882
-0.25754
-0.24310
-0.23138
-0.22076
-0.20927
-0.19668
-0.18079
-0.16642
-0.15857
-0.15423
-0.15118
-0.14846
-0.13670
-0.11664
-0.08923
-0.05866
-0.03190
-0.01163
-0.00138
0.00228
0.00694
0.02130
0.04278
0.06985
0.09940
0.12688
0.14972
0.16131
0.16863
0.17824
0.19008
0.20437
0.21838
0.23167
0.24325
0.25125
0.25739
0.26568
0.27830
0.28847
0.29035
0.28494
0.27621
0.26781
0.26504
0.27293
0.28712
0.30481
0.32003
0.32694
0.32524
0.31718
0.30804
0.30296
0.30468
0.30897
0.31161
0.30756
0.29442
0.27318
0.25168
0.23836
0.23372
0.23672
0.23926
0.23551
0.22670
0.21525
0.20291
0.19246
0.18656
0.18482
0.18230
0.17182
0.15450
0.13136
0.11147
0.10531
0.10766
0.11397
0.11994
0.12438
0.12948
0.13851
0.15350
0.17229
0.19400
0.21539
0.23172
0.24239
0.25024
0.25859
0.27025
0.28541
0.30556
0.33183
0.35983
0.38388
0.40163
0.41794
0.43621
0.45281
0.46365
0.46647
0.46515
0.46228
0.46194
0.46734
0.47768
0.48264
0.47765
0.46734
0.44785
0.42784
0.40723
0.38532
0.36519
0.34178
0.31875
0.29841
0.28058
0.26395
0.24978
0.23706
0.22040
0.19998
0.17605
0.14831
0.11854
0.09013
0.06745
0.04870
0.02821
0.00436
-0.02437
-0.05634
-0.08305
-0.10268
-0.11464
-0.11853
-0.12044
-0.12634
-0.13364
-0.13725
-0.13965
-0.14002
-0.13409
-0.12416
-0.11691
-0.11398
-0.11496
-0.11657
-0.11577
-0.10946
-0.09474
-0.07870
-0.06801
-0.06397
-0.06497
-0.06941
-0.07505
-0.07894
-0.08080
-0.08365
-0.09045
-0.09785
-0.10860
-0.12397
-0.13421
-0.13967
-0.14200
-0.14433
-0.15318
-0.16784
-0.18775
-0.20517
-0.21368
-0.21669
-0.21672
-0.21922
-0.23228
-0.25113
-0.27239
-0.29767
-0.31774
-0.32844
-0.33065
-0.33202
-0.33711
-0.34273
-0.34875
-0.35137
-0.35056
-0.34649
-0.33757
-0.32656
-0.31704
-0.31044
-0.30549
-0.29851
-0.28772
-0.27300
-0.25854
-0.24929
-0.24501
-0.24598
-0.24883
-0.25010
-0.24820
-0.24527
-0.24307
-0.24025
-0.23855
-0.23861
-0.23897
-0.23842
-0.23747
-0.23596
-0.23479
-0.23677
-0.24092
-0.24552
-0.25311
-0.26287
-0.27139
-0.27714
-0.28074
-0.28361
-0.28466
-0.28331
-0.28025
-0.27791
-0.27850
-0.28315
-0.28919
-0.29493
-0.29743
-0.29229
-0.28162
-0.26973
-0.25807
-0.24599
-0.23525
-0.22273
-0.20784
-0.19576
-0.18979
-0.18758
-0.18616
-0.18487
-0.17722
-0.16227
-0.13935
-0.11309
-0.09207
-0.07657
-0.06711
-0.05759
-0.04428
-0.02472
0.00537
0.03884
0.07090
0.10126
0.12314
0.13581
0.14442
0.15209
0.16400
0.17880
0.19390
0.20678
0.21529
0.22233
0.22645
0.23033
0.23704
0.24202
0.23868
0.22864
0.21621
0.20225
0.19491
0.19858
0.20984
0.22422
0.23852
0.24683
0.24342
0.23303
0.22169
0.21317
0.21417
0.22023
0.22522
0.22732
0.21812
0.19780
0.17188
0.15009
0.13795
0.13463
0.13428
0.12918
0.12030
0.10502
0.08813
0.07605
0.07103
0.07426
0.07878
0.07610
0.06490
0.04581
0.02574
0.01750
0.01845
0.02633
0.03735
0.04553
0.05368
0.06449
0.08016
0.09732
0.11745
0.14263
0.16294
0.17597
0.18511
0.18733
0.18856
0.19486
0.20840
0.23356
0.26063
0.28274
0.30167
0.31656
0.33349
0.35169
0.36573
0.37568
0.38065
0.38336
0.38783
0.39860
0.41163
0.41834
0.41856
0.41334
0.40528
0.39685
0.38785
0.37933
0.36908
0.35317
0.33321
0.31434
0.29780
0.28391
0.27133
0.25673
0.23994
0.21176
0.17534
0.14012
0.10342
0.07249
0.04890
0.02845
0.00728
-0.02088
-0.05466
-0.08913
-0.11774
-0.13709
-0.15118
-0.15639
-0.15462
-0.15526
-0.15853
-0.16414
-0.16523
-0.16438
-0.16045
-0.14759
-0.13447
-0.12716
-0.12915
-0.13470
-0.13667
-0.12789
-0.10802
-0.08432
-0.05955
-0.04011
-0.03058
-0.02831
-0.02896
-0.02701
-0.01978
-0.01451
-0.01215
-0.01495
-0.02806
-0.04717
-0.06492
-0.07387
-0.07467
-0.07289
-0.07878
-0.09489
-0.11745
-0.14377
-0.16790
-0.18463
-0.19156
-0.19654
-0.20221
-0.21219
-0.22917
-0.25015
-0.27150
-0.28396
-0.28717
-0.28545
-0.28490
-0.28486
-0.28434
-0.28417
-0.28312
-0.27992
-0.26942
-0.25784
-0.24798
-0.23943
-0.23459
-0.23174
-0.22766
-0.22029
-0.21025
-0.19878
-0.19104
-0.18618
-0.18434
-0.18359
-0.18276
-0.18376
-0.18177
-0.17716
-0.17234
-0.16934
-0.16500
-0.15796
-0.14929
-0.14001
-0.13377
-0.13040
-0.12897
-0.12916
-0.13169
-0.13604
-0.13888
-0.14197
-0.14552
-0.14920
-0.15163
-0.15229
-0.15297
-0.15010
-0.14723
-0.14850
-0.15608
-0.16859
-0.18305
-0.19504
-0.20183
-0.20503
-0.20851
-0.21246
-0.21765
-0.21888
-0.21285
-0.20432
-0.19560
-0.18971
-0.18743
-0.18349
-0.17209
-0.15307
-0.12223
-0.08675
-0.04923
-0.01806
0.00367
0.01972
0.03151
0.04774
0.07162
0.09992
0.13517
0.17107
0.20397
0.22874
0.24516
0.25832
0.26764
0.27975
0.28842
0.29714
0.30422
0.31202
0.31611
0.31897
0.31979
0.32236
0.32003
0.31257
0.29789
0.28333
0.27454
0.26964
0.27645
0.29174
0.31115
0.32246
0.32657
0.31738
0.30373
0.27977
0.26362
0.25070
0.24762
0.24779
0.25045
0.24502
0.23592
0.21873
0.20272
0.19491
0.18546
0.17897
0.15660
0.13223
0.09142
0.05830
0.01615
-0.00393
-0.02803
-0.03142
-0.05531
-0.06354
-0.09297
-0.10582
