sample-data.txt   1 channel (mono)
Sample Rate: 22050 Hz. Sample values on linear scale.
Length processed: 11733 samples 0.53211 seconds.


0.01796
0.02918
0.03696
0.04894
0.05641
0.06553
0.07896
0.08941
0.10183
0.11131
0.11954
0.12761
0.13335
0.13450
0.13783
0.14330
0.14981
0.15452
0.15973
0.16507
0.16804
0.17250
0.17509
0.18065
0.18538
0.18765
0.19004
0.19320
0.19544
0.19888
0.20301
0.20548
0.20928
0.21677
0.22376
0.22997
0.23439
0.23661
0.23962
0.24077
0.24333
0.24640
0.24969
0.25098
0.25454
0.25802
0.25869
0.25890
0.25769
0.25692
0.25538
0.25341
0.25013
0.24923
0.24744
0.24643
0.24434
0.24016
0.23736
0.23287
0.22791
0.22190
0.21721
0.21110
0.20575
0.20026
0.19426
0.18915
0.18310
0.17830
0.17289
0.16769
0.16193
0.15435
0.14931
0.14451
0.13907
0.13470
0.12728
0.12219
0.11868
0.11576
0.11266
0.11056
0.11002
0.10914
0.11114
0.11325
0.11665
0.11756
0.11905
0.12294
0.12516
0.12869
0.13163
0.13658
0.14258
0.14819
0.15453
0.15866
0.16380
0.17170
0.17827
0.18487
0.19313
0.20184
0.21395
0.22144
0.23053
0.24135
0.24895
0.25699
0.26189
0.26949
0.27741
0.28893
0.29538
0.29824
0.30367
0.30830
0.31576
0.31805
0.32199
0.32570
0.32643
0.33370
0.33796
0.34090
0.34649
0.34736
0.35208
0.35437
0.35539
0.36141
0.36297
0.36233
0.35404
0.34225
0.33033
0.31081
0.28736
0.26372
0.24169
0.22496
0.21190
0.19482
0.17331
0.15329
0.13256
0.11128
0.09266
0.06795
0.04209
0.01838
-0.00694
-0.03049
-0.04937
-0.06539
-0.08077
-0.09587
-0.11504
-0.13752
-0.16609
-0.18957
-0.20388
-0.21527
-0.21819
-0.21652
-0.22065
-0.22846
-0.24030
-0.25788
-0.27218
-0.28317
-0.29143
-0.29927
-0.30189
-0.30076
-0.29804
-0.29839
-0.30408
-0.31124
-0.32166
-0.32784
-0.33332
-0.33233
-0.32878
-0.33066
-0.33108
-0.33248
-0.33555
-0.33220
-0.32795
-0.32826
-0.32652
-0.32940
-0.33074
-0.33071
-0.33062
-0.32773
-0.33038
-0.33535
-0.34044
-0.34373
-0.34531
-0.34410
-0.34189
-0.34039
-0.34216
-0.34659
-0.34757
-0.34832
-0.34772
-0.34813
-0.34840
-0.35100
-0.35430
-0.35636
-0.36134
-0.36209
-0.36196
-0.36199
-0.36271
-0.36391
-0.36656
-0.36913
-0.36784
-0.36587
-0.36168
-0.35951
-0.35375
-0.34772
-0.34273
-0.33302
-0.32752
-0.31814
-0.30958
-0.30391
-0.29448
-0.28517
-0.27282
-0.26098
-0.24754
-0.23394
-0.21950
-0.20444
-0.19034
-0.17459
-0.16029
-0.14449
-0.12937
-0.11291
-0.09737
-0.08323
-0.06730
-0.05349
-0.03966
-0.02688
-0.01521
-0.00208
0.01175
0.02560
0.03949
0.05376
0.06810
0.08089
0.09561
0.10932
0.12091
0.13479
0.14654
0.15589
0.16690
0.17733
0.18577
0.19557
0.20315
0.21171
0.22078
0.22848
0.23765
0.24293
0.24756
0.25146
0.25578
0.26076
0.26613
0.27319
0.27848
0.28476
0.28841
0.29139
0.29459
0.29700
0.30002
0.30334
0.30750
0.30847
0.30751
0.30589
0.30555
0.30570
0.30812
0.30977
0.30868
0.30822
0.30505
0.29909
0.29090
0.28722
0.28337
0.27675
0.27213
0.26483
0.25963
0.25612
0.24707
0.23608
0.22623
0.21606
0.20892
0.19994
0.19152
0.18581
0.17589
0.16863
0.16067
0.15173
0.14544
0.13946
0.13496
0.13073
0.12479
0.11920
0.11462
0.10870
0.10803
0.10873
0.10771
0.11007
0.11174
0.11367
0.11633
0.11899
0.12388
0.12644
0.13254
0.13892
0.14670
0.15968
0.17223
0.18813
0.19991
0.21194
0.22349
0.23424
0.24487
0.25659
0.26890
0.28090
0.29755
0.31179
0.32771
0.34702
0.36901
0.39109
0.41203
0.43137
0.45165
0.46527
0.47076
0.47470
0.47835
0.47684
0.46836
0.45798
0.44496
0.43786
0.42975
0.42174
0.40797
0.38958
0.37029
0.34593
0.32108
0.29022
0.25713
0.22567
0.20327
0.18732
0.17344
0.16315
0.15311
0.13891
0.12243
0.10331
0.07699
0.05218
0.03400
0.02231
0.01735
0.01576
0.01000
-0.00043
-0.01302
-0.02827
-0.04696
-0.06617
-0.07597
-0.08239
-0.08575
-0.08530
-0.08753
-0.08560
-0.08350
-0.08395
-0.08822
-0.09539
-0.09978
-0.10114
-0.10242
-0.10524
-0.11014
-0.11847
-0.12280
-0.12570
-0.12846
-0.12947
-0.13329
-0.13750
-0.13878
-0.14058
-0.14211
-0.14545
-0.15139
-0.16035
-0.17424
-0.18695
-0.20072
-0.20958
-0.21703
-0.22428
-0.23344
-0.24516
-0.25676
-0.26779
-0.27583
-0.28670
-0.29537
-0.30706
-0.32153
-0.33893
-0.35232
-0.36488
-0.37867
-0.38799
-0.39945
-0.40977
-0.42257
-0.43770
-0.45237
-0.46421
-0.47344
-0.48147
-0.49106
-0.49788
-0.50399
-0.50933
-0.51008
-0.51282
-0.51560
-0.51623
-0.51735
-0.51868
-0.51602
-0.51246
-0.50720
-0.50312
-0.49631
-0.48816
-0.48479
-0.47717
-0.47119
-0.46504
-0.45535
-0.44699
-0.43688
-0.42503
-0.41281
-0.39766
-0.38042
-0.36314
-0.34418
-0.32703
-0.30944
-0.29066
-0.27453
-0.25372
-0.23281
-0.21131
-0.18758
-0.16409
-0.13961
-0.11869
-0.09324
-0.06870
-0.04862
-0.02947
-0.00886
0.01073
0.03045
0.05243
0.07409
0.09602
0.11351
0.13434
0.15222
0.17115
0.19041
0.20190
0.21357
0.22450
0.23369
0.24328
0.25201
0.25927
0.26648
0.27205
0.27686
0.28109
0.28502
0.28661
0.28919
0.28835
0.28765
0.28809
0.28842
0.29130
0.29167
0.29092
0.28764
0.28379
0.27912
0.27702
0.27528
0.27319
0.27145
0.27092
0.26876
0.26491
0.26174
0.25563
0.24970
0.24675
0.24445
0.23773
0.23480
0.22947
0.22471
0.22213
0.21545
0.20789
0.20082
0.19705
0.19164
0.18598
0.17480
0.16537
0.16043
0.15431
0.14972
0.14495
0.13826
0.13131
0.12702
0.12075
0.11385
0.10618
0.09861
0.09197
0.08326
0.07739
0.07409
0.07248
0.07271
0.07203
0.07158
0.06940
0.06871
0.07074
0.07515
0.08130
0.08819
0.09627
0.10340
0.11225
0.12061
0.12824
0.13615
0.14331
0.15061
0.15485
0.15528
0.15926
0.16492
0.17003
0.17627
0.18433
0.19307
0.19659
0.19786
0.19864
0.20362
0.21264
0.21959
0.22440
0.22236
0.21669
0.21393
0.21317
0.21372
0.21387
0.21289
0.21228
0.21503
0.21815
0.22203
0.22938
0.23168
0.22964
0.22139
0.20510
0.18705
0.17179
0.16879
0.17124
0.17098
0.16314
0.14707
0.12503
0.10111
0.08171
0.06283
0.05083
0.04156
0.03705
0.03887
0.04255
0.04731
0.04850
0.04833
0.04153
0.03460
0.03057
0.02875
0.03304
0.03765
0.03916
0.03792
0.03735
0.03821
0.04055
0.04258
0.04234
0.04319
0.04635
0.05306
0.06012
0.06632
0.06669
0.06140
0.05704
0.05336
0.05282
0.05538
0.05784
0.05728
0.05578
0.05034
0.04491
0.03887
0.03371
0.02775
0.01685
0.00718
-0.00394
-0.01703
-0.03066
-0.04156
-0.05345
-0.06747
-0.08280
-0.09888
-0.11815
-0.13591
-0.15555
-0.17550
-0.19152
-0.20898
-0.22286
-0.24002
-0.25590
-0.26922
-0.28394
-0.29793
-0.31285
-0.32898
-0.34129
-0.35445
-0.36552
-0.37567
-0.38812
-0.39960
-0.41234
-0.42022
-0.43254
-0.44177
-0.45081
-0.45916
-0.46140
-0.46592
-0.47103
-0.47647
-0.47719
-0.47857
-0.47779
-0.47357
-0.47154
-0.46683
-0.46324
-0.45974
-0.45188
-0.44503
-0.43431
-0.42377
-0.41137
-0.39635
-0.38261
-0.36957
-0.35871
-0.34649
-0.33394
-0.31964
-0.30556
-0.28991
-0.27337
-0.25594
-0.23846
-0.22269
-0.20680
-0.18828
-0.17005
-0.15139
-0.13204
-0.11156
-0.09078
-0.07225
-0.05238
-0.03133
-0.01175
0.00254
0.01929
0.03416
0.04857
0.06483
0.07973
0.09462
0.10791
0.12141
0.13504
0.14723
0.15889
0.17160
0.18220
0.19053
0.19625
0.20297
0.21018
0.21738
0.22664
0.23626
0.24566
0.25310
0.25969
0.26670
0.27217
0.27633
0.28017
0.28557
0.29051
0.29850
0.30581
0.31024
0.31741
0.32393
0.32998
0.33386
0.33631
0.33936
0.34332
0.34450
0.34687
0.34810
0.35009
0.35414
0.35477
0.35557
0.35405
0.35307
0.35090
0.34544
0.33964
0.33281
0.32483
0.31542
0.30359
0.29347
0.28373
0.27367
0.26557
0.25540
0.24259
0.23076
0.21849
0.20570
0.19153
0.17630
0.16533
0.15258
0.13704
0.12291
0.10903
0.09710
0.08706
0.07610
0.06400
0.05129
0.04152
0.03314
0.02289
0.01732
0.01451
0.00681
-0.00188
-0.01548
-0.03087
-0.04104
-0.04786
-0.04887
-0.05096
-0.05550
-0.06404
-0.07347
-0.08112
-0.08942
-0.09849
-0.11056
-0.11747
-0.11874
-0.11663
-0.10985
-0.09986
-0.09154
-0.08625
-0.08372
-0.08966
-0.09612
-0.09754
-0.09022
-0.07986
-0.07179
-0.05734
-0.04814
-0.04940
-0.05607
-0.06656
-0.07365
-0.07507
-0.07135
-0.06074
-0.05474
-0.04614
-0.03338
-0.02501
-0.01831
-0.01882
-0.01658
-0.01553
-0.01072
-0.00218
0.00501
0.01607
0.02539
0.03460
0.04234
0.05117
0.05915
0.06524
0.07156
0.08034
0.09267
0.10728
0.11900
0.12931
0.13813
0.13869
0.13913
0.13994
0.14409
0.15392
0.16280
0.16655
0.16583
0.16188
0.15717
0.15484
0.15082
0.14694
0.13985
0.13191
0.12158
0.10816
0.09861
0.09021
0.08575
0.07863
0.06980
0.05956
0.04538
0.03431
0.02172
0.00829
-0.00568
-0.01912
-0.02798
-0.03910
-0.05103
-0.06375
-0.07988
-0.09488
-0.10650
-0.12104
-0.13720
-0.15240
-0.16961
-0.18266
-0.19857
-0.21318
-0.22821
-0.24552
-0.25942
-0.27386
-0.28459
-0.29728
-0.30897
-0.31875
-0.32928
-0.34062
-0.35239
-0.36148
-0.37143
-0.38099
-0.38887
-0.39814
-0.40653
-0.41572
-0.42542
-0.43161
-0.43591
-0.43948
-0.44178
-0.44164
-0.44229
-0.44282
-0.44417
-0.44635
-0.44927
-0.44501
-0.43585
-0.42673
-0.41331
-0.39809
-0.38018
-0.36296
-0.34529
-0.32716
-0.31032
-0.29722
-0.28566
-0.27602
-0.26701
-0.25904
-0.24949
-0.23840
-0.22807
-0.21951
-0.21263
-0.20014
-0.18883
-0.17508
-0.16025
-0.14648
-0.12904
-0.11059
-0.09044
-0.06634
-0.04117
-0.01310
0.01492
0.03900
0.05444
0.06734
0.08358
0.09880
0.11436
0.12766
0.14443
0.15819
0.17524
0.19384
0.21181
0.22898
0.24458
0.26363
0.28053
0.29867
0.31589
0.33201
0.35033
0.37156
0.38775
0.40399
0.41909
0.43095
0.44396
0.45613
0.46562
0.47164
0.47787
0.48240
0.48864
0.49443
0.49943
0.50473
0.50900
0.51154
0.50985
0.51048
0.50999
0.50475
0.49804
0.49128
0.48479
0.47828
0.47805
0.47731
0.47538
0.47243
0.46826
0.46765
0.46318
0.45924
0.45551
0.44949
0.44096
0.43173
0.42467
0.41363
0.40217
0.38984
0.37613
0.36295
0.34852
0.33364
0.31642
0.30083
0.28859
0.27021
0.24559
0.21523
0.18217
0.15576
0.13454
0.12160
0.11341
0.10380
0.08617
0.05798
0.01706
-0.02860
-0.06305
-0.09391
-0.12736
-0.16193
-0.18878
-0.21207
-0.22699
-0.23323
-0.23974
-0.23172
-0.22109
-0.21249
-0.20212
-0.19482
-0.18627
-0.17610
-0.15266
-0.12608
-0.11043
-0.09896
-0.08984
-0.08436
-0.07938
-0.06838
-0.05546
-0.04107
-0.02171
-0.00664
0.00482
0.01458
0.01991
0.02343
0.02909
0.04663
0.06564
0.08350
0.10020
0.10902
0.11562
0.12612
0.13607
0.14351
0.15448
0.16493
0.17513
0.18650
0.19898
0.20663
0.21053
0.21066
0.20763
0.20232
0.19977
0.20238
0.20689
0.21116
0.20896
0.20594
0.20000
0.19759
0.19415
0.18806
0.18429
0.17569
0.16889
0.15865
0.14616
0.13728
0.13146
0.12727
0.12165
0.11624
0.10461
0.08965
0.07632
0.06160
0.04646
0.03449
0.02343
0.01585
0.00873
-0.00120
-0.00942
-0.01893
-0.02676
-0.03616
-0.04616
-0.05303
-0.05860
-0.06217
-0.06285
-0.06896
-0.07537
-0.08434
-0.09585
-0.10299
-0.11632
-0.12679
-0.14071
-0.15541
-0.17110
-0.18891
-0.20370
-0.22015
-0.23126
-0.23957
-0.24976
-0.26164
-0.27117
-0.28516
-0.30257
-0.32080
-0.33719
-0.35308
-0.36730
-0.37968
-0.39476
-0.40655
-0.42179
-0.43948
-0.45702
-0.47460
-0.49314
-0.51372
-0.53619
-0.55509
-0.57243
-0.59012
-0.60702
-0.62309
-0.63609
-0.64976
-0.65865
-0.66684
-0.67283
-0.67686
-0.68262
-0.68655
-0.68811
-0.69188
-0.69284
-0.68994
-0.68756
-0.68373
-0.67853
-0.66875
-0.66015
-0.64904
-0.63695
-0.62360
-0.60934
-0.59579
-0.58079
-0.56393
-0.54519
-0.52935
-0.51298
-0.49444
-0.47645
-0.45598
-0.43582
-0.41902
-0.39906
-0.37891
-0.35525
-0.33386
-0.31073
-0.28795
-0.26531
-0.24126
-0.21935
-0.19371
-0.17273
-0.14938
-0.12963
-0.10599
-0.08170
-0.05759
-0.03176
-0.01068
0.01319
0.03324
0.05373
0.07373
0.09260
0.10924
0.12455
0.13955
0.15627
0.17239
0.19210
0.21324
0.23273
0.25319
0.27202
0.29621
0.31706
0.33979
0.36138
0.38424
0.40947
0.43054
0.45660
0.48294
0.50816
0.53258
0.55537
0.57580
0.59620
0.61227
0.62660
0.63949
0.65035
0.66236
0.67310
0.68456
0.69394
0.69726
0.69967
0.70570
0.71109
0.71997
0.72228
0.71878
0.71127
0.69825
0.68700
0.67888
0.67428
0.66379
0.64483
0.61454
0.58282
0.55384
0.52581
0.49685
0.46360
0.42947
0.39545
0.36510
0.33482
0.30507
0.27436
0.24172
0.21148
0.18031
0.15237
0.13413
0.12467
0.11862
0.11603
0.11456
0.10177
0.08012
0.05368
0.03065
0.01742
0.00857
0.00833
0.01292
0.01482
0.02170
0.02823
0.03332
0.03802
0.03781
0.03655
0.03585
0.03959
0.04446
0.05242
0.06551
0.08340
0.09621
0.10866
0.12318
0.13389
0.14650
0.16178
0.18127
0.20599
0.23716
0.26267
0.28568
0.30183
0.31126
0.32080
0.33253
0.34947
0.36738
0.38534
0.39689
0.39912
0.39765
0.39847
0.39800
0.40143
0.40416
0.40145
0.39349
0.38419
0.37409
0.36452
0.35695
0.34878
0.34239
0.33282
0.32373
0.31376
0.29945
0.28581
0.27491
0.26473
0.25708
0.24797
0.24264
0.23779
0.23021
0.22097
0.21091
0.20202
0.19081
0.18254
0.17569
0.16679
0.15630
0.14458
0.13069
0.11769
0.10212
0.09027
0.08070
0.07155
0.06010
0.04911
0.03765
0.02627
0.02144
0.01140
0.00264
-0.00309
-0.00923
-0.01583
-0.01978
-0.02568
-0.03278
-0.04086
-0.04800
-0.05586
-0.06414
-0.07036
-0.07982
-0.08973
-0.10498
-0.12348
-0.14512
-0.16475
-0.18179
-0.19894
-0.21467
-0.23319
-0.25304
-0.27325
-0.29586
-0.32006
-0.34384
-0.36480
-0.38747
-0.40851
-0.42829
-0.44965
-0.46791
-0.48995
-0.51121
-0.53320
-0.55579
-0.57559
-0.59728
-0.61651
-0.63999
-0.66161
-0.67875
-0.69879
-0.71723
-0.73667
-0.75168
-0.76598
-0.77609
-0.78409
-0.79473
-0.80092
-0.80728
-0.80999
-0.80923
-0.80779
-0.80434
-0.79737
-0.79279
-0.78730
-0.77657
-0.76457
-0.75049
-0.73431
-0.71561
-0.69681
-0.67779
-0.65592
-0.63553
-0.61490
-0.58928
-0.56526
-0.54091
-0.51439
-0.49120
-0.46582
-0.43925
-0.41320
-0.38345
-0.35488
-0.32656
-0.29805
-0.27144
-0.24565
-0.22091
-0.19868
-0.17324
-0.14764
-0.12189
-0.09828
-0.07655
-0.05278
-0.03392
-0.01142
0.00845
0.02841
0.04908
0.07021
0.09491
0.11547
0.13431
0.15346
0.17234
0.19080
0.21130
0.22925
0.24712
0.26200
0.27597
0.29149
0.30678
0.32299
0.33824
0.35400
0.36645
0.37783
0.39162
0.40246
0.40867
0.41331
0.41180
0.40601
0.39973
0.39945
0.40685
0.41652
0.42083
0.41637
0.41026
0.40228
0.39889
0.39720
0.39535
0.39621
0.39391
0.38930
0.38291
0.37562
0.36687
0.35538
0.33881
0.31598
0.29261
0.27124
0.25570
0.24826
0.24227
0.23305
0.21676
0.19052
0.16087
0.13240
0.10556
0.08402
0.06604
0.04746
0.02895
0.01761
0.01024
0.00187
-0.01005
-0.02395
-0.03664
-0.04557
-0.04188
-0.02676
-0.00775
0.01323
0.03548
0.05357
0.07212
0.08801
0.09485
0.09698
0.10259
0.11680
0.14045
0.16975
0.20017
0.22591
0.24226
0.25552
0.26503
0.27081
0.27942
0.28939
0.29941
0.30647
0.30701
0.31270
0.32381
0.34287
0.36622
0.38524
0.40303
0.41818
0.42857
0.43989
0.45125
0.45461
0.46190
0.47555
0.49174
0.50506
0.51354
0.52040
0.52620
0.53109
0.53394
0.53435
0.53159
0.52865
0.52289
0.51546
0.50809
0.49905
0.49315
0.48898
0.48334
0.47720
0.46741
0.45451
0.44036
0.42666
0.41044
0.39704
0.38978
0.38422
0.38127
0.37527
0.36489
0.34986
0.33359
0.32041
0.31142
0.30153
0.28658
0.27357
0.26132
0.24598
0.23346
0.22118
0.20559
0.19300
0.18116
0.17372
0.16855
0.16401
0.16010
0.15664
0.15440
0.15028
0.14746
0.14297
0.13759
0.13008
0.12241
0.11247
0.09887
0.08390
0.06985
0.05611
0.03996
0.02094
0.00145
-0.01848
-0.04142
-0.06462
-0.09318
-0.12009
-0.14671
-0.17293
-0.19394
-0.20899
-0.22496
-0.24662
-0.26694
-0.28982
-0.31455
-0.34346
-0.37045
-0.39616
-0.42490
-0.45559
-0.48320
-0.51158
-0.54626
-0.57643
-0.60893
-0.63897
-0.67084
-0.70467
-0.73472
-0.76385
-0.78725
-0.80915
-0.82745
-0.84364
-0.86034
-0.87314
-0.88056
-0.89305
-0.90349
-0.91007
-0.91456
-0.91418
-0.91356
-0.91072
-0.90630
-0.89745
-0.88693
-0.87326
-0.85573
-0.83831
-0.81848
-0.79645
-0.77679
-0.75385
-0.72957
-0.70569
-0.67814
-0.64953
-0.62035
-0.59137
-0.56145
-0.52898
-0.49748
-0.46748
-0.43683
-0.40300
-0.36650
-0.33067
-0.29223
-0.25167
-0.21136
-0.17628
-0.14476
-0.11210
-0.07834
-0.04716
-0.01427
0.01658
0.04526
0.07458
0.09907
0.12132
0.14128
0.15854
0.17079
0.18615
0.20193
0.21546
0.22824
0.23582
0.24098
0.24271
0.24094
0.24834
0.25947
0.27520
0.29009
0.29178
0.29405
0.29059
0.28768
0.28903
0.28933
0.28970
0.29191
0.29381
0.29601
0.30214
0.30942
0.32233
0.33393
0.34097
0.34371
0.34444
0.35185
0.36604
0.38614
0.40905
0.42386
0.42861
0.42350
0.41417
0.40690
0.40402
0.40693
0.41067
0.41230
0.40597
0.39579
0.38428
0.37718
0.36954
0.35418
0.33574
0.31402
0.29379
0.27250
0.24899
0.22386
0.19893
0.16977
0.13742
0.10149
0.06364
0.03331
0.01066
-0.00272
-0.00832
-0.00940
-0.01350
-0.01989
-0.03217
-0.04885
-0.05983
-0.06446
-0.05766
-0.04447
-0.03544
-0.03103
-0.02767
-0.01885
-0.00563
0.00942
0.02727
0.04277
0.05385
0.06227
0.06809
0.07171
0.07801
0.08938
0.10320
0.11413
0.12315
0.13264
0.13746
0.14303
0.14982
0.15709
0.17425
0.19299
0.20990
0.22689
0.24206
0.25720
0.26965
0.28944
0.31131
0.33334
0.36047
0.38412
0.40784
0.42280
0.43245
0.43895
0.44397
0.45298
0.45792
0.46652
0.47471
0.48108
0.48525
0.48335
0.47993
0.47620
0.47161
0.47193
0.47209
0.46856
0.46715
0.46091
0.45209
0.44268
0.43670
0.43165
0.42517
0.42200
0.42043
0.41724
0.41385
0.40915
0.40414
0.39820
0.38845
0.38237
0.37418
0.36688
0.35910
0.34885
0.33899
0.32859
0.31720
0.30595
0.29876
0.28934
0.28261
0.27341
0.26585
0.26056
0.25287
0.24425
0.23176
0.22352
0.21617
0.20922
0.20282
0.19705
0.19013
0.18052
0.16697
0.15265
0.13875
0.12272
0.10536
0.08772
0.07134
0.05383
0.03759
0.02289
0.01034
-0.00874
-0.02756
-0.04447
-0.06768
-0.09324
-0.11917
-0.14103
-0.16408
-0.18898
-0.21447
-0.24304
-0.27282
-0.30268
-0.33544
-0.37062
-0.40617
-0.44041
-0.47573
-0.51220
-0.54967
-0.58797
-0.62374
-0.65962
-0.69351
-0.72397
-0.75326
-0.78097
-0.80714
-0.83220
-0.85291
-0.87022
-0.88370
-0.89515
-0.90684
-0.91267
-0.91574
-0.91905
-0.91938
-0.91319
-0.90491
-0.89496
-0.87895
-0.86164
-0.84103
-0.82182
-0.79896
-0.76988
-0.74283
-0.71075
-0.67498
-0.63988
-0.60781
-0.57295
-0.53521
-0.49558
-0.45385
-0.41360
-0.37187
-0.33424
-0.29597
-0.25637
-0.21681
-0.17498
-0.13776
-0.10500
-0.07543
-0.05197
-0.03253
-0.00800
0.02271
0.05378
0.08160
0.10500
0.11713
0.12157
0.12359
0.12410
0.12471
0.12507
0.12421
0.11698
0.11230
0.10835
0.10328
0.09746
0.09569
0.08962
0.07497
0.06364
0.05420
0.05351
0.06081
0.07276
0.07806
0.08168
0.07620
0.06085
0.05216
0.04870
0.04970
0.05481
0.05916
0.05970
0.06509
0.07227
0.08015
0.08598
0.09334
0.09696
0.09942
0.10597
0.11698
0.13095
0.14340
0.15547
0.16242
0.17034
0.17752
0.17963
0.17810
0.18243
0.18785
0.19519
0.19886
0.19644
0.18967
0.17115
0.15212
0.13500
0.12082
0.11178
0.10423
0.08591
0.05986
0.03480
0.01407
0.00270
-0.00363
-0.01075
-0.01755
-0.02535
-0.03766
-0.04959
-0.05816
-0.06406
-0.06391
-0.05609
-0.04748
-0.03787
-0.02702
-0.02114
-0.01482
-0.00488
0.00707
0.02289
0.04281
0.06321
0.08245
0.10077
0.11660
0.13435
0.15112
0.17003
0.18926
0.20446
0.21636
0.22489
0.23640
0.24558
0.25792
0.27416
0.29229
0.31604
0.33542
0.35487
0.37745
0.39565
0.41404
0.43122
0.44795
0.47084
0.49350
0.51177
0.52829
0.54362
0.55521
0.56344
0.56954
0.57117
0.57319
0.57293
0.56827
0.56506
0.55791
0.54533
0.53287
0.51946
0.50480
0.49084
0.47709
0.46427
0.44617
0.42902
0.41252
0.39240
0.37586
0.35965
0.34221
0.32764
0.31408
0.30012
0.28905
0.27596
0.26204
0.24857
0.23420
0.22134
0.21185
0.19927
0.18825
0.17856
0.17052
0.16414
0.15429
0.14906
0.14225
0.13635
0.13241
0.12827
0.11862
0.10949
0.10006
0.08860
0.08194
0.07577
0.07144
0.06363
0.05413
0.04432
0.03549
0.02681
0.01859
0.01074
0.00072
-0.01122
-0.02489
-0.04212
-0.05953
-0.07584
-0.09235
-0.10771
-0.12508
-0.14076
-0.15671
-0.17298
-0.18855
-0.20448
-0.21930
-0.23724
-0.25242
-0.25971
-0.26458
-0.26177
-0.25161
-0.24205
-0.24424
-0.26729
-0.30297
-0.35009
-0.39644
-0.43004
-0.46571
-0.50479
-0.54622
-0.58827
-0.62891
-0.67061
-0.71221
-0.75204
-0.78310
-0.80967
-0.83209
-0.84743
-0.85854
-0.86537
-0.87048
-0.87691
-0.88261
-0.88242
-0.87782
-0.87123
-0.86093
-0.85023
-0.84061
-0.82920
-0.81406
-0.79639
-0.77151
-0.74180
-0.71366
-0.68228
-0.64450
-0.60268
-0.55658
-0.50142
-0.43671
-0.36573
-0.30376
-0.25357
-0.21344
-0.17514
-0.13081
-0.07890
-0.02839
0.01469
0.05767
0.09480
0.13098
0.16445
0.19685
0.22189
0.24047
0.25335
0.25846
0.26423
0.27446
0.29680
0.32695
0.35433
0.36496
0.35810
0.33894
0.31908
0.30405
0.29430
0.28756
0.27875
0.26469
0.24743
0.23763
0.23564
0.24093
0.24119
0.23170
0.22288
0.21713
0.21108
0.20526
0.20227
0.20083
0.20164
0.20589
0.21247
0.21440
0.20876
0.20400
0.20388
0.20944
0.22008
0.23209
0.23788
0.23735
0.23803
0.23548
0.23867
0.25041
0.26603
0.28509
0.30160
0.31691
0.33253
0.34983
0.36688
0.37751
0.38303
0.38703
0.38714
0.37740
0.35505
0.33471
0.31776
0.30525
0.29582
0.27808
0.25759
0.23402
0.20975
0.18518
0.16466
0.14607
0.12735
0.11292
0.09318
0.07563
0.05872
0.03795
0.01511
-0.00849
-0.02349
-0.02870
-0.02657
-0.02973
-0.03848
-0.04600
-0.04802
-0.04646
-0.04542
-0.03966
-0.02803
-0.01371
-0.00252
0.00759
0.01812
0.02747
0.03715
0.04777
0.06234
0.07896
0.09455
0.10995
0.12351
0.13707
0.14778
0.15588
0.16657
0.18041
0.19234
0.20440
0.21270
0.21938
0.22523
0.22810
0.23212
0.23470
0.23725
0.23781
0.24007
0.23982
0.23996
0.23451
0.23059
0.22755
0.22257
0.22143
0.22152
0.22333
0.21623
0.20856
0.20521
0.20221
0.19331
0.18356
0.17468
0.16553
0.15521
0.14792
0.13823
0.12648
0.11696
0.10490
0.09177
0.07504
0.06091
0.04798
0.03634
0.02519
0.00948
-0.00366
-0.01498
-0.03001
-0.04320
-0.05440
-0.06119
-0.07435
-0.08716
-0.09657
-0.10649
-0.11557
-0.12618
-0.13511
-0.14594
-0.15630
-0.16596
-0.17219
-0.18243
-0.19262
-0.20168
-0.20972
-0.21852
-0.22732
-0.23314
-0.24344
-0.25301
-0.26033
-0.26770
-0.27336
-0.27789
-0.28679
-0.29830
-0.30876
-0.32154
-0.33294
-0.34411
-0.35727
-0.36862
-0.37800
-0.38513
-0.39599
-0.40380
-0.41105
-0.41945
-0.42657
-0.43175
-0.43275
-0.43642
-0.44201
-0.44570
-0.45099
-0.45750
-0.46353
-0.47599
-0.48735
-0.50165
-0.51674
-0.52911
-0.54364
-0.55742
-0.57203
-0.58828
-0.60742
-0.62736
-0.64207
-0.65033
-0.65883
-0.66636
-0.67501
-0.68173
-0.68899
-0.69723
-0.69739
-0.69430
-0.68649
-0.67885
-0.67796
-0.68043
-0.68227
-0.68269
-0.68081
-0.67051
-0.65849
-0.65136
-0.64085
-0.62992
-0.61895
-0.60502
-0.58750
-0.56576
-0.54848
-0.52859
-0.50500
-0.47588
-0.43718
-0.38956
-0.33849
-0.29008
-0.24637
-0.20907
-0.17088
-0.13239
-0.08753
-0.03426
0.02055
0.06453
0.10245
0.14064
0.17889
0.21652
0.24941
0.27665
0.30526
0.33484
0.35571
0.38026
0.40097
0.41620
0.43204
0.45182
0.47097
0.48854
0.50276
0.51462
0.53221
0.55599
0.58372
0.60057
0.61541
0.62239
0.62610
0.63236
0.64143
0.65611
0.67054
0.68272
0.68953
0.69599
0.69901
0.70443
0.70969
0.71551
0.72352
0.72684
0.72376
0.72176
0.71846
0.71367
0.71555
0.71600
0.71807
0.71727
0.71522
0.71207
0.70678
0.70531
0.69858
0.69309
0.68984
0.68727
0.68331
0.66951
0.65160
0.63629
0.61799
0.59783
0.58208
0.56315
0.54433
0.52041
0.49538
0.47259
0.44679
0.42378
0.40094
0.37604
0.34952
0.32608
0.30185
0.27956
0.26110
0.24774
0.23763
0.22779
0.22411
0.22550
0.22938
0.23508
0.24374
0.25156
0.25709
0.26745
0.28265
0.29975
0.32075
0.33999
0.35581
0.37002
0.38176
0.39314
0.40667
0.41952
0.43343
0.44541
0.45689
0.46583
0.46777
0.46923
0.46802
0.46688
0.46539
0.46734
0.47031
0.47043
0.46956
0.46555
0.45657
0.44719
0.43682
0.42634
0.41821
0.40511
0.39256
0.37790
0.36096
0.34546
0.32999
0.31392
0.30025
0.28532
0.26837
0.25347
0.23888
0.22437
0.20552
0.18498
0.16465
0.14919
0.13428
0.11874
0.10738
0.09302
0.07792
0.06255
0.04542
0.02852
0.01085
-0.00596
-0.02219
-0.03749
-0.05284
-0.07015
-0.08584
-0.10351
-0.12115
-0.13690
-0.16117
-0.19183
-0.22370
-0.25054
-0.27498
-0.29975
-0.32426
-0.34878
-0.37141
-0.39758
-0.41389
-0.42787
-0.44699
-0.46214
-0.47196
-0.47938
-0.49072
-0.50201
-0.50632
-0.50765
-0.51327
-0.51103
-0.50791
-0.50420
-0.49493
-0.48795
-0.48169
-0.47935
-0.47645
-0.47080
-0.46673
-0.46113
-0.45866
-0.46007
-0.46101
-0.46396
-0.46719
-0.47521
-0.48078
-0.48556
-0.49426
-0.50603
-0.52016
-0.52873
-0.52739
-0.52454
-0.53686
-0.55065
-0.56214
-0.57439
-0.59329
-0.60519
-0.61133
-0.63053
-0.65078
-0.67458
-0.70032
-0.73795
-0.77298
-0.80079
-0.82931
-0.85844
-0.89094
-0.92182
-0.94487
-0.94754
-0.94764
-0.94703
-0.94697
-0.94881
-0.94814
-0.94690
-0.94758
-0.94881
-0.94793
-0.94892
-0.94922
-0.94870
-0.94765
-0.94596
-0.94492
-0.94797
-0.94721
-0.94803
-0.94809
-0.94709
-0.94384
-0.91812
-0.88116
-0.84858
-0.81910
-0.79203
-0.76329
-0.73092
-0.69358
-0.64865
-0.60365
-0.55310
-0.50459
-0.45906
-0.41506
-0.37049
-0.31594
-0.26406
-0.20671
-0.14638
-0.08933
-0.04757
-0.01548
0.01571
0.04934
0.08603
0.12394
0.17400
0.21247
0.24017
0.26121
0.28458
0.30786
0.33233
0.36122
0.38171
0.40179
0.41533
0.42107
0.42251
0.43691
0.45862
0.48144
0.51380
0.54001
0.55979
0.57459
0.58626
0.59215
0.59167
0.60044
0.61145
0.62308
0.63465
0.64054
0.63894
0.63564
0.63864
0.64682
0.65783
0.66710
0.67484
0.68077
0.68504
0.68630
0.68878
0.68947
0.68799
0.68318
0.68100
0.67965
0.67308
0.66163
0.64724
0.62935
0.61764
0.64874
0.73148
0.80296
0.81889
0.85941
0.91308
0.91672
0.89299
0.84169
0.80770
0.81831
0.81702
0.79774
0.77386
0.74984
0.72460
0.68854
0.66058
0.62993
0.59761
0.57584
0.55736
0.53511
0.50753
0.48175
0.46032
0.45300
0.45321
0.45260
0.46018
0.47408
0.49016
0.50383
0.51603
0.52359
0.52769
0.54191
0.55359
0.56359
0.57926
0.58757
0.57702
0.56456
0.56182
0.55102
0.53731
0.52700
0.51938
0.51161
0.50553
0.50992
0.50493
0.50044
0.50675
0.51346
0.52457
0.53028
0.54262
0.54619
0.53968
0.54369
0.54874
0.55200
0.55043
0.55540
0.56338
0.56197
0.55713
0.55630
0.55075
0.54123
0.53542
0.52214
0.50607
0.49258
0.47812
0.45841
0.43960
0.42959
0.41367
0.39268
0.37131
0.34761
0.32448
0.30247
0.26834
0.23489
0.21407
0.18742
0.16220
0.13596
0.10999
0.08217
0.06141
0.04546
0.01703
-0.00465
-0.02545
-0.04531
-0.05526
-0.07171
-0.09816
-0.11358
-0.11283
-0.12714
-0.16295
-0.18077
-0.18714
-0.20762
-0.22917
-0.24061
-0.24574
-0.25067
-0.24696
-0.25369
-0.26994
-0.27844
-0.28489
-0.29177
-0.30015
-0.30943
-0.32406
-0.33510
-0.34698
-0.36033
-0.37668
-0.38300
-0.37875
-0.38539
-0.39456
-0.40867
-0.42904
-0.44594
-0.45884
-0.47224
-0.48957
-0.51176
-0.52340
-0.53234
-0.55355
-0.57812
-0.59713
-0.61840
-0.63723
-0.65736
-0.68240
-0.69829
-0.71383
-0.73485
-0.76595
-0.79244
-0.82590
-0.86656
-0.89585
-0.91965
-0.93853
-0.94753
-0.94585
-0.94818
-0.94890
-0.94958
-0.94949
-0.94905
-0.94877
-0.94844
-0.95092
-0.94956
-0.95038
-0.94932
-0.94887
-0.94859
-0.94959
-0.94881
-0.94668
-0.94573
-0.92461
-0.88729
-0.85038
-0.80940
-0.77479
-0.74612
-0.71661
-0.68848
-0.64850
-0.60833
-0.56702
-0.52736
-0.48941
-0.45746
-0.42575
-0.37488
-0.31923
-0.27535
-0.24031
-0.19742
-0.15786
-0.12440
-0.09018
-0.05673
-0.02689
0.00313
0.03200
0.05753
0.07573
0.09301
0.11202
0.12661
0.13931
0.15676
0.17356
0.18403
0.19581
0.20200
0.20807
0.20834
0.21111
0.21763
0.22177
0.22858
0.23016
0.23210
0.23350
0.23262
0.23516
0.23628
0.23720
0.23540
0.23534
0.23670
0.23651
0.23864
0.24010
0.24465
0.24714
0.25005
0.25624
0.26323
0.26747
0.27391
0.27473
0.27683
0.28039
0.28343
0.28452
0.28109
0.28362
0.30038
0.33365
0.34535
0.34456
0.35024
0.36255
0.37680
0.38803
0.38997
0.39414
0.40578
0.41539
0.41867
0.41485
0.42567
0.42729
0.43240
0.44212
0.43839
0.42144
0.39212
0.37760
0.36986
0.35834
0.33652
0.31527
0.30000
0.28080
0.26531
0.25002
0.23549
0.22474
0.21556
0.20993
0.20363
0.20118
0.20175
0.19750
0.20205
0.21336
0.22631
0.24260
0.26287
0.28330
0.30532
0.32645
0.34608
0.36753
0.38715
0.40810
0.42428
0.44447
0.46248
0.46880
0.46778
0.47825
0.49301
0.50398
0.51189
0.51623
0.52386
0.52503
0.53022
0.53409
0.53993
0.54286
0.54936
0.55185
0.55286
0.56495
0.57028
0.57570
0.57680
0.57134
0.56753
0.57265
0.57513
0.57467
0.57129
0.56875
0.56388
0.55270
0.54661
0.53873
0.52930
0.52092
0.51376
0.50153
0.48783
0.47566
0.46499
0.45832
0.44813
0.43943
0.43562
0.42193
0.39745
0.38358
0.38103
0.36772
0.35072
0.34238
0.33343
0.31530
0.29876
0.29531
0.27962
0.25621
0.23689
0.21607
0.19750
0.17110
0.14865
0.13245
0.11481
0.09550
0.07067
0.04628
0.01944
-0.00666
-0.01056
-0.00459
-0.01855
-0.03728
-0.04876
-0.06239
-0.07214
-0.07981
-0.09046
-0.10159
-0.11579
-0.13049
-0.15039
-0.16781
-0.17819
-0.18695
-0.19790
-0.21460
-0.24016
-0.27775
-0.30670
-0.32015
-0.33429
-0.35794
-0.37910
-0.40688
-0.43921
-0.45982
-0.47301
-0.48653
-0.50294
-0.51234
-0.52828
-0.55228
-0.57596
-0.58698
-0.59475
-0.60420
-0.60685
-0.62163
-0.63999
-0.66240
-0.68082
-0.69381
-0.71335
-0.72991
-0.74209
-0.75235
-0.77278
-0.79783
-0.81858
-0.83249
-0.83927
-0.84322
-0.84270
-0.84672
-0.85676
-0.86257
-0.86175
-0.85687
-0.84759
-0.84267
-0.84132
-0.83704
-0.82982
-0.81892
-0.80665
-0.79010
-0.77228
-0.75423
-0.73270
-0.71448
-0.70171
-0.68766
-0.67511
-0.65486
-0.62677
-0.59898
-0.57184
-0.54154
-0.51430
-0.49551
-0.47045
-0.44442
-0.41055
-0.37371
-0.34300
-0.31888
-0.29613
-0.27833
-0.26443
-0.24004
-0.21689
-0.19119
-0.16367
-0.13619
-0.11420
-0.09273
-0.07629
-0.06454
-0.04358
-0.02349
-0.00556
0.00786
0.02980
0.05033
0.06041
0.07296
0.08379
0.09560
0.10830
0.11954
0.12709
0.13449
0.14153
0.14595
0.15921
0.18362
0.20552
0.22066
0.23635
0.25449
0.26983
0.28226
0.29846
0.31361
0.32726
0.34144
0.35420
0.36818
0.38208
0.39466
0.40568
0.41149
0.41787
0.42082
0.41370
0.40612
0.41395
0.44025
0.45448
0.45073
0.45109
0.45481
0.45241
0.45245
0.45363
0.45159
0.45218
0.45386
0.45243
0.45173
0.45135
0.45358
0.45665
0.43948
0.41272
0.38718
0.37159
0.35825
0.33862
0.32197
0.30088
0.27962
0.25539
0.23277
0.21009
0.18706
0.16791
0.14785
0.13456
0.12170
0.11057
0.10551
0.10313
0.10646
0.11180
0.11867
0.12747
0.14224
0.15758
0.17078
0.19017
0.20577
0.22706
0.24862
0.26682
0.28926
0.30142
0.30703
0.30572
0.30877
0.31590
0.32110
0.32610
0.33217
0.33813
0.34430
0.35053
0.35095
0.35531
0.35937
0.36588
0.36559
0.36494
0.36577
0.36923
0.38240
0.39541
0.41749
0.43057
0.43988
0.45928
0.47525
0.48723
0.49335
0.50210
0.50863
0.50369
0.50363
0.50056
0.50028
0.50189
0.49606
0.48835
0.47829
0.46596
0.45548
0.44803
0.43586
0.42690
0.41085
0.39273
0.37452
0.35637
0.34055
0.32548
0.31308
0.29366
0.27405
0.25206
0.23013
0.20185
0.17068
0.14595
0.11513
0.07835
0.04539
0.01819
-0.00920
-0.03732
-0.06897
-0.10413
-0.14240
-0.18709
-0.22749
-0.24549
-0.24653
-0.25248
-0.26923
-0.28929
-0.30831
-0.32518
-0.33370
-0.34530
-0.36098
-0.37115
-0.36404
-0.33686
-0.31043
-0.29697
-0.30251
-0.30477
-0.30492
-0.30666
-0.30667
-0.31683
-0.31754
-0.30114
-0.28323
-0.27135
-0.26838
-0.27354
-0.28529
-0.30290
-0.31562
-0.32181
-0.32683
-0.34362
-0.36122
-0.37092
-0.38726
-0.40311
-0.41576
-0.42650
-0.43384
-0.44145
-0.45742
-0.47605
-0.49140
-0.50697
-0.51643
-0.52581
-0.53905
-0.54953
-0.56581
-0.58701
-0.60595
-0.62157
-0.63499
-0.64460
-0.64779
-0.64810
-0.64680
-0.64845
-0.65019
-0.65063
-0.65091
-0.64865
-0.64632
-0.64463
-0.63613
-0.62078
-0.60046
-0.57694
-0.55930
-0.54115
-0.51802
-0.49339
-0.47180
-0.45211
-0.43241
-0.41408
-0.39522
-0.37281
-0.34738
-0.32280
-0.29703
-0.27133
-0.24590
-0.22346
-0.20479
-0.18880
-0.17385
-0.15651
-0.13459
-0.11157
-0.09357
-0.07606
-0.06001
-0.04471
-0.02853
-0.01092
0.00631
0.02169
0.04193
0.06034
0.07555
0.09014
0.10346
0.11496
0.12820
0.14618
0.15703
0.16877
0.17916
0.18571
0.19594
0.20534
0.21258
0.21824
0.22712
0.23591
0.24526
0.25096
0.25627
0.26242
0.26938
0.27653
0.27818
0.28073
0.28354
0.28818
0.29293
0.29611
0.29708
0.29280
0.28884
0.28503
0.28105
0.28695
0.29410
0.29968
0.30547
0.31081
0.31383
0.31471
0.31573
0.31509
0.31837
0.32123
0.32460
0.32680
0.32698
0.32972
0.33818
0.34744
0.35925
0.37080
0.37462
0.36553
0.35014
0.33864
0.32849
0.32163
0.31623
0.31329
0.30731
0.30148
0.28942
0.27398
0.25858
0.24203
0.23185
0.22514
0.21898
0.21296
0.20509
0.19662
0.19457
0.19239
0.19252
0.19449
0.20034
0.20833
0.21759
0.23043
0.24029
0.25306
0.26423
0.27532
0.28722
0.29664
0.30815
0.31711
0.32782
0.33790
0.34689
0.35472
0.35884
0.36078
0.36100
0.36667
0.37128
0.37600
0.38290
0.38672
0.38795
0.38670
0.38416
0.38271
0.38046
0.38058
0.37981
0.37586
0.37104
0.36828
0.36324
0.35193
0.33964
0.32539
0.31782
0.31037
0.30200
0.28687
0.26952
0.25810
0.24387
0.22607
0.21155
0.19932
0.17831
0.15712
0.13643
0.11447
0.09081
0.07021
0.04654
0.02086
-0.00268
-0.02758
-0.04862
-0.06699
-0.08224
-0.10016
-0.11503
-0.12460
-0.13766
-0.15119
-0.16324
-0.17410
-0.18506
-0.19988
-0.21439
-0.22816
-0.23979
-0.25213
-0.26420
-0.27321
-0.28612
-0.29854
-0.30889
-0.31390
-0.30839
-0.29462
-0.27710
-0.26470
-0.25945
-0.25887
-0.26276
-0.26564
-0.26378
-0.25275
-0.23374
-0.21607
-0.20410
-0.20149
-0.20007
-0.19417
-0.18695
-0.17576
-0.17009
-0.16748
-0.17211
-0.18452
-0.19571
-0.21201
-0.22659
-0.23597
-0.24385
-0.25532
-0.26870
-0.28818
-0.31085
-0.33336
-0.35133
-0.36275
-0.37391
-0.38594
-0.39755
-0.41006
-0.42628
-0.43731
-0.44922
-0.45571
-0.46032
-0.46912
-0.47997
-0.49653
-0.51553
-0.53357
-0.55007
-0.56194
-0.56798
-0.57552
-0.58092
-0.58724
-0.59409
-0.60366
-0.61202
-0.61777
-0.62146
-0.61765
-0.61094
-0.60231
-0.58984
-0.57557
-0.56229
-0.54841
-0.53519
-0.51635
-0.49335
-0.47268
-0.45406
-0.43496
-0.41767
-0.40155
-0.38373
-0.36433
-0.34452
-0.32477
-0.30376
-0.28392
-0.26200
-0.23850
-0.21540
-0.19466
-0.17116
-0.14554
-0.11955
-0.09396
-0.06781
-0.04260
-0.02109
0.00379
0.02482
0.04557
0.06616
0.08609
0.10455
0.12147
0.14104
0.16221
0.18040
0.19365
0.20988
0.22345
0.23416
0.24322
0.24961
0.25073
0.25251
0.25468
0.25533
0.25530
0.25350
0.25842
0.26238
0.26440
0.26615
0.26726
0.26854
0.26610
0.26495
0.26922
0.27530
0.28587
0.30005
0.31160
0.32092
0.32975
0.33822
0.34711
0.35640
0.36403
0.37480
0.38853
0.39985
0.40874
0.41778
0.43279
0.45074
0.46823
0.48771
0.50390
0.51241
0.51773
0.52198
0.52644
0.53218
0.53827
0.54944
0.55876
0.56450
0.56603
0.57056
0.57933
0.58460
0.58885
0.58153
0.56830
0.55598
0.54253
0.52964
0.52011
0.51081
0.50325
0.49501
0.48329
0.46939
0.45079
0.43424
0.41901
0.40363
0.39363
0.38412
0.37190
0.36026
0.35078
0.34642
0.34475
0.34716
0.34532
0.34449
0.34333
0.34308
0.34631
0.34935
0.35736
0.36144
0.36865
0.37564
0.37833
0.37652
0.37299
0.37014
0.36665
0.36141
0.35737
0.34775
0.33155
0.32135
0.31135
0.30328
0.29370
0.28176
0.26633
0.24491
0.21708
0.18894
0.16296
0.13949
0.12097
0.09788
0.07387
0.05000
0.02418
0.00546
-0.00977
-0.02418
-0.03783
-0.05554
-0.06902
-0.07693
-0.07746
-0.07570
-0.07684
-0.08169
-0.09037
-0.09903
-0.10376
-0.10204
-0.10472
-0.10485
-0.10075
-0.10130
-0.10187
-0.10528
-0.10573
-0.09654
-0.08423
-0.07031
-0.06015
-0.05891
-0.06284
-0.06554
-0.06324
-0.05374
-0.05115
-0.05915
-0.07903
-0.10844
-0.13445
-0.16022
-0.17938
-0.19874
-0.21886
-0.23871
-0.25805
-0.27850
-0.29915
-0.30873
-0.31795
-0.32652
-0.32979
-0.33288
-0.33738
-0.33928
-0.33800
-0.33504
-0.33219
-0.32860
-0.32306
-0.32132
-0.32301
-0.32908
-0.33749
-0.34485
-0.35343
-0.35633
-0.35396
-0.35273
-0.35399
-0.35544
-0.35799
-0.36263
-0.36930
-0.37469
-0.37660
-0.38020
-0.38407
-0.39293
-0.40672
-0.42144
-0.43599
-0.44861
-0.45858
-0.46275
-0.46003
-0.46050
-0.46452
-0.46925
-0.47681
-0.48381
-0.49065
-0.49340
-0.49800
-0.50513
-0.51260
-0.52306
-0.53206
-0.54047
-0.54801
-0.55033
-0.55013
-0.54830
-0.54601
-0.54661
-0.55011
-0.55183
-0.55136
-0.54907
-0.54389
-0.53652
-0.52394
-0.51212
-0.49957
-0.48548
-0.47206
-0.45925
-0.44630
-0.43657
-0.42627
-0.41201
-0.39782
-0.38145
-0.36438
-0.34564
-0.32652
-0.30723
-0.29025
-0.27288
-0.25321
-0.23427
-0.21472
-0.19418
-0.17577
-0.15885
-0.14082
-0.11985
-0.10136
-0.08269
-0.06170
-0.04365
-0.02160
0.00201
0.02363
0.04016
0.05489
0.06999
0.08682
0.10249
0.11926
0.13655
0.15029
0.16556
0.17795
0.18607
0.19327
0.20242
0.20865
0.21535
0.22036
0.22742
0.23628
0.24152
0.25002
0.26077
0.26837
0.27592
0.28611
0.29127
0.29790
0.30594
0.31343
0.31994
0.33012
0.34192
0.34968
0.35957
0.36612
0.37173
0.37394
0.37366
0.38170
0.39936
0.42725
0.45492
0.47118
0.48058
0.48505
0.48378
0.47985
0.47754
0.48087
0.48758
0.50033
0.51392
0.52077
0.52666
0.53330
0.53978
0.54144
0.53872
0.53327
0.52336
0.51473
0.51041
0.50326
0.49347
0.48158
0.47008
0.46100
0.44987
0.44488
0.43967
0.43151
0.42292
0.41348
0.40706
0.39955
0.39288
0.38817
0.38315
0.37934
0.37442
0.36810
0.36237
0.35806
0.35887
0.35827
0.35501
0.34994
0.34624
0.34684
0.34669
0.34777
0.34651
0.34036
0.33206
0.32338
0.31634
0.31296
0.31091
0.30531
0.29488
0.27785
0.25677
0.24335
0.23766
0.23312
0.22557
0.21014
0.19107
0.16922
0.15557
0.14731
0.14072
0.14620
0.15531
0.16306
0.16876
0.17593
0.17949
0.19098
0.20981
0.22394
0.23650
0.24337
0.24890
0.25257
0.25931
0.27076
0.28628
0.29761
0.30232
0.30084
0.29642
0.29720
0.29721
0.29810
0.29472
0.28333
0.26706
0.24702
0.22248
0.20129
0.18255
0.16473
0.15026
0.13041
0.10749
0.07844
0.04417
0.01338
-0.01215
-0.03539
-0.05574
-0.07302
-0.09096
-0.11198
-0.13295
-0.15051
-0.16716
-0.18025
-0.19165
-0.20194
-0.21502
-0.22918
-0.24640
-0.26478
-0.27782
-0.29070
-0.29883
-0.30281
-0.30545
-0.31097
-0.31714
-0.31884
-0.31997
-0.32370
-0.32758
-0.33302
-0.33244
-0.32793
-0.32756
-0.32510
-0.32471
-0.32551
-0.32426
-0.32094
-0.31323
-0.30627
-0.30767
-0.30716
-0.30811
-0.31371
-0.32410
-0.33186
-0.33554
-0.34434
-0.34882
-0.35745
-0.36680
-0.37570
-0.38586
-0.39833
-0.41119
-0.42384
-0.43649
-0.44334
-0.45095
-0.45689
-0.46401
-0.47051
-0.47867
-0.49076
-0.50166
-0.51219
-0.52150
-0.52880
-0.53185
-0.53338
-0.53403
-0.53686
-0.54329
-0.54440
-0.54576
-0.54463
-0.53793
-0.53302
-0.52731
-0.52511
-0.52477
-0.52068
-0.51636
-0.51145
-0.50221
-0.49162
-0.48211
-0.47447
-0.46290
-0.45110
-0.44346
-0.43198
-0.41919
-0.40817
-0.39677
-0.38149
-0.36769
-0.35456
-0.33877
-0.32350
-0.30407
-0.28590
-0.26850
-0.24887
-0.23349
-0.21708
-0.20145
-0.18614
-0.16862
-0.15054
-0.13341
-0.11602
-0.09782
-0.08119
-0.06511
-0.05225
-0.03483
-0.01874
-0.00534
0.00648
0.01557
0.02479
0.03195
0.04173
0.04815
0.05424
0.06062
0.06624
0.07392
0.08202
0.09131
0.09935
0.10675
0.11537
0.12235
0.12949
0.13595
0.14544
0.15942
0.17273
0.19070
0.20856
0.22512
0.24316
0.25918
0.27196
0.28326
0.29508
0.31139
0.32519
0.33734
0.34967
0.36256
0.38158
0.40046
0.42031
0.43852
0.45753
0.47270
0.48356
0.49075
0.49175
0.49069
0.49343
0.49993
0.50628
0.51342
0.51760
0.52476
0.52954
0.53405
0.53702
0.53735
0.53671
0.53304
0.52933
0.51925
0.50768
0.49335
0.47754
0.45888
0.43764
0.41879
0.39777
0.37655
0.35738
0.34051
0.31828
0.29530
0.27630
0.26008
0.25209
0.24229
0.23441
0.23225
0.22579
0.22226
0.22244
0.22502
0.23442
0.24795
0.26375
0.27811
0.29037
0.29820
0.30610
0.32050
0.33680
0.35311
0.36325
0.36781
0.36998
0.37055
0.37948
0.40001
0.42205
0.43574
0.43995
0.43501
0.43231
0.43800
0.44516
0.45155
0.45266
0.45342
0.44952
0.44119
0.43601
0.42981
0.42348
0.41745
0.41050
0.39819
0.38405
0.37124
0.35960
0.34658
0.33965
0.33649
0.32749
0.31853
0.30694
0.29406
0.27771
0.26172
0.24897
0.23521
0.22353
0.20970
0.19270
0.17568
0.15683
0.14136
0.12864
0.11519
0.10487
0.09246
0.07867
0.06459
0.04766
0.03325
0.01971
0.01074
0.00652
0.00213
0.00007
-0.00650
-0.01155
-0.01463
-0.02218
-0.02723
-0.02757
-0.02681
-0.02708
-0.03040
-0.03769
-0.04624
-0.05840
-0.06768
-0.07258
-0.07956
-0.08796
-0.09447
-0.10079
-0.10856
-0.11578
-0.12201
-0.12719
-0.13353
-0.13728
-0.14191
-0.14729
-0.14921
-0.15232
-0.15552
-0.15839
-0.16301
-0.17011
-0.17689
-0.18747
-0.19978
-0.21116
-0.22199
-0.23025
-0.24246
-0.25509
-0.26733
-0.28120
-0.29769
-0.30945
-0.32167
-0.33768
-0.35285
-0.36782
-0.37878
-0.39150
-0.40003
-0.40892
-0.41337
-0.41863
-0.42786
-0.43336
-0.44294
-0.45439
-0.47094
-0.48615
-0.49817
-0.50793
-0.51661
-0.52394
-0.53177
-0.54033
-0.55074
-0.55940
-0.56495
-0.57063
-0.56928
-0.57037
-0.56928
-0.57163
-0.57243
-0.57059
-0.56975
-0.56291
-0.55654
-0.54618
-0.53731
-0.52590
-0.51434
-0.50188
-0.48921
-0.47352
-0.45744
-0.44479
-0.42756
-0.41263
-0.40026
-0.38899
-0.37796
-0.36561
-0.34780
-0.32836
-0.30775
-0.28838
-0.27035
-0.25578
-0.24276
-0.22994
-0.21764
-0.20363
-0.18876
-0.16942
-0.15282
-0.13617
-0.11922
-0.10521
-0.09233
-0.07791
-0.06275
-0.04977
-0.04134
-0.03049
-0.01687
-0.00540
0.00605
0.01770
0.02927
0.04043
0.05100
0.05662
0.06685
0.07795
0.08810
0.10034
0.10680
0.11012
0.11305
0.11629
0.12207
0.12939
0.13428
0.13973
0.14000
0.13836
0.13684
0.13281
0.13380
0.13277
0.13127
0.12946
0.12579
0.12055
0.11469
0.11235
0.11110
0.10708
0.09543
0.08168
0.06463
0.04941
0.04059
0.02917
0.01753
0.00581
-0.00129
0.00178
0.00784
0.01545
0.02234
0.02425
0.02372
0.01986
0.01735
0.01873
0.02404
0.03122
0.03734
0.04537
0.05289
0.06397
0.07792
0.10354
0.12768
0.14513
0.16290
0.16960
0.17527
0.18430
0.20586
0.23463
0.26557
0.28843
0.29907
0.30251
0.30811
0.32315
0.33697
0.35154
0.36198
0.36993
0.37868
0.38857
0.39610
0.40734
0.41703
0.42364
0.42468
0.41232
0.39879
0.38419
0.37326
0.36979
0.36876
0.36727
0.37301
0.37538
0.37371
0.37511
0.37187
0.36928
0.36815
0.37548
0.38084
0.37937
0.37895
0.38240
0.38604
0.38686
0.39046
0.39644
0.40302
0.40029
0.39831
0.39287
0.38792
0.38502
0.38461
0.39180
0.39158
0.39270
0.39727
0.39847
0.39473
0.39294
0.39267
0.39277
0.39210
0.39455
0.39536
0.39085
0.38099
0.37305
0.36514
0.34983
0.34138
0.32590
0.31064
0.29126
0.26740
0.24461
0.21413
0.18988
0.17415
0.16671
0.16036
0.14817
0.13703
0.12854
0.11400
0.10112
0.08545
0.06908
0.05504
0.04292
0.03263
0.01701
0.00179
-0.01000
-0.01462
-0.02632
-0.03272
-0.03992
-0.04866
-0.05644
-0.07185
-0.08382
-0.09876
-0.11282
-0.13346
-0.14954
-0.16561
-0.18372
-0.19836
-0.21347
-0.22816
-0.24273
-0.25355
-0.26699
-0.27670
-0.28356
-0.28671
-0.29322
-0.30393
-0.31548
-0.32534
-0.33258
-0.34414
-0.35608
-0.36673
-0.37580
-0.38079
-0.38319
-0.38647
-0.38835
-0.39386
-0.39728
-0.39941
-0.40042
-0.40248
-0.40926
-0.41408
-0.42736
-0.44286
-0.45443
-0.46469
-0.47494
-0.48058
-0.48119
-0.48450
-0.49044
-0.49706
-0.50058
-0.50359
-0.50494
-0.50132
-0.49722
-0.49451
-0.48923
-0.48217
-0.47539
-0.47191
-0.46566
-0.45753
-0.45363
-0.44810
-0.44133
-0.42954
-0.41733
-0.40900
-0.39939
-0.38959
-0.37685
-0.36163
-0.34635
-0.33143
-0.31523
-0.29811
-0.28124
-0.26338
-0.25002
-0.23550
-0.21779
-0.20142
-0.18679
-0.17201
-0.15772
-0.14750
-0.13673
-0.12349
-0.10747
-0.09304
-0.08241
-0.07347
-0.06487
-0.05900
-0.05434
-0.05216
-0.05456
-0.05709
-0.05698
-0.05816
-0.06006
-0.05693
-0.05779
-0.05988
-0.06179
-0.06611
-0.06920
-0.07046
-0.06943
-0.07025
-0.07479
-0.07947
-0.08552
-0.08845
-0.09009
-0.09513
-0.09845
-0.10271
-0.10253
-0.10090
-0.09695
-0.09153
-0.08926
-0.08557
-0.08484
-0.08440
-0.08046
-0.07290
-0.06102
-0.04695
-0.02675
-0.00509
0.01392
0.03599
0.05956
0.08962
0.12006
0.14853
0.17613
0.19158
0.20211
0.21768
0.24081
0.27367
0.30626
0.33094
0.34674
0.35653
0.36962
0.38647
0.40634
0.42899
0.44654
0.45698
0.46392
0.46595
0.46485
0.46630
0.46834
0.46381
0.45581
0.44424
0.43135
0.41658
0.40518
0.40390
0.40344
0.40467
0.40458
0.40172
0.39305
0.37927
0.36719
0.35612
0.34827
0.34649
0.34826
0.34686
0.34417
0.34111
0.33619
0.33408
0.33161
0.33006
0.32836
0.32428
0.32045
0.31233
0.30665
0.30762
0.31302
0.32461
0.33705
0.34857
0.35984
0.36674
0.37361
0.37859
0.38512
0.39810
0.41242
0.42899
0.44545
0.45760
0.46676
0.47129
0.47115
0.47108
0.46856
0.46810
0.46646
0.46043
0.45649
0.44896
0.43624
0.42495
0.41227
0.39911
0.38903
0.37742
0.36163
0.34581
0.33375
0.31975
0.30440
0.29086
0.27791
0.26269
0.24732
0.23497
0.22350
0.21259
0.20228
0.19233
0.18030
0.16624
0.15426
0.14276
0.12970
0.11892
0.10914
0.09541
0.08017
0.06615
0.05075
0.03688
0.02353
0.01131
0.00210
-0.00996
-0.02227
-0.03439
-0.04128
-0.04762
-0.05842
-0.06766
-0.07931
-0.08884
-0.09827
-0.10988
-0.11988
-0.12864
-0.13906
-0.14735
-0.15364
-0.16043
-0.16612
-0.17093
-0.17796
-0.18622
-0.19253
-0.19949
-0.20377
-0.21042
-0.21648
-0.22363
-0.22996
-0.23765
-0.24817
-0.25648
-0.26515
-0.27585
-0.28501
-0.29278
-0.30547
-0.31356
-0.32504
-0.33476
-0.34594
-0.35683
-0.36666
-0.37969
-0.38898
-0.40156
-0.41340
-0.42637
-0.43843
-0.44920
-0.45599
-0.46307
-0.46972
-0.47644
-0.48311
-0.48981
-0.49551
-0.49769
-0.50018
-0.50100
-0.50356
-0.50313
-0.50261
-0.49758
-0.49408
-0.48922
-0.48166
-0.47558
-0.46781
-0.46173
-0.45168
-0.44116
-0.42898
-0.41833
-0.40496
-0.39193
-0.38242
-0.37068
-0.35912
-0.34833
-0.33098
-0.31396
-0.30339
-0.28825
-0.28092
-0.27454
-0.26774
-0.26415
-0.25576
-0.25159
-0.24659
-0.24310
-0.24076
-0.23954
-0.24057
-0.23412
-0.22555
-0.21867
-0.21677
-0.21251
-0.21005
-0.21758
-0.23400
-0.26142
-0.28720
-0.30832
-0.31692
-0.31837
-0.32238
-0.32181
-0.32088
-0.31873
-0.31660
-0.31514
-0.30840
-0.30196
-0.29495
-0.28776
-0.27993
-0.26743
-0.25649
-0.24029
-0.20899
-0.16669
-0.13450
-0.11232
-0.09713
-0.08401
-0.06463
-0.03909
-0.00008
0.04293
0.08342
0.11146
0.13621
0.15673
0.17670
0.19945
0.21827
0.23368
0.23898
0.24783
0.25515
0.26481
0.27338
0.28152
0.28769
0.28876
0.28607
0.27529
0.26410
0.25074
0.24113
0.22952
0.22269
0.21613
0.20800
0.20212
0.18963
0.17681
0.16671
0.15972
0.15638
0.15417
0.14886
0.14314
0.14331
0.14754
0.14803
0.15324
0.15847
0.16539
0.17368
0.18242
0.19226
0.19773
0.20776
0.21454
0.22208
0.22789
0.23530
0.24183
0.24300
0.24878
0.25453
0.26298
0.27478
0.29372
0.31242
0.32773
0.34369
0.35261
0.36187
0.37265
0.38233
0.39166
0.39720
0.40262
0.40531
0.41005
0.41402
0.41510
0.42034
0.42578
0.42976
0.43500
0.43823
0.43996
0.44413
0.44694
0.45067
0.45026
0.45174
0.45074
0.44563
0.44347
0.43819
0.43162
0.42370
0.41889
0.41431
0.40981
0.40521
0.39783
0.39081
0.38545
0.37845
0.36976
0.36054
0.35266
0.34589
0.33931
0.33418
0.32978
0.32558
0.32137
0.31690
0.30679
0.29849
0.28749
0.27718
0.26866
0.25946
0.25446
0.24495
0.23615
0.22646
0.21576
0.20214
0.18845
0.17534
0.16008
0.14325
0.12803
0.11832
0.10594
0.09374
0.08101
0.06691
0.05402
0.04304
0.03269
0.02468
0.01779
0.01329
0.00959
0.00671
0.00385
-0.00184
-0.00628
-0.01592
-0.02397
-0.03305
-0.04114
-0.04637
-0.05100
-0.05561
-0.06204
-0.06794
-0.07991
-0.08991
-0.09822
-0.10561
-0.11492
-0.12792
-0.14096
-0.15556
-0.16810
-0.18004
-0.18990
-0.20037
-0.21300
-0.22594
-0.24055
-0.25169
-0.26050
-0.26533
-0.26868
-0.27163
-0.27286
-0.27494
-0.27552
-0.27864
-0.28000
-0.27854
-0.27921
-0.28291
-0.28451
-0.28837
-0.29361
-0.29786
-0.30458
-0.31042
-0.31809
-0.32562
-0.33221
-0.33603
-0.33737
-0.33576
-0.33595
-0.33599
-0.33395
-0.33251
-0.33176
-0.33019
-0.32506
-0.32553
-0.32363
-0.31968
-0.32131
-0.32219
-0.32392
-0.33082
-0.33934
-0.34969
-0.35943
-0.36637
-0.37278
-0.37678
-0.38661
-0.39781
-0.40830
-0.41560
-0.42117
-0.42847
-0.43490
-0.44907
-0.46088
-0.47202
-0.48159
-0.48529
-0.48445
-0.47735
-0.47001
-0.46186
-0.45404
-0.44303
-0.42685
-0.40533
-0.38385
-0.36772
-0.35880
-0.35508
-0.34615
-0.32705
-0.29361
-0.25273
-0.22149
-0.19910
-0.18334
-0.16903
-0.14875
-0.12591
-0.10255
-0.08204
-0.06432
-0.05084
-0.03504
-0.01739
-0.00148
0.01221
0.01997
0.02384
0.02301
0.01912
0.01426
0.01043
0.01159
0.01530
0.01767
0.01844
0.01623
0.01261
0.00414
-0.00175
-0.00455
-0.00736
-0.00675
-0.00589
-0.00686
-0.00852
-0.00925
-0.00730
0.00326
0.01367
0.02219
0.03188
0.04097
0.05047
0.06499
0.07780
0.09046
0.10717
0.11918
0.12977
0.14063
0.15076
0.16333
0.17849
0.19184
0.21011
0.22993
0.24834
0.26811
0.28675
0.30292
0.31677
0.32849
0.34288
0.35713
0.36956
0.38283
0.39376
0.40406
0.40801
0.41021
0.41137
0.41124
0.40998
0.40998
0.41136
0.41333
0.41518
0.41631
0.41810
0.41435
0.41234
0.40704
0.40022
0.39788
0.39537
0.39414
0.39470
0.39553
0.39454
0.39124
0.38592
0.38118
0.37597
0.37081
0.36830
0.36564
0.36161
0.35744
0.35471
0.35196
0.35123
0.35294
0.35264
0.35103
0.35073
0.34942
0.34561
0.34559
0.34420
0.34056
0.33798
0.33413
0.32907
0.32688
0.32446
0.32374
0.32578
0.32425
0.32427
0.32212
0.31726
0.31345
0.30879
0.30121
0.29337
0.28274
0.27161
0.26577
0.26039
0.25353
0.24688
0.23776
0.22839
0.21924
0.21294
0.20859
0.20215
0.19716
0.19008
0.18155
0.17070
0.16079
0.14913
0.13701
0.12528
0.11697
0.11276
0.10800
0.10310
0.09471
0.08665
0.07855
0.07101
0.06537
0.05903
0.05203
0.04541
0.03321
0.02186
0.01240
0.00471
-0.00180
-0.00586
-0.00965
-0.01713
-0.02235
-0.02669
-0.02942
-0.03326
-0.03601
-0.04179
-0.04773
-0.05279
-0.05919
-0.06406
-0.06706
-0.06712
-0.06693
-0.06977
-0.07209
-0.07430
-0.07753
-0.07905
-0.08209
-0.08278
-0.08483
-0.08968
-0.09428
-0.09842
-0.10090
-0.10273
-0.10506
-0.10809
-0.11434
-0.12360
-0.13632
-0.15252
-0.16921
-0.18199
-0.19390
-0.20622
-0.21765
-0.23416
-0.25298
-0.27180
-0.28709
-0.30067
-0.31577
-0.33258
-0.34602
-0.35954
-0.36836
-0.37768
-0.39501
-0.41014
-0.42670
-0.44186
-0.45858
-0.47222
-0.48103
-0.48729
-0.48992
-0.49244
-0.49473
-0.49110
-0.48121
-0.46934
-0.45392
-0.44001
-0.43290
-0.43329
-0.43089
-0.42023
-0.39737
-0.36265
-0.33142
-0.30901
-0.29581
-0.28346
-0.26224
-0.23479
-0.20792
-0.18448
-0.16494
-0.15364
-0.14151
-0.12737
-0.11197
-0.09610
-0.08903
-0.08693
-0.08661
-0.09062
-0.09725
-0.10300
-0.10581
-0.10737
-0.10749
-0.10252
-0.09915
-0.09817
-0.10085
-0.10636
-0.11310
-0.11866
-0.12103
-0.12587
-0.13148
-0.13786
-0.14491
-0.15102
-0.15134
-0.14577
-0.13849
-0.12920
-0.12346
-0.12096
-0.11370
-0.10578
-0.09674
-0.08384
-0.07189
-0.05357
-0.03047
-0.01106
0.00654
0.02200
0.04064
0.06016
0.08182
0.10640
0.13107
0.15410
0.17317
0.19020
0.20268
0.21756
0.22934
0.23915
0.25223
0.26465
0.27614
0.28656
0.29520
0.30386
0.31073
0.31325
0.31314
0.30723
0.30225
0.29878
0.29404
0.29018
0.28579
0.27587
0.26302
0.24933
0.23604
0.22471
0.21673
0.21211
0.20971
0.21175
0.21248
0.21434
0.21587
0.21749
0.22088
0.22280
0.22570
0.22885
0.23227
0.23660
0.24217
0.24993
0.25450
0.25933
0.26441
0.26433
0.26706
0.26821
0.27027
0.27466
0.27949
0.28582
0.29099
0.29788
0.30118
0.30339
0.30556
0.30839
0.31330
0.31821
0.32147
0.32531
0.33050
0.33242
0.33567
0.33843
0.34122
0.33963
0.33616
0.33398
0.33000
0.32646
0.32140
0.31551
0.30716
0.30194
0.29692
0.28988
0.28458
0.28021
0.27523
0.27451
0.27435
0.26996
0.26607
0.25892
0.25331
0.24526
0.23607
0.22944
0.22458
0.22238
0.21820
0.21425
0.20896
0.20268
0.19380
0.18277
0.17579
0.16936
0.16080
0.15110
0.13910
0.12555
0.11244
0.10306
0.09518
0.08384
0.07190
0.06045
0.04885
0.03960
0.03114
0.02379
0.01879
0.01434
0.01175
0.00833
0.00373
0.00081
-0.00304
-0.00524
-0.00835
-0.01135
-0.01203
-0.01302
-0.01275
-0.01462
-0.01447
-0.01383
-0.01765
-0.02107
-0.02446
-0.02862
-0.02903
-0.03124
-0.03522
-0.04031
-0.04972
-0.05967
-0.07108
-0.08185
-0.09592
-0.11324
-0.13027
-0.14573
-0.16072
-0.17662
-0.19306
-0.21217
-0.22996
-0.24638
-0.26269
-0.27871
-0.29458
-0.31249
-0.33063
-0.34661
-0.36370
-0.37743
-0.39403
-0.40975
-0.41881
-0.43296
-0.44534
-0.45671
-0.46348
-0.46370
-0.45930
-0.45562
-0.46334
-0.47275
-0.48355
-0.48566
-0.47111
-0.44553
-0.41636
-0.39082
-0.37324
-0.36044
-0.34374
-0.32483
-0.30450
-0.28664
-0.27227
-0.26102
-0.24815
-0.23317
-0.21569
-0.19853
-0.19111
-0.19016
-0.19474
-0.20367
-0.21094
-0.21168
-0.21331
-0.21339
-0.21179
-0.21617
-0.22179
-0.23208
-0.24195
-0.24875
-0.25625
-0.26028
-0.26640
-0.27539
-0.28443
-0.29671
-0.30870
-0.31573
-0.31863
-0.32064
-0.32248
-0.32665
-0.33372
-0.33855
-0.33857
-0.33347
-0.32329
-0.31034
-0.29626
-0.28400
-0.26645
-0.24671
-0.23173
-0.21138
-0.19136
-0.17182
-0.14943
-0.12900
-0.11149
-0.09488
-0.07975
-0.06804
-0.05627
-0.04126
-0.02827
-0.01704
-0.00335
0.00820
0.02059
0.03287
0.04479
0.05956
0.07526
0.09068
0.10991
0.12774
0.14574
0.16370
0.17284
0.17986
0.18016
0.17786
0.17876
0.17847
0.17826
0.17632
0.17335
0.16891
0.16364
0.15792
0.15512
0.15600
0.15409
0.15337
0.15371
0.15450
0.15289
0.15087
0.14957
0.14848
0.15072
0.15430
0.16174
0.16687
0.17321
0.17926
0.18435
0.18911
0.19199
0.19467
0.19647
0.20096
0.20450
0.21016
0.21639
0.22354
0.23302
0.24034
0.24862
0.25576
0.26023
0.26479
0.26960
0.27331
0.27702
0.28325
0.28897
0.29634
0.30265
0.30953
0.31403
0.31378
0.31348
0.31020
0.30863
0.30817
0.30964
0.31221
0.31432
0.31467
0.31569
0.31607
0.31380
0.31397
0.31712
0.31864
0.32046
0.32313
0.32094
0.31743
0.31263
0.30896
0.30483
0.30049
0.29753
0.29406
0.29164
0.28911
0.28723
0.28559
0.28136
0.28095
0.27965
0.27509
0.27089
0.26384
0.25468
0.24309
0.23472
0.22715
0.22087
0.21512
0.20830
0.19961
0.19160
0.18845
0.18668
0.18465
0.18136
0.17779
0.17359
0.16777
0.16236
0.15824
0.15712
0.15641
0.15121
0.14970
0.14724
0.14572
0.14531
0.14491
0.14702
0.14855
0.14894
0.14666
0.14732
0.14431
0.14164
0.14274
0.14333
0.14241
0.13877
0.13071
0.11908
0.10630
0.09033
0.07356
0.06091
0.04656
0.02790
0.01098
-0.01013
-0.03057
-0.05185
-0.07286
-0.09043
-0.10817
-0.12442
-0.14292
-0.16072
-0.17426
-0.18826
-0.19935
-0.20898
-0.22315
-0.22795
-0.22904
-0.22514
-0.21912
-0.22097
-0.22763
-0.23880
-0.24563
-0.24099
-0.22060
-0.19988
-0.18347
-0.17219
-0.16684
-0.15747
-0.14144
-0.12464
-0.11205
-0.10080
-0.09520
-0.09013
-0.08186
-0.07107
-0.06257
-0.05962
-0.06106
-0.07141
-0.08106
-0.09375
-0.10629
-0.11401
-0.11996
-0.12142
-0.12310
-0.12141
-0.12318
-0.12719
-0.13541
-0.14596
-0.15536
-0.16444
-0.17047
-0.17927
-0.18968
-0.20306
-0.21643
-0.22842
-0.23551
-0.23912
-0.24322
-0.24955
-0.25841
-0.26990
-0.27977
-0.28197
-0.28092
-0.27508
-0.26341
-0.25095
-0.24127
-0.23191
-0.22626
-0.21355
-0.19468
-0.17668
-0.15187
-0.13026
-0.10847
-0.08798
-0.07355
-0.06193
-0.04976
-0.03700
-0.02376
-0.00927
0.00179
0.01481
0.02425
0.03046
0.03480
0.03717
0.04049
0.04660
0.05393
0.06163
0.06755
0.06665
0.06980
0.06960
0.06843
0.06808
0.06335
0.06042
0.05543
0.05299
0.05240
0.05072
0.04990
0.04619
0.04168
0.03715
0.03175
0.02708
0.02407
0.02226
0.01711
0.01255
0.01090
0.01069
0.01224
0.01349
0.01382
0.01255
0.01052
0.01124
0.01333
0.01643
0.02036
0.02243
0.02329
0.02493
0.02961
0.03142
0.03406
0.03974
0.04540
0.05307
0.06217
0.07068
0.07688
0.08541
0.09194
0.09910
0.10613
0.10955
0.11608
0.12147
0.12834
0.13384
0.13714
0.14478
0.14599
0.14673
0.14760
0.14453
0.14488
0.14164
0.14171
0.14181
0.14137
0.14222
0.14002
0.13928
0.13785
0.13754
0.13734
0.14075
0.14348
0.14359
0.14374
0.14110
0.13693
0.13360
0.12893
0.12531
0.12531
0.12523
0.12801
0.12904
0.12810
0.12766
0.12553
0.12224
0.11850
0.11594
0.11298
0.10780
0.10201
0.09344
0.08405
0.07822
0.07467
0.07391
0.07294
0.06921
0.06499
0.06162
0.05838
0.05786
0.06038
0.05994
0.05991
0.05701
0.05340
0.05362
0.05122
0.05202
0.05339
0.05187
0.04874
0.04747
0.04519
0.04428
0.04589
0.04647
0.04834
0.04678
0.04681
0.04607
0.04689
0.05418
0.06030
0.06284
0.06488
0.06492
0.06328
0.05640
0.04899
0.04230
0.02813
0.01608
0.00527
-0.00898
-0.02597
-0.04274
-0.05720
-0.07373
-0.08834
-0.10396
-0.12378
-0.13856
-0.15213
-0.16148
-0.17254
-0.18387
-0.18521
-0.18502
-0.18305
-0.18427
-0.19157
-0.20865
-0.23088
-0.24822
-0.25599
-0.25333
-0.24922
-0.24857
-0.25124
-0.25238
-0.24679
-0.23913
-0.22928
-0.21863
-0.21214
-0.20606
-0.19783
-0.18324
-0.16883
-0.15803
-0.15085
-0.15070
-0.15166
-0.15554
-0.15957
-0.16222
-0.16762
-0.17015
-0.17405
-0.17891
-0.18226
-0.18820
-0.19424
-0.20017
-0.20815
-0.21357
-0.21972
-0.22952
-0.24016
-0.25131
-0.25142
-0.24755
-0.24737
-0.24500
-0.24592
-0.24938
-0.25464
-0.26038
-0.26300
-0.26669
-0.27014
-0.27412
-0.27928
-0.28519
-0.28001
-0.26470
-0.24921
-0.22986
-0.21077
-0.18923
-0.16818
-0.14900
-0.13056
-0.11088
-0.09323
-0.07934
-0.06341
-0.04837
-0.03279
-0.01816
-0.00622
0.00775
0.02098
0.03158
0.04440
0.05696
0.06625
0.07471
0.08401
0.09051
0.09739
0.10037
0.09982
0.10166
0.10057
0.10198
0.10273
0.10174
0.10009
0.09771
0.09563
0.09058
0.08633
0.08340
0.08448
0.08635
0.08772
0.08859
0.08687
0.08466
0.08193
0.07764
0.07216
0.06936
0.06926
0.06997
0.07201
0.07427
0.07475
0.07468
0.07159
0.07006
0.06864
0.06587
0.06912
0.07301
0.07316
0.07582
0.07726
0.07954
0.08611
0.09122
0.09872
0.10225
0.10525
0.11268
0.12111
0.13116
0.14174
0.15151
0.16191
0.17312
0.18514
0.19664
0.20393
0.21280
0.22334
0.23347
0.24122
0.24728
0.25368
0.25579
0.25666
0.25583
0.25135
0.24634
0.24381
0.24413
0.24394
0.24465
0.24391
0.24286
0.24093
0.23981
0.23863
0.23794
0.23913
0.23608
0.23311
0.22617
0.21723
0.21052
0.20487
0.20382
0.20568
0.20824
0.21149
0.21343
0.21392
0.21483
0.21343
0.20976
0.20306
0.19535
0.18614
0.17262
0.15801
0.13934
0.12014
0.10153
0.08923
0.07983
0.06940
0.06134
0.05179
0.04511
0.03829
0.03650
0.04024
0.04457
0.04938
0.05567
0.06197
0.06902
0.07524
0.08060
0.08502
0.08785
0.08983
0.08958
0.09100
0.09022
0.08994
0.09106
0.09301
0.09252
0.09074
0.08782
0.08331
0.07969
0.08020
0.07999
0.07733
0.07431
0.06777
0.05883
0.04510
0.03089
0.01208
-0.00706
-0.02616
-0.04410
-0.06144
-0.08144
-0.09831
-0.11421
-0.13077
-0.14481
-0.15700
-0.16959
-0.18275
-0.19743
-0.20771
-0.21410
-0.21961
-0.22972
-0.24572
-0.26709
-0.28376
-0.29077
-0.28842
-0.28144
-0.28254
-0.28785
-0.29304
-0.29126
-0.28313
-0.27317
-0.26227
-0.25648
-0.25575
-0.24989
-0.24023
-0.23103
-0.22148
-0.21377
-0.21164
-0.21020
-0.20910
-0.21154
-0.21249
-0.21350
-0.21265
-0.21083
-0.20458
-0.19885
-0.19711
-0.19944
-0.20357
-0.20718
-0.21051
-0.21020
-0.21360
-0.22026
-0.22757
-0.22914
-0.23049
-0.22995
-0.22393
-0.21976
-0.21389
-0.21049
-0.21008
-0.21143
-0.21641
-0.21974
-0.22210
-0.22493
-0.22808
-0.23079
-0.23528
-0.23741
-0.22900
-0.21332
-0.19176
-0.17069
-0.15078
-0.13560
-0.12184
-0.11043
-0.10100
-0.08803
-0.07368
-0.05701
-0.04034
-0.02478
-0.01205
0.00092
0.00971
0.02006
0.02918
0.04024
0.05480
0.06727
0.07952
0.08801
0.09533
0.09780
0.10134
0.10639
0.11114
0.11515
0.11693
0.12196
0.12551
0.12613
0.13017
0.12765
0.12259
0.11747
0.10958
0.10859
0.10575
0.10176
0.09851
0.09462
0.08662
0.07817
0.07383
0.06977
0.06934
0.06908
0.07075
0.07237
0.07454
0.07711
0.07696
0.07618
0.07525
0.07468
0.07618
0.08249
0.08967
0.10121
0.11106
0.11875
0.12762
0.13403
0.14085
0.14753
0.15445
0.15983
0.16762
0.17577
0.18460
0.19346
0.20214
0.21211
0.21942
0.22754
0.23311
0.23574
0.24040
0.24527
0.24981
0.25682
0.26313
0.26972
0.27530
0.27935
0.28023
0.27759
0.27623
0.27359
0.27256
0.27341
0.27477
0.27320
0.27269
0.27120
0.26879
0.26972
0.27092
0.27260
0.27364
0.27631
0.27401
0.27072
0.26667
0.26169
0.25710
0.25158
0.24951
0.24724
0.24382
0.24200
0.24067
0.23543
0.23271
0.22888
0.22420
0.21991
0.21454
0.20862
0.19788
0.18759
0.17518
0.16532
0.15923
0.15556
0.15279
0.14625
0.13891
0.13089
0.12590
0.12010
0.11775
0.11768
0.11401
0.11112
0.10770
0.10475
0.10564
0.10849
0.10984
0.11138
0.11225
0.11428
0.11790
0.12265
0.12627
0.13117
0.13289
0.12995
0.12818
0.12455
0.12299
0.12453
0.12740
0.12938
0.12736
0.12367
0.11948
0.11043
0.09858
0.08041
0.05949
0.03781
0.01933
0.00382
-0.01411
-0.02973
-0.04644
-0.05975
-0.07299
-0.08623
-0.09403
-0.09984
-0.10683
-0.10872
-0.11224
-0.12309
-0.13664
-0.15339
-0.16618
-0.17047
-0.17221
-0.17786
-0.18692
-0.19874
-0.20433
-0.20339
-0.20481
-0.20213
-0.19692
-0.19839
-0.19947
-0.20062
-0.20121
-0.20157
-0.20189
-0.20328
-0.20473
-0.20607
-0.21084
-0.21521
-0.22295
-0.22769
-0.22816
-0.22529
-0.21889
-0.21418
-0.21768
-0.22479
-0.23425
-0.24430
-0.25191
-0.25637
-0.25928
-0.26391
-0.26537
-0.26822
-0.26927
-0.27213
-0.27356
-0.27298
-0.27143
-0.26675
-0.26188
-0.25818
-0.25604
-0.25644
-0.26031
-0.26275
-0.26348
-0.26190
-0.26236
-0.26517
-0.27172
-0.27561
-0.27698
-0.27234
-0.26092
-0.24929
-0.23691
-0.22802
-0.21967
-0.20814
-0.19293
-0.17507
-0.15216
-0.12922
-0.10830
-0.09052
-0.07564
-0.06428
-0.05560
-0.04830
-0.03959
-0.02978
-0.01834
-0.00651
-0.00093
0.00506
0.00901
0.00903
0.00692
0.00664
0.01112
0.01837
0.02440
0.03010
0.03289
0.03326
0.03086
0.02880
0.02945
0.02446
0.01919
0.01266
0.00777
0.00450
0.00165
0.00180
0.00084
-0.00159
-0.00490
-0.00927
-0.01362
-0.01843
-0.02136
-0.02161
-0.02226
-0.02035
-0.01980
-0.01982
-0.01664
-0.01458
-0.01103
-0.00667
0.00123
0.01343
0.02366
0.03256
0.04037
0.04840
0.05478
0.06196
0.06832
0.07396
0.08057
0.08845
0.10021
0.11163
0.12224
0.13549
0.14770
0.15768
0.16840
0.17634
0.18368
0.19112
0.19808
0.20659
0.21824
0.22773
0.23818
0.24498
0.24774
0.25115
0.25087
0.25019
0.24933
0.25040
0.24959
0.24984
0.25155
0.25191
0.25015
0.25159
0.25136
0.25175
0.25567
0.25570
0.25584
0.25332
0.25008
0.24534
0.24133
0.23707
0.23655
0.23739
0.23732
0.23899
0.23849
0.23973
0.23976
0.23609
0.23250
0.22971
0.22496
0.22114
0.21711
0.20878
0.19803
0.18969
0.18341
0.17918
0.17761
0.17421
0.16807
0.16342
0.15883
0.15529
0.15499
0.15335
0.15473
0.15449
0.15263
0.15408
0.15456
0.15702
0.16175
0.16754
0.17299
0.17998
0.18689
0.19358
0.20058
0.20683
0.21431
0.21947
0.22280
0.22663
0.23168
0.23566
0.23780
0.24136
0.24340
0.24114
0.23871
0.23057
0.22207
0.21097
0.19474
0.17626
0.15349
0.13559
0.11865
0.10344
0.08497
0.06977
0.05890
0.05026
0.04670
0.04449
0.04378
0.03552
0.02492
0.01695
0.01358
0.01527
0.01646
0.01617
0.01427
0.01335
0.01909
0.02098
0.01775
0.01345
0.00714
-0.00037
-0.00738
-0.00902
-0.01320
-0.02118
-0.03450
-0.04890
-0.06115
-0.07308
-0.08295
-0.09209
-0.10076
-0.11037
-0.11446
-0.11539
-0.11628
-0.11899
-0.12587
-0.13329
-0.14478
-0.15719
-0.17089
-0.18471
-0.19747
-0.20849
-0.21211
-0.21110
-0.20803
-0.20403
-0.20019
-0.20314
-0.20816
-0.21426
-0.22048
-0.22178
-0.22614
-0.22835
-0.23275
-0.24075
-0.24643
-0.25511
-0.26114
-0.26274
-0.26135
-0.25800
-0.25521
-0.25350
-0.24903
-0.24004
-0.22990
-0.21659
-0.20296
-0.19103
-0.17799
-0.16553
-0.15442
-0.14558
-0.13910
-0.12933
-0.12080
-0.11396
-0.10852
-0.10712
-0.10410
-0.10070
-0.09608
-0.08995
-0.08400
-0.07681
-0.07057
-0.06960
-0.07090
-0.07137
-0.07230
-0.07247
-0.07114
-0.07046
-0.07002
-0.07134
-0.07439
-0.07539
-0.07728
-0.08165
-0.08739
-0.09428
-0.10305
-0.11152
-0.11547
-0.11756
-0.11839
-0.11989
-0.12216
-0.12425
-0.12978
-0.13575
-0.14223
-0.14676
-0.14975
-0.15186
-0.15137
-0.14893
-0.14612
-0.14271
-0.14055
-0.13778
-0.13485
-0.13197
-0.12563
-0.11979
-0.11198
-0.10637
-0.09957
-0.09351
-0.08840
-0.08449
-0.07847
-0.07022
-0.06280
-0.05124
-0.04023
-0.02930
-0.01689
-0.00265
0.00990
0.02520
0.03748
0.04782
0.05681
0.06491
0.07256
0.08093
0.09239
0.10265
0.11189
0.12095
0.12781
0.12967
0.13330
0.13317
0.13602
0.13915
0.14385
0.14999
0.15445
0.15695
0.15644
0.15895
0.15800
0.16292
0.16859
0.17369
0.17638
0.17452
0.17351
0.17093
0.17129
0.16883
0.16872
0.16931
0.16825
0.17097
0.17022
0.17112
0.17020
0.16527
0.16483
0.16291
0.16141
0.15829
0.15256
0.14625
0.13405
0.12564
0.12082
0.11991
0.11965
0.11830
0.11379
0.10701
0.10388
0.09936
0.10025
0.10184
0.10503
0.10701
0.10719
0.10798
0.10981
0.11333
0.12092
0.12919
0.13123
0.13657
0.14089
0.14768
0.15385
0.15920
0.16594
0.17060
0.17414
0.17758
0.18337
0.18812
0.19421
0.19595
0.19437
0.19341
0.19020
0.18540
0.17922
0.17248
0.16047
0.14622
0.13621
0.12537
0.11299
0.10396
0.09665
0.09220
0.09176
0.09151
0.08879
0.08430
0.08125
0.07914
0.07975
0.08143
0.08104
0.07720
0.07479
0.07806
0.08014
0.07587
0.07042
0.06104
0.04793
0.03501
0.02149
0.01417
0.00248
-0.00925
-0.01865
-0.02955
-0.04151
-0.05539
-0.06537
-0.07648
-0.08233
-0.08172
-0.08067
-0.08055
-0.08073
-0.08330
-0.08703
-0.08950
-0.09065
-0.08989
-0.09152
-0.09722
-0.10643
-0.11634
-0.12217
-0.12594
-0.12810
-0.12673
-0.12852
-0.13106
-0.13485
-0.14007
-0.14406
-0.14882
-0.14826
-0.14131
-0.13194
-0.12186
-0.11431
-0.10899
-0.10347
-0.09810
-0.09202
-0.08627
-0.08089
-0.07594
-0.07563
-0.07992
-0.08641
-0.08918
-0.08489
-0.07934
-0.07386
-0.07011
-0.06849
-0.07061
-0.07424
-0.07551
-0.07641
-0.07281
-0.06605
-0.06062
-0.05593
-0.04989
-0.04641
-0.04672
-0.04600
-0.04388
-0.04327
-0.03974
-0.03543
-0.03316
-0.03172
-0.03452
-0.03640
-0.03890
-0.04109
-0.04119
-0.03989
-0.03937
-0.04068
-0.04425
-0.04734
-0.05028
-0.05291
-0.05546
-0.06206
-0.06639
-0.07295
-0.07657
-0.08050
-0.08510
-0.08873
-0.09498
-0.10060
-0.10969
-0.11942
-0.12863
-0.13381
-0.13455
-0.12990
-0.12278
-0.11392
-0.10698
-0.10444
-0.10184
-0.10263
-0.10351
-0.10122
-0.09696
-0.09211
-0.08887
-0.08607
-0.08246
-0.07870
-0.07339
-0.06736
-0.05982
-0.05355
-0.04702
-0.03984
-0.03273
-0.02194
-0.01089
0.00270
0.01262
0.02299
0.03386
0.03999
0.04798
0.05375
0.06197
0.07058
0.08137
0.09247
0.10084
0.11005
0.11502
0.11458
0.11440
0.11746
0.11779
0.11835
0.11993
0.12296
0.12427
0.12385
0.12442
0.12490
0.12895
0.13463
0.13977
0.14250
0.14064
0.13676
0.13202
0.12918
0.12973
0.12920
0.12995
0.12991
0.12933
0.13008
0.12982
0.13247
0.13605
0.13596
0.13372
0.13017
0.12644
0.12137
0.11176
0.10028
0.08847
0.07715
0.07063
0.06833
0.06677
0.06532
0.06141
0.05775
0.05489
0.05346
0.05673
0.06069
0.06553
0.07023
0.07576
0.08118
0.08660
0.09597
0.10506
0.11240
0.11971
0.12827
0.13875
0.15147
0.16166
0.16994
0.17583
0.17677
0.17629
0.17354
0.17277
0.17349
0.17187
0.17113
0.16823
0.16318
0.15761
0.14947
0.14118
0.12778
0.11208
0.09764
0.08230
0.07095
0.06510
0.06003
0.05414
0.04490
0.03209
0.02363
0.01830
0.01602
0.01230
0.00472
-0.00140
-0.00354
-0.00238
-0.00464
-0.00725
-0.00734
-0.01001
-0.01316
-0.01718
-0.02579
-0.03704
-0.05021
-0.06478
-0.07897
-0.09062
-0.09934
-0.10721
-0.11650
-0.12576
-0.12821
-0.12386
-0.11985
-0.11467
-0.11059
-0.11091
-0.11266
-0.11628
-0.11854
-0.12077
-0.12385
-0.12619
-0.13044
-0.13533
-0.13757
-0.13941
-0.13919
-0.13598
-0.13377
-0.12967
-0.12512
-0.12036
-0.11490
-0.11070
-0.10726
-0.10135
-0.09202
-0.08104
-0.06856
-0.05414
-0.04298
-0.03790
-0.03187
-0.02921
-0.02633
-0.02289
-0.02346
-0.02539
-0.03086
-0.03747
-0.04440
-0.04757
-0.04520
-0.04147
-0.04028
-0.04195
-0.04378
-0.04679
-0.05054
-0.05175
-0.04949
-0.04536
-0.04052
-0.03673
-0.03284
-0.02965
-0.02641
-0.01994
-0.01633
-0.01005
-0.00206
0.00493
0.01338
0.01885
0.02300
0.02442
0.02203
0.01902
0.01658
0.01183
0.00897
0.00671
0.00523
-0.00112
-0.00940
-0.01698
-0.02721
-0.03626
-0.04544
-0.05377
-0.06289
-0.06527
-0.06892
-0.07237
-0.07532
-0.07956
-0.08366
-0.08872
-0.09111
-0.09512
-0.09526
-0.09021
-0.08198
-0.07366
-0.06486
-0.05778
-0.05279
-0.05161
-0.04827
-0.04507
-0.04394
-0.03955
-0.03728
-0.03634
-0.03489
-0.03383
-0.03270
-0.02934
-0.02666
-0.02013
-0.01797
-0.01515
-0.00768
-0.00171
0.00658
0.01543
0.02525
0.03248
0.03776
0.04055
0.04302
0.04640
0.05184
0.06044
0.07238
0.08854
0.10325
0.11601
0.12781
0.13405
0.13667
0.13550
0.13266
0.12929
0.12316
0.11682
0.10839
0.09789
0.08498
0.07229
0.05952
0.05032
0.04724
0.04429
0.04359
0.04148
0.03900
0.04115
0.04455
0.04980
0.05431
0.06035
0.06756
0.07354
0.07894
0.08257
0.08320
0.08351
0.08366
0.07912
0.07323
0.06498
0.05434
0.04040
0.02425
0.00950
-0.00208
-0.01064
-0.01299
-0.01283
-0.01709
-0.02055
-0.02285
-0.02632
-0.02599
-0.02452
-0.02128
-0.01727
-0.01521
-0.00924
-0.00767
-0.00167
0.00703
0.01184
0.01561
0.02060
0.02658
0.03444
0.04607
0.05492
0.06436
0.06747
0.06904
0.06946
0.07145
0.07801
0.08349
0.08641
0.08580
0.08332
0.07956
0.07613
0.07179
0.06630
0.05325
0.03744
0.02401
0.01201
0.00190
-0.00616
-0.01329
-0.02013
-0.02721
-0.03184
-0.03426
-0.03629
-0.03281
-0.02758
-0.02598
-0.02792
-0.02953
-0.03447
-0.04094
-0.04644
-0.05653
-0.06723
-0.08145
-0.09750
-0.11058
-0.12875
-0.14601
-0.16034
-0.17718
-0.19193
-0.20202
-0.21152
-0.21972
-0.22305
-0.22444
-0.22392
-0.22276
-0.21651
-0.20997
-0.20731
-0.20655
-0.20797
-0.20421
-0.19655
-0.18149
-0.16709
-0.15854
-0.15199
-0.14896
-0.14346
-0.13808
-0.13151
-0.12437
-0.11487
-0.10671
-0.10019
-0.09402
-0.08573
-0.07389
-0.06307
-0.04786
-0.03340
-0.01509
0.00138
0.01508
0.02166
0.02372
0.02586
0.02710
0.03330
0.03637
0.03956
0.03855
0.03242
0.02212
0.01448
0.01112
0.01154
0.01296
0.01325
0.01223
0.01132
0.00968
0.00769
0.01053
0.01152
0.01448
0.01641
0.02024
0.02408
0.02651
0.02812
0.03174
0.03616
0.04086
0.04678
0.05049
0.05533
0.05792
0.05751
0.05496
0.05249
0.04937
0.04872
0.04805
0.04984
0.05138
0.05310
0.05622
0.05890
0.06291
0.06373
0.05997
0.05498
0.05004
0.04536
0.04289
0.04163
0.04155
0.04103
0.04315
0.04087
0.03849
0.03266
0.02658
0.02366
0.01990
0.01994
0.02185
0.02358
0.02256
0.01983
0.01497
0.01386
0.01308
0.01548
0.01720
0.01997
0.02311
0.02643
0.03219
0.03681
0.04135
0.04727
0.05349
0.05725
0.06374
0.06865
0.07657
0.08730
0.10111
0.11313
0.12393
0.13197
0.13709
0.14226
0.14774
0.15605
0.16321
0.17373
0.18366
0.19112
0.19545
0.19940
0.20014
0.19655
0.19237
0.18992
0.18605
0.17986
0.17726
0.17497
0.17302
0.17245
0.17080
0.16929
0.16903
0.16924
0.16961
0.16656
0.15971
0.15081
0.14436
0.14105
0.13784
0.13308
0.12876
0.12220
0.11372
0.10581
0.09879
0.09581
0.09241
0.08922
0.08330
0.07589
0.06804
0.06033
0.05216
0.03843
0.02689
0.01773
0.01093
0.00682
0.00414
0.00147
-0.00286
-0.00554
-0.00978
-0.01321
-0.01248
-0.00936
-0.00571
-0.00313
-0.00189
0.00034
0.00800
0.01500
0.01974
0.02316
0.02562
0.02991
0.03433
0.04089
0.04741
0.05232
0.05428
0.05362
0.05110
0.05061
0.05483
0.05890
0.06166
0.06292
0.06375
0.06297
0.06269
0.06359
0.06140
0.05319
0.04239
0.03210
0.02251
0.01325
0.00338
-0.00668
-0.01165
-0.01046
-0.00678
-0.00276
0.00010
-0.00094
-0.00790
-0.01424
-0.02615
-0.03815
-0.04917
-0.06120
-0.07152
-0.08475
-0.09385
-0.10675
-0.12848
-0.15641
-0.18436
-0.21060
-0.23751
-0.26664
-0.29530
-0.31892
-0.34042
-0.34528
-0.34069
-0.33736
-0.32765
-0.31737
-0.30499
-0.29505
-0.28778
-0.27871
-0.26947
-0.25650
-0.24238
-0.22692
-0.21260
-0.20092
-0.19136
-0.18426
-0.17717
-0.17098
-0.16140
-0.14527
-0.12543
-0.10602
-0.08530
-0.06698
-0.05303
-0.04003
-0.03203
-0.02337
-0.01471
-0.00678
-0.00048
0.00143
0.00072
-0.00320
-0.00640
-0.00852
-0.00894
-0.01135
-0.01596
-0.02481
-0.03758
-0.04709
-0.05415
-0.05375
-0.04845
-0.04580
-0.04427
-0.04446
-0.04726
-0.05067
-0.05078
-0.04939
-0.04536
-0.03882
-0.03420
-0.02823
-0.02387
-0.02117
-0.01572
-0.00883
-0.00267
0.00504
0.01194
0.01614
0.02152
0.02441
0.02553
0.02606
0.02480
0.02409
0.02425
0.02463
0.02530
0.02830
0.03264
0.03680
0.04032
0.04168
0.04118
0.03809
0.03339
0.03043
0.03103
0.03179
0.03285
0.03436
0.03419
0.03083
0.02531
0.02064
0.01637
0.01358
0.01146
0.01172
0.01525
0.02015
0.02309
0.02609
0.02965
0.03276
0.03835
0.04519
0.05168
0.05520
0.05890
0.06252
0.06654
0.07447
0.08151
0.08826
0.09632
0.10166
0.10529
0.10928
0.11339
0.11997
0.13139
0.14311
0.15518
0.16465
0.16996
0.17498
0.17778
0.18435
0.19196
0.19907
0.20849
0.21871
0.22878
0.23806
0.24591
0.24983
0.25053
0.24946
0.24890
0.24603
0.24444
0.24478
0.24329
0.24133
0.23713
0.23379
0.23111
0.22857
0.22839
0.22733
0.22252
0.21372
0.20663
0.20061
0.19532
0.19137
0.18465
0.17874
0.17079
0.16202
0.15600
0.15294
0.15140
0.14928
0.14531
0.13940
0.13589
0.13119
0.12251
0.11201
0.10209
0.09333
0.08740
0.08508
0.08553
0.08472
0.08290
0.08190
0.07735
0.07201
0.06824
0.06614
0.06283
0.05893
0.05734
0.05417
0.05314
0.05426
0.05256
0.04972
0.04421
0.04126
0.04448
0.04933
0.05778
0.06614
0.07059
0.07455
0.07849
0.08510
0.09352
0.10107
0.10908
0.11468
0.12013
0.12899
0.13613
0.14373
0.15192
0.15327
0.14836
0.13882
0.12999
0.12713
0.12530
0.12013
0.11342
0.10543
0.09523
0.08451
0.07615
0.06631
0.05264
0.03657
0.01874
0.00094
-0.01487
-0.03124
-0.05323
-0.07945
-0.10961
-0.13752
-0.16501
-0.19213
-0.21476
-0.23605
-0.25722
-0.27518
-0.28620
-0.29466
-0.30107
-0.30535
-0.30859
-0.31410
-0.31955
-0.31972
-0.31398
-0.30682
-0.30522
-0.30891
-0.31553
-0.32081
-0.32067
-0.31740
-0.31298
-0.30859
-0.30663
-0.30507
-0.29869
-0.28470
-0.26439
-0.23881
-0.21214
-0.18637
-0.16245
-0.14051
-0.11967
-0.10247
-0.09302
-0.08913
-0.08172
-0.07227
-0.06535
-0.06188
-0.06537
-0.07580
-0.08837
-0.09897
-0.10741
-0.11504
-0.12247
-0.12951
-0.14092
-0.15344
-0.16079
-0.16452
-0.16386
-0.16344
-0.16273
-0.16247
-0.16505
-0.17145
-0.17748
-0.18205
-0.18569
-0.18291
-0.17797
-0.17205
-0.16695
-0.16248
-0.15813
-0.15251
-0.14766
-0.14229
-0.13394
-0.12721
-0.12185
-0.11842
-0.11544
-0.11327
-0.11008
-0.10577
-0.10392
-0.10200
-0.09935
-0.09764
-0.09442
-0.08990
-0.08466
-0.07761
-0.07221
-0.07115
-0.07139
-0.07298
-0.07553
-0.07534
-0.07712
-0.07785
-0.07687
-0.07661
-0.07631
-0.08142
-0.08610
-0.09005
-0.09193
-0.08865
-0.08282
-0.07442
-0.06658
-0.05845
-0.05270
-0.04921
-0.04550
-0.04094
-0.03531
-0.02937
-0.02235
-0.01475
-0.00608
0.00462
0.01522
0.02545
0.03717
0.04959
0.06099
0.06967
0.07808
0.08758
0.09933
0.11624
0.13315
0.14690
0.15967
0.16984
0.17839
0.18341
0.18887
0.19906
0.21027
0.22360
0.23662
0.24796
0.25772
0.26572
0.27136
0.27357
0.27382
0.27211
0.26844
0.26561
0.26632
0.26850
0.27004
0.27114
0.27308
0.27572
0.27867
0.28237
0.28380
0.28049
0.27239
0.26460
0.26074
0.25764
0.25566
0.25338
0.24797
0.24132
0.23299
0.22690
0.22649
0.22730
0.22630
0.22064
0.21145
0.20174
0.19315
0.18573
0.17822
0.16792
0.15703
0.14783
0.13877
0.13242
0.12893
0.12648
0.12421
0.12097
0.11659
0.11537
0.11844
0.12418
0.12893
0.13412
0.13896
0.14413
0.15334
0.15947
0.16403
0.16862
0.17394
0.17991
0.18846
0.20041
0.21169
0.22080
0.22385
0.22537
0.22965
0.23668
0.24545
0.25200
0.25565
0.25936
0.26127
0.25850
0.25454
0.25257
0.25003
0.24607
0.24177
0.23357
0.22635
0.21863
0.20754
0.19653
0.18274
0.17044
0.15887
0.14651
0.13404
0.11776
0.10031
0.07811
0.05078
0.02350
-0.00429
-0.02837
-0.04916
-0.07019
-0.08946
-0.11097
-0.13574
-0.16312
-0.19440
-0.22167
-0.24474
-0.26140
-0.27386
-0.28795
-0.30123
-0.31401
-0.31804
-0.31678
-0.31435
-0.30696
-0.29792
-0.29216
-0.28720
-0.27941
-0.26754
-0.24924
-0.22923
-0.20668
-0.18569
-0.17023
-0.15755
-0.14776
-0.13853
-0.13021
-0.12039
-0.10882
-0.10215
-0.09809
-0.09613
-0.09875
-0.10116
-0.10113
-0.10093
-0.09866
-0.09395
-0.09280
-0.09414
-0.09947
-0.10790
-0.11672
-0.12428
-0.12969
-0.13684
-0.14520
-0.15755
-0.17267
-0.18713
-0.19934
-0.20623
-0.20927
-0.21317
-0.21948
-0.22745
-0.23636
-0.24345
-0.24624
-0.24807
-0.24794
-0.24512
-0.24364
-0.24154
-0.23782
-0.23313
-0.22838
-0.22015
-0.21150
-0.20511
-0.19838
-0.19043
-0.18225
-0.17662
-0.17052
-0.16646
-0.16447
-0.16038
-0.15828
-0.15631
-0.15256
-0.14822
-0.14065
-0.13426
-0.12817
-0.12363
-0.12334
-0.12682
-0.13522
-0.14430
-0.14956
-0.15137
-0.15233
-0.15100
-0.14853
-0.14775
-0.15120
-0.15443
-0.15532
-0.15591
-0.15415
-0.15152
-0.14876
-0.14569
-0.14456
-0.14512
-0.14647
-0.14677
-0.14331
-0.13757
-0.13296
-0.12665
-0.11935
-0.11272
-0.10259
-0.09113
-0.07655
-0.06150
-0.04609
-0.03305
-0.02378
-0.01497
-0.00462
0.01235
0.03199
0.05177
0.07110
0.08901
0.10253
0.11278
0.11770
0.12399
0.13617
0.15083
0.16604
0.17864
0.19063
0.20020
0.20763
0.21189
0.21262
0.21245
0.21363
0.21343
0.21341
0.21381
0.21370
0.21225
0.21073
0.21059
0.20869
0.21113
0.21536
0.21689
0.21468
0.20920
0.20534
0.20513
0.20648
0.20918
0.21062
0.20804
0.20547
0.19928
0.19336
0.19253
0.19298
0.19427
0.19338
0.19082
0.18826
0.18409
0.17803
0.17186
0.16322
0.15356
0.14657
0.14122
0.13811
0.13464
0.13190
0.13083
0.12818
0.12600
0.12535
0.12660
0.12967
0.13143
0.13641
0.14178
0.14988
0.16175
0.16721
0.17136
0.17423
0.17712
0.18427
0.19449
0.20817
0.22185
0.22960
0.23539
0.24017
0.24453
0.25474
0.26490
0.27334
0.27944
0.28438
0.29265
0.30413
0.31660
0.32551
0.32716
0.32343
0.31721
0.30929
0.30067
0.28898
0.27437
0.25944
0.24568
0.23365
0.22427
0.21196
0.19380
0.17159
0.14690
0.11977
0.09182
0.06928
0.04845
0.02761
0.00444
-0.02346
-0.05218
-0.08196
-0.11070
-0.13706
-0.16246
-0.18326
-0.19890
-0.20573
-0.20581
-0.20627
-0.20798
-0.21194
-0.21513
-0.21385
-0.20607
-0.19356
-0.17507
-0.15478
-0.14009
-0.12914
-0.11422
-0.09546
-0.07170
-0.04396
-0.02057
-0.00192
0.01055
0.01730
0.02110
0.02722
0.03495
0.04203
0.04742
0.05108
0.05031
0.04451
0.03793
0.03202
0.02911
0.02762
0.02432
0.01917
0.01331
0.00420
-0.00770
-0.02075
-0.03129
-0.04234
-0.05291
-0.06209
-0.07445
-0.08890
-0.10662
-0.12405
-0.13512
-0.14052
-0.14652
-0.15254
-0.16097
-0.17062
-0.18148
-0.19401
-0.20326
-0.21213
-0.21893
-0.22262
-0.22625
-0.22907
-0.22928
-0.22725
-0.22109
-0.21326
-0.20408
-0.19490
-0.18838
-0.18164
-0.17668
-0.17434
-0.17064
-0.16413
-0.15524
-0.14526
-0.13580
-0.12720
-0.12145
-0.11488
-0.10909
-0.10525
-0.10247
-0.10253
-0.10721
-0.11695
-0.12680
-0.13688
-0.14267
-0.14501
-0.14709
-0.14727
-0.14909
-0.15219
-0.15548
-0.16108
-0.16846
-0.17469
-0.17772
-0.17691
-0.17371
-0.16997
-0.16668
-0.16547
-0.16627
-0.16648
-0.16241
-0.15390
-0.14042
-0.12444
-0.10940
-0.09422
-0.08238
-0.07134
-0.05818
-0.04686
-0.03909
-0.03392
-0.03278
-0.03545
-0.04361
-0.05072
-0.05128
-0.05048
-0.04495
-0.03577
-0.02704
-0.02224
-0.01773
-0.01021
0.00052
0.01834
0.03795
0.05806
0.08122
0.10316
0.12116
0.12908
0.12998
0.13352
0.13674
0.13934
0.13772
0.13163
0.12773
0.12429
0.11859
0.11330
0.11262
0.11539
0.11768
0.11892
0.11706
0.11083
0.10585
0.10215
0.10078
0.10347
0.10658
0.10673
0.10034
0.09096
0.08322
0.08077
0.08310
0.08610
0.08560
0.08006
0.07362
0.06668
0.05932
0.05104
0.04284
0.03440
0.02299
0.01250
0.00399
-0.00326
-0.00817
-0.01021
-0.00983
-0.01265
-0.01534
-0.01321
-0.00897
-0.00278
0.00377
0.01061
0.01846
0.02829
0.03599
0.03971
0.04214
0.04642
0.05525
0.06599
0.08039
0.09918
0.11784
0.13124
0.13879
0.14341
0.15166
0.16701
0.18557
0.20524
0.22081
0.23210
0.24168
0.24646
0.24776
0.24214
0.22952
0.21610
0.20380
0.19416
0.18439
0.17562
0.16455
0.14930
0.13182
0.11340
0.09958
0.08588
0.06947
0.05384
0.03672
0.01718
-0.00539
-0.02860
-0.05074
-0.07424
-0.08664
-0.09661
-0.11611
-0.13877
-0.16281
-0.18471
-0.20328
-0.21479
-0.22160
-0.22452
-0.22294
-0.21829
-0.21474
-0.21073
-0.20225
-0.18800
-0.16732
-0.14252
-0.11754
-0.09755
-0.07818
-0.06307
-0.04738
-0.02681
-0.00488
0.01994
0.04177
0.05724
0.06583
0.06994
0.07250
0.07624
0.08235
0.08817
0.09121
0.09074
0.08789
0.08298
0.07675
0.07023
0.06674
0.06571
0.06206
0.05669
0.04771
0.03603
0.02346
0.00990
-0.00161
-0.01264
-0.02301
-0.03429
-0.04917
-0.06525
-0.08044
-0.09354
-0.10164
-0.10446
-0.10410
-0.10597
-0.11117
-0.11654
-0.12208
-0.12534
-0.12672
-0.12540
-0.12041
-0.11411
-0.10697
-0.09945
-0.09144
-0.08198
-0.07403
-0.06767
-0.06181
-0.05843
-0.05560
-0.05284
-0.05006
-0.04751
-0.04617
-0.04512
-0.04465
-0.04615
-0.04903
-0.05273
-0.05551
-0.05762
-0.05895
-0.05839
-0.06030
-0.06397
-0.07025
-0.08016
-0.08917
-0.09550
-0.09920
-0.10060
-0.10228
-0.10403
-0.10504
-0.10709
-0.10995
-0.11373
-0.11701
-0.11855
-0.11674
-0.11202
-0.10683
-0.10310
-0.10273
-0.10414
-0.10539
-0.10359
-0.09877
-0.09292
-0.08509
-0.08051
-0.07554
-0.06733
-0.06017
-0.04800
-0.03452
-0.02203
-0.01048
-0.00417
0.00077
0.00564
0.01158
0.02276
0.03943
0.05817
0.07364
0.08464
0.09263
0.09659
0.09817
0.10117
0.10706
0.11434
0.12201
0.13237
0.13958
0.14203
0.14572
0.14728
0.14901
0.14954
0.14851
0.14597
0.13988
0.13476
0.12900
0.12504
0.12406
0.12692
0.13142
0.13453
0.13658
0.13353
0.12800
0.12381
0.12066
0.11910
0.11840
0.11742
0.11431
0.10590
0.09486
0.08516
0.08055
0.08098
0.08071
0.07670
0.06792
0.05809
0.04875
0.04100
0.03362
0.02592
0.02029
0.01159
0.00283
-0.00595
-0.01455
-0.01846
-0.01924
-0.01942
-0.02156
-0.02269
-0.02219
-0.01917
-0.01406
-0.00708
-0.00008
0.00738
0.01701
0.02490
0.03081
0.03542
0.04314
0.05254
0.06037
0.06953
0.07998
0.08917
0.09804
0.10603
0.11012
0.11575
0.12588
0.14046
0.15518
0.16660
0.17791
0.18560
0.19142
0.19706
0.19860
0.19622
0.18900
0.17857
0.16699
0.15137
0.13540
0.12051
0.10448
0.09123
0.07889
0.06684
0.05304
0.03713
0.01871
-0.00452
-0.03027
-0.05674
-0.08165
-0.10511
-0.12200
-0.13363
-0.14799
-0.16682
-0.18833
-0.20981
-0.22906
-0.24128
-0.24509
-0.24480
-0.24015
-0.23203
-0.22741
-0.22540
-0.22129
-0.21367
-0.20091
-0.18369
-0.16635
-0.15101
-0.13869
-0.12898
-0.11673
-0.09957
-0.07707
-0.05000
-0.02335
-0.00327
0.00807
0.01477
0.01777
0.01953
0.02492
0.03039
0.03529
0.03961
0.04000
0.03713
0.03308
0.03111
0.03360
0.03930
0.04436
0.04311
0.03355
0.02084
0.00527
-0.01103
-0.02292
-0.03397
-0.04523
-0.05699
-0.07030
-0.08556
-0.10218
-0.11575
-0.12319
-0.12405
-0.12238
-0.12381
-0.12757
-0.12987
-0.13198
-0.13355
-0.12993
-0.12273
-0.11508
-0.10824
-0.10325
-0.09885
-0.09288
-0.08365
-0.07223
-0.06035
-0.04986
-0.04166
-0.03645
-0.03260
-0.02882
-0.02522
-0.02082
-0.01577
-0.01196
-0.01096
-0.00930
-0.00769
-0.00616
-0.00413
-0.00295
-0.00207
-0.00196
-0.00373
-0.00856
-0.01607
-0.02551
-0.03480
-0.04352
-0.05007
-0.05250
-0.05209
-0.05296
-0.05679
-0.06232
-0.07160
-0.08144
-0.08722
-0.08982
-0.08742
-0.08055
-0.07427
-0.07132
-0.06842
-0.06238
-0.05461
-0.04341
-0.03023
-0.01921
-0.01202
-0.00910
-0.00632
0.00056
0.01007
0.02202
0.03500
0.04686
0.05684
0.06246
0.06693
0.07140
0.07883
0.09169
0.10805
0.12555
0.13995
0.14914
0.15197
0.15221
0.15406
0.16032
0.17044
0.18268
0.19407
0.20026
0.20464
0.20854
0.21206
0.21705
0.22029
0.22060
0.21936
0.21543
0.21021
0.20701
0.20555
0.20746
0.21400
0.21912
0.22127
0.22241
0.21869
0.20954
0.19804
0.18643
0.17736
0.17064
0.16342
0.15290
0.13740
0.11759
0.09846
0.08552
0.07905
0.07668
0.07301
0.06578
0.05653
0.04713
0.04249
0.04022
0.03650
0.03243
0.02562
0.01552
0.00572
-0.00054
-0.00225
0.00293
0.01158
0.01722
0.02155
0.02526
0.03049
0.03753
0.04437
0.04837
0.05107
0.05689
0.06222
0.06771
0.07452
0.08120
0.08776
0.09758
0.11328
0.13452
0.15730
0.17632
0.19046
0.20005
0.20779
0.21449
0.22101
0.22449
0.22433
0.22321
0.21863
0.21256
0.20899
0.20419
0.19498
0.18388
0.17310
0.16123
0.14600
0.12953
0.11120
0.08863
0.06053
0.03004
0.00181
-0.02783
-0.05947
-0.09190
-0.12938
-0.16726
-0.19950
-0.22948
-0.25484
-0.27493
-0.28836
-0.29564
-0.30583
-0.31749
-0.32881
-0.33499
-0.32874
-0.31808
-0.31241
-0.30644
-0.29515
-0.28396
-0.27398
-0.26570
-0.25974
-0.25114
-0.23849
-0.22490
-0.21229
-0.20437
-0.19889
-0.18988
-0.17970
-0.16502
-0.14392
-0.12534
-0.11323
-0.10758
-0.10962
-0.11451
-0.11683
-0.11528
-0.11030
-0.10603
-0.10308
-0.10239
-0.10414
-0.10588
-0.10881
-0.11230
-0.11672
-0.12153
-0.12761
-0.13668
-0.14639
-0.15716
-0.16949
-0.18118
-0.19221
-0.20408
-0.21665
-0.22975
-0.24248
-0.25531
-0.26599
-0.27071
-0.27053
-0.26694
-0.26300
-0.26210
-0.26305
-0.26416
-0.26423
-0.26212
-0.25730
-0.25024
-0.24401
-0.23667
-0.22687
-0.21524
-0.19963
-0.18238
-0.16592
-0.15216
-0.14218
-0.13507
-0.12848
-0.12016
-0.11164
-0.10463
-0.09887
-0.09354
-0.09069
-0.08859
-0.08510
-0.08104
-0.07581
-0.07235
-0.07079
-0.06920
-0.06796
-0.06781
-0.06911
-0.07054
-0.07162
-0.07006
-0.06649
-0.06446
-0.06207
-0.06075
-0.06119
-0.06299
-0.06787
-0.07130
-0.07140
-0.06907
-0.06090
-0.05024
-0.04234
-0.03407
-0.02599
-0.01816
-0.00948
-0.00111
0.00729
0.01391
0.01875
0.02543
0.03341
0.04341
0.05884
0.07579
0.09170
0.10549
0.11559
0.12359
0.13135
0.13983
0.14920
0.16416
0.18351
0.20167
0.21638
0.22432
0.22943
0.23339
0.23821
0.24700
0.25773
0.26902
0.28056
0.29102
0.29788
0.30406
0.30847
0.31152
0.31362
0.31262
0.30786
0.30047
0.29592
0.29235
0.28924
0.29162
0.29790
0.30277
0.30702
0.30861
0.30558
0.29926
0.29300
0.29078
0.29093
0.29362
0.29335
0.28526
0.27182
0.25860
0.25025
0.24719
0.24819
0.24797
0.24228
0.23072
0.21826
0.20748
0.19697
0.18799
0.17949
0.16924
0.15686
0.14106
0.12223
0.10582
0.09708
0.09384
0.08906
0.08323
0.07926
0.07792
0.07867
0.08205
0.08938
0.09695
0.10548
0.11356
0.11872
0.12297
0.12665
0.13227
0.14253
0.15949
0.18377
0.21027
0.23127
0.24568
0.25450
0.25904
0.26468
0.27237
0.28150
0.29018
0.29529
0.29522
0.28905
0.28122
0.27065
0.25421
0.23603
0.21603
0.19556
0.17730
0.15849
0.13639
0.11251
0.08845
0.06472
0.04406
0.02454
0.00502
-0.01290
-0.03055
-0.05147
-0.07397
-0.09855
-0.12143
-0.13936
-0.16075
-0.17966
-0.19835
-0.21964
-0.24061
-0.26245
-0.27781
-0.28564
-0.28634
-0.28339
-0.27817
-0.27331
-0.26981
-0.26653
-0.26277
-0.25289
-0.23864
-0.22040
-0.20176
-0.18814
-0.18442
-0.18534
-0.18065
-0.17105
-0.15507
-0.13531
-0.11725
-0.10612
-0.10298
-0.10694
-0.11223
-0.11401
-0.11351
-0.10826
-0.10384
-0.10568
-0.11467
-0.12696
-0.13891
-0.14624
-0.14833
-0.15139
-0.15572
-0.16423
-0.17839
-0.19392
-0.20703
-0.21815
-0.22447
-0.22868
-0.23528
-0.24235
-0.25507
-0.27193
-0.28691
-0.29545
-0.29495
-0.29080
-0.28837
-0.29077
-0.29772
-0.30711
-0.31845
-0.32831
-0.33216
-0.33054
-0.32607
-0.32014
-0.31415
-0.30760
-0.29673
-0.28015
-0.26115
-0.24462
-0.23206
-0.22304
-0.21814
-0.21413
-0.20894
-0.20292
-0.19553
-0.18696
-0.18078
-0.17861
-0.17727
-0.17731
-0.17668
-0.17351
-0.16876
-0.16183
-0.15612
-0.15506
-0.15684
-0.15978
-0.16298
-0.16461
-0.16526
-0.16430
-0.16013
-0.15494
-0.15196
-0.14893
-0.14680
-0.14939
-0.15222
-0.15289
-0.14992
-0.14132
-0.12939
-0.11788
-0.10780
-0.09752
-0.08890
-0.07954
-0.06788
-0.05619
-0.04534
-0.03836
-0.03328
-0.02824
-0.02205
-0.01016
0.00523
0.02021
0.03577
0.04927
0.05674
0.06081
0.06613
0.07691
0.09635
0.12070
0.14441
0.16522
0.17989
0.18912
0.19651
0.20482
0.21857
0.23455
0.24933
0.26552
0.28008
0.29243
0.30492
0.31821
0.33191
0.34223
0.34492
0.34326
0.33976
0.33237
0.32793
0.32704
0.32968
0.33656
0.34223
0.34705
0.34826
0.34369
0.33647
0.33066
0.32784
0.32912
0.33327
0.33483
0.33070
0.31870
0.30285
0.28996
0.28401
0.28407
0.28429
0.28046
0.26934
0.25488
0.24187
0.22976
0.21983
0.21221
0.20493
0.19428
0.17951
0.16245
0.14722
0.13961
0.14038
0.14319
0.14280
0.14356
0.14583
0.15034
0.15820
0.16701
0.17566
0.18342
0.19502
0.20525
0.21322
0.22020
0.22430
0.23218
0.24084
0.25459
0.27482
0.29151
0.30190
0.30794
0.31502
0.32521
0.33599
0.34341
0.34675
0.34323
0.33654
0.33282
0.33138
0.33119
0.32598
0.31503
0.30038
0.28485
0.26901
0.25081
0.23179
0.21153
0.18788
0.16073
0.13695
0.11702
0.10040
0.08513
0.06612
0.04444
0.01763
-0.01209
-0.04044
-0.06510
-0.08493
-0.10077
-0.11298
-0.12567
-0.14213
-0.16120
-0.17806
-0.18980
-0.19605
-0.19771
-0.19325
-0.18487
-0.17906
-0.17533
-0.17092
-0.16180
-0.15047
-0.13964
-0.12731
-0.11746
-0.11332
-0.11201
-0.10876
-0.10208
-0.09111
-0.07741
-0.06539
-0.06070
-0.06464
-0.07480
-0.08965
-0.10211
-0.11247
-0.12335
-0.13147
-0.14112
-0.15287
-0.16465
-0.17661
-0.18506
-0.19087
-0.19563
-0.19911
-0.20361
-0.21101
-0.21931
-0.22484
-0.22897
-0.23315
-0.23865
-0.24764
-0.25928
-0.27028
-0.27879
-0.28535
-0.28704
-0.28365
-0.27796
-0.27505
-0.27734
-0.28241
-0.28783
-0.29279
-0.29771
-0.29801
-0.29357
-0.28776
-0.28304
-0.27773
-0.27138
-0.26447
-0.25268
-0.24053
-0.23112
-0.22510
-0.22325
-0.22260
-0.22193
-0.21905
-0.21493
-0.21358
-0.21647
-0.22245
-0.23099
-0.23777
-0.23592
-0.22614
-0.21278
-0.19885
-0.18678
-0.17835
-0.17557
-0.17858
-0.18559
-0.19664
-0.20909
-0.22129
-0.23628
-0.25257
-0.26868
-0.28449
-0.29577
-0.30534
-0.31418
-0.31808
-0.31917
-0.31281
-0.29829
-0.27993
-0.26038
-0.24280
-0.22211
-0.20007
-0.18109
-0.16696
-0.15853
-0.15190
-0.14406
-0.13469
-0.12739
-0.11910
-0.10707
-0.09480
-0.08297
-0.07156
-0.06363
-0.05972
-0.05559
-0.04761
-0.03262
-0.01204
0.01278
0.03670
0.05593
0.06909
0.07434
0.07869
0.08559
0.09857
0.11364
0.12769
0.14434
0.15771
0.16928
0.17993
0.18837
0.19569
0.19980
0.20111
0.19941
0.19422
0.18964
0.18979
0.19282
0.19881
0.20778
0.21685
0.22259
0.22158
0.21442
0.20733
0.20406
0.20579
0.21344
0.22026
0.22302
0.21705
0.20105
0.18321
0.16942
0.16460
0.16569
0.16739
0.16249
0.14971
0.13559
0.12254
0.11433
0.11113
0.11138
0.11072
0.10394
0.09261
0.07913
0.06896
0.06812
0.07253
0.07506
0.07493
0.07447
0.07491
0.07754
0.08586
0.09912
0.11532
0.13438
0.15363
0.16846
0.17932
0.18988
0.20252
0.21916
0.24133
0.26717
0.28941
0.30736
0.32147
0.33170
0.34075
0.34752
0.35217
0.35572
0.35847
0.36162
0.36701
0.37204
0.37465
0.37341
0.36319
0.34801
0.33146
0.31405
0.29653
0.27695
0.25761
0.23813
0.22028
0.20459
0.18915
0.17753
0.16724
0.15344
0.13639
0.11620
0.09237
0.07028
0.05320
0.03761
0.02474
0.01358
-0.00157
-0.02148
-0.04547
-0.06920
-0.08708
-0.09684
-0.09753
-0.09463
-0.09120
-0.08831
-0.08941
-0.09192
-0.09323
-0.09110
-0.08232
-0.07028
-0.05932
-0.05238
-0.05306
-0.05568
-0.05431
-0.04480
-0.02488
-0.00244
0.01526
0.02278
0.02207
0.01729
0.01183
0.01115
0.01386
0.01622
0.01509
0.00952
-0.00179
-0.01541
-0.02455
-0.02754
-0.02566
-0.02484
-0.02921
-0.04183
-0.06141
-0.08107
-0.09838
-0.11145
-0.12066
-0.12903
-0.13890
-0.15364
-0.17223
-0.19228
-0.21248
-0.22614
-0.23083
-0.23169
-0.23235
-0.23430
-0.23846
-0.24339
-0.24669
-0.24994
-0.25188
-0.25040
-0.24879
-0.24751
-0.24426
-0.23895
-0.23243
-0.22198
-0.20781
-0.19458
-0.18414
-0.17665
-0.17235
-0.16950
-0.16432
-0.15942
-0.15675
-0.15503
-0.15561
-0.15891
-0.16299
-0.16621
-0.16868
-0.16879
-0.16726
-0.16335
-0.15917
-0.15837
-0.16050
-0.16672
-0.17375
-0.17967
-0.18473
-0.18750
-0.18706
-0.18651
-0.18689
-0.18516
-0.18555
-0.19091
-0.19895
-0.20612
-0.21020
-0.20983
-0.20512
-0.19886
-0.19386
-0.19087
-0.18763
-0.18160
-0.17264
-0.16430
-0.15732
-0.15504
-0.15584
-0.15086
-0.14137
-0.12754
-0.10863
-0.09026
-0.07520
-0.06484
-0.05749
-0.05429
-0.05308
-0.04256
-0.02495
-0.00319
0.02208
0.04573
0.06378
0.07343
0.07752
0.08157
0.09061
0.10319
0.11716
0.13001
0.14104
0.15024
0.15813
0.16601
0.17257
0.17839
0.17817
0.17271
0.16576
0.15932
0.15737
0.15961
0.16655
0.17649
0.18863
0.19992
0.20379
0.20174
0.19603
0.18901
0.18779
0.19171
0.19627
0.19804
0.19189
0.17332
0.14847
0.12861
0.11555
0.11112
0.11207
0.10876
0.09750
0.08161
0.06735
0.05718
0.05145
0.05078
0.04811
0.03921
0.02616
0.00829
-0.00872
-0.01604
-0.01224
-0.00627
-0.00476
-0.00569
-0.00569
-0.00169
0.00962
0.02727
0.04543
0.06437
0.08285
0.09485
0.10062
0.10687
0.11606
0.12696
0.14316
0.16797
0.19670
0.22187
0.23991
0.25111
0.26215
0.27633
0.28766
0.29574
0.30246
0.30281
0.30042
0.29924
0.30260
0.30925
0.30729
0.29651
0.28141
0.26579
0.24886
0.23042
0.21098
0.19135
0.17218
0.15052
0.13195
0.11706
0.10265
0.08815
0.07110
0.05165
0.03155
0.00917
-0.00967
-0.02297
-0.03544
-0.04464
-0.05461
-0.06884
-0.08661
-0.10402
-0.11897
-0.13126
-0.13704
-0.13559
-0.13003
-0.12480
-0.12105
-0.11745
-0.11241
-0.10484
-0.09373
-0.08220
-0.07258
-0.06617
-0.06435
-0.06472
-0.06227
-0.05429
-0.04078
-0.02183
-0.00575
0.00197
0.00194
-0.00143
-0.00489
-0.00766
-0.00640
-0.00375
-0.00357
-0.00779
-0.01443
-0.02214
-0.02973
-0.03291
-0.03263
-0.03249
-0.03838
-0.05062
-0.06593
-0.08482
-0.10110
-0.11135
-0.11625
-0.11882
-0.12529
-0.13746
-0.15397
-0.17110
-0.18872
-0.20220
-0.20498
-0.19912
-0.19281
-0.19172
-0.19446
-0.19853
-0.20056
-0.20042
-0.20012
-0.19718
-0.19284
-0.19466
-0.19767
-0.19708
-0.19265
-0.18026
-0.16376
-0.14868
-0.13770
-0.13195
-0.13189
-0.13277
-0.13128
-0.12586
-0.11902
-0.11400
-0.10932
-0.10849
-0.11061
-0.11176
-0.10945
-0.10488
-0.09869
-0.09440
-0.09070
-0.08521
-0.08474
-0.08864
-0.09506
-0.09978
-0.10272
-0.10587
-0.10901
-0.11121
-0.11196
-0.11448
-0.11865
-0.12630
-0.13570
-0.14501
-0.15194
-0.15307
-0.14796
-0.13743
-0.12771
-0.12138
-0.11651
-0.11052
-0.10058
-0.08772
-0.07728
-0.07206
-0.06895
-0.06555
-0.05769
-0.04131
-0.01975
0.00172
0.01820
0.03018
0.03945
0.04343
0.04568
0.05241
0.06680
0.08773
0.11038
0.13072
0.14367
0.14560
0.14087
0.13502
0.13167
0.13462
0.14120
0.14720
0.15427
0.16312
0.16888
0.17377
0.18253
0.19252
0.20053
0.20385
0.20452
0.20385
0.20267
0.20496
0.21010
0.21967
0.23471
0.24862
0.25664
0.25709
0.25286
0.25109
0.25277
0.25760
0.26622
0.27006
0.26190
0.24220
0.21537
0.19043
0.17474
0.16913
0.16807
0.16560
0.15564
0.13705
0.11480
0.09486
0.08149
0.07613
0.07528
0.07097
0.05927
0.03863
0.01731
0.00310
-0.00217
-0.00358
-0.01045
-0.02028
-0.02755
-0.02599
-0.01285
0.01090
0.03934
0.06847
0.09256
0.10562
0.10924
0.10710
0.10669
0.10574
0.10567
0.11005
0.11464
0.11397
0.11117
0.10965
0.10909
0.11487
0.12226
0.12894
0.13795
0.14875
0.15895
0.17234
0.19091
0.21241
0.22818
0.22727
0.21792
0.20600
0.19409
0.18278
0.17000
0.15258
0.12899
0.10464
0.08127
0.05899
0.04030
0.02459
0.00909
-0.00427
-0.02081
-0.04184
-0.06390
-0.08471
-0.10158
-0.11487
-0.12621
-0.14338
-0.16536
-0.18915
-0.21459
-0.23660
-0.25023
-0.25625
-0.25657
-0.25263
-0.25204
-0.25637
-0.25981
-0.26016
-0.25659
-0.24524
-0.22834
-0.21228
-0.20297
-0.20269
-0.20580
-0.20614
-0.19867
-0.18193
-0.16064
-0.14100
-0.12939
-0.12650
-0.12710
-0.13034
-0.13114
-0.12822
-0.12680
-0.12885
-0.13699
-0.15010
-0.16487
-0.17445
-0.17516
-0.16983
-0.16247
-0.16089
-0.16888
-0.18257
-0.19965
-0.21400
-0.21852
-0.21904
-0.21878
-0.21996
-0.22783
-0.23985
-0.25458
-0.26964
-0.27976
-0.28298
-0.28035
-0.27873
-0.28147
-0.28479
-0.28710
-0.28716
-0.28529
-0.28059
-0.27014
-0.25657
-0.24456
-0.23207
-0.21903
-0.20618
-0.19019
-0.17319
-0.15682
-0.14376
-0.13528
-0.13004
-0.12497
-0.11857
-0.11434
-0.10917
-0.10267
-0.09623
-0.09242
-0.09205
-0.09095
-0.08914
-0.08541
-0.08266
-0.07950
-0.07402
-0.07029
-0.06944
-0.07303
-0.07636
-0.07804
-0.08016
-0.08126
-0.07989
-0.07630
-0.07367
-0.07394
-0.07766
-0.08297
-0.08992
-0.09679
-0.10315
-0.10521
-0.10058
-0.09296
-0.08183
-0.07400
-0.06853
-0.05934
-0.04858
-0.03694
-0.02508
-0.01906
-0.01771
-0.01600
-0.01213
0.00029
0.02007
0.04439
0.06819
0.08763
0.09975
0.10680
0.11378
0.12042
0.13665
0.16241
0.19097
0.21692
0.23734
0.25086
0.25657
0.26119
0.26992
0.28282
0.29693
0.31220
0.32429
0.33588
0.34840
0.35613
0.36507
0.37517
0.38088
0.37931
0.36952
0.35642
0.34498
0.33902
0.33852
0.34287
0.35120
0.35752
0.35724
0.34917
0.33688
0.32377
0.31565
0.31609
0.32124
0.32588
0.32162
0.30698
0.28357
0.26035
0.24499
0.23637
0.23423
0.23108
0.22218
0.20706
0.18884
0.17319
0.16255
0.15813
0.15769
0.15445
0.14294
0.12393
0.09996
0.07815
0.06867
0.06965
0.07034
0.06828
0.06632
0.06529
0.06737
0.07795
0.09400
0.11101
0.13196
0.15042
0.16080
0.16577
0.16924
0.17401
0.18015
0.19196
0.21103
0.23006
0.24441
0.25337
0.25886
0.26885
0.28210
0.28954
0.29004
0.28560
0.27945
0.27495
0.27547
0.28115
0.28112
0.27165
0.25727
0.23975
0.22358
0.20564
0.18469
0.16387
0.14302
0.12351
0.10339
0.08360
0.06714
0.05435
0.04238
0.02787
0.00925
-0.01338
-0.03964
-0.06677
-0.09002
-0.11157
-0.12975
-0.14808
-0.17353
-0.20232
-0.23208
-0.25810
-0.27793
-0.29102
-0.29404
-0.29111
-0.29139
-0.29653
-0.30087
-0.30394
-0.30521
-0.30096
-0.29230
-0.28402
-0.28005
-0.28053
-0.28411
-0.28275
-0.27010
-0.24951
-0.22445
-0.20097
-0.18516
-0.17960
-0.17959
-0.18299
-0.18769
-0.18854
-0.19030
-0.19474
-0.20241
-0.21303
-0.22458
-0.23269
-0.23389
-0.23336
-0.23580
-0.24200
-0.25304
-0.27005
-0.28833
-0.30232
-0.30799
-0.30801
-0.30892
-0.31588
-0.32995
-0.34730
-0.36570
-0.38084
-0.38787
-0.38652
-0.38250
-0.38167
-0.38458
-0.38780
-0.38917
-0.38797
-0.38444
-0.37627
-0.36383
-0.35464
-0.34745
-0.33898
-0.32779
-0.31144
-0.29047
-0.26643
-0.24608
-0.23361
-0.22664
-0.22451
-0.22532
-0.22088
-0.20999
-0.20094
-0.19123
-0.18047
-0.17444
-0.17056
-0.16616
-0.16072
-0.15605
-0.15178
-0.14962
-0.15032
-0.15478
-0.16401
-0.17521
-0.18595
-0.19070
-0.19442
-0.19680
-0.19363
-0.18832
-0.18386
-0.18239
-0.18162
-0.18395
-0.18760
-0.19060
-0.19239
-0.18631
-0.17469
-0.16268
-0.14950
-0.13534
-0.11862
-0.09890
-0.07757
-0.05748
-0.04165
-0.02872
-0.01750
-0.00601
0.00906
0.02997
0.05325
0.07612
0.09235
0.10213
0.10758
0.10851
0.11416
0.12777
0.15057
0.18042
0.21041
0.23562
0.25513
0.26613
0.27153
0.27717
0.28789
0.30211
0.31748
0.33431
0.34709
0.35634
0.36178
0.36836
0.37675
0.38282
0.38067
0.36896
0.35456
0.34153
0.33406
0.33442
0.34256
0.35668
0.37372
0.38492
0.38454
0.37676
0.36906
0.36579
0.36931
0.37659
0.38640
0.39224
0.38385
0.36272
0.33579
0.31338
0.30042
0.29420
0.28735
0.27786
0.26242
0.24024
0.21866
0.19978
0.18866
0.18597
0.18413
0.17386
0.15545
0.13174
0.10604
0.09178
0.09073
0.09640
0.10292
0.10605
0.10639
0.11059
0.12344
0.14015
0.15927
0.18179
0.20106
0.21141
0.21534
0.21703
0.22020
0.22651
0.23982
0.26274
0.28718
0.30654
0.32223
0.33292
0.34394
0.35613
0.36425
0.37249
0.37823
0.38095
0.38514
0.39283
0.40228
0.40721
0.40466
0.39830
0.38943
0.37692
0.36354
0.34930
0.33256
0.31204
0.28902
0.26565
0.24599
0.22871
0.21241
0.20016
0.18642
0.16828
0.14264
0.10926
0.07222
0.03292
-0.00357
-0.03778
-0.07347
-0.11176
-0.15346
-0.19837
-0.24045
-0.27163
-0.29190
-0.30006
-0.29836
-0.29585
-0.29467
-0.29429
-0.29461
-0.29219
-0.28511
-0.27014
-0.25063
-0.23519
-0.22501
-0.22201
-0.21722
-0.20195
-0.18030
-0.15135
-0.11885
-0.09269
-0.07786
-0.07685
-0.08454
-0.09305
-0.09947
-0.10137
-0.10354
-0.10814
-0.11895
-0.13862
-0.15751
-0.17082
-0.17487
-0.17447
-0.17668
-0.18233
-0.19617
-0.21542
-0.23445
-0.24753
-0.25276
-0.25656
-0.26135
-0.27240
-0.29377
-0.32270
-0.35457
-0.38005
-0.39032
-0.38492
-0.37465
-0.36616
-0.36045
-0.35734
-0.35764
-0.36202
-0.36307
-0.35949
-0.35684
-0.36070
-0.37088
-0.38529
-0.39965
-0.40814
-0.40811
-0.40092
-0.39462
-0.38792
-0.38010
-0.36989
-0.35478
-0.34253
-0.32852
-0.30656
-0.28367
-0.26251
-0.24937
-0.24099
-0.23056
-0.22449
-0.21855
-0.21191
-0.20839
-0.20854
-0.21548
-0.22848
-0.24171
-0.25398
-0.26524
-0.27240
-0.27585
-0.27464
-0.26869
-0.26291
-0.26081
-0.25968
-0.26261
-0.26936
-0.27627
-0.27780
-0.27110
-0.25985
-0.24528
-0.23349
-0.22269
-0.21114
-0.19850
-0.18259
-0.16817
-0.16028
-0.15568
-0.15249
-0.14963
-0.13782
-0.11783
-0.09034
-0.05987
-0.03323
-0.01319
-0.00296
0.00066
0.00526
0.01960
0.04096
0.06786
0.09732
0.12474
0.14739
0.15887
0.16602
0.17541
0.18697
0.20094
0.21462
0.22764
0.23913
0.24695
0.25293
0.26093
0.27320
0.28298
0.28449
0.27877
0.26965
0.26085
0.25781
0.26555
0.27946
0.29692
0.31186
0.31866
0.31705
0.30882
0.29963
0.29461
0.29652
0.30135
0.30461
0.30122
0.28860
0.26758
0.24652
0.23367
0.22954
0.23325
0.23619
0.23289
0.22442
0.21332
0.20155
0.19177
0.18668
0.18578
0.18393
0.17408
0.15729
0.13422
0.11421
0.10792
0.11029
0.11697
0.12368
0.12865
0.13400
0.14290
0.15752
0.17584
0.19725
0.21849
0.23472
0.24541
0.25324
0.26135
0.27272
0.28762
0.30768
0.33390
0.36146
0.38507
0.40218
0.41811
0.43610
0.45276
0.46354
0.46625
0.46434
0.46077
0.45963
0.46505
0.47564
0.48157
0.47751
0.46566
0.44696
0.42780
0.40771
0.38652
0.36695
0.34460
0.32239
0.30311
0.28621
0.27054
0.25709
0.24508
0.22877
0.20870
0.18485
0.15702
0.12713
0.09858
0.07568
0.05679
0.03622
0.01219
-0.01681
-0.04912
-0.07609
-0.09600
-0.10816
-0.11227
-0.11440
-0.12056
-0.12806
-0.13198
-0.13475
-0.13541
-0.12984
-0.12030
-0.11342
-0.11079
-0.11195
-0.11370
-0.11306
-0.10699
-0.09261
-0.07693
-0.06653
-0.06277
-0.06391
-0.06839
-0.07406
-0.07802
-0.07999
-0.08292
-0.08987
-0.09735
-0.10817
-0.12354
-0.13375
-0.13910
-0.14140
-0.14370
-0.15254
-0.16715
-0.18699
-0.20441
-0.21291
-0.21595
-0.21606
-0.21864
-0.23180
-0.25073
-0.27200
-0.29727
-0.31728
-0.32791
-0.33007
-0.33148
-0.33665
-0.34237
-0.34850
-0.35120
-0.35041
-0.34631
-0.33733
-0.32627
-0.31673
-0.31015
-0.30527
-0.29831
-0.28762
-0.27295
-0.25855
-0.24934
-0.24508
-0.24606
-0.24888
-0.25016
-0.24822
-0.24527
-0.24304
-0.24021
-0.23853
-0.23859
-0.23899
-0.23844
-0.23753
-0.23604
-0.23488
-0.23685
-0.24101
-0.24563
-0.25323
-0.26299
-0.27152
-0.27730
-0.28091
-0.28379
-0.28486
-0.28353
-0.28048
-0.27816
-0.27875
-0.28341
-0.28947
-0.29521
-0.29772
-0.29257
-0.28192
-0.27002
-0.25835
-0.24627
-0.23554
-0.22301
-0.20810
-0.19600
-0.19001
-0.18778
-0.18634
-0.18504
-0.17740
-0.16244
-0.13951
-0.11324
-0.09220
-0.07669
-0.06721
-0.05767
-0.04434
-0.02477
0.00535
0.03884
0.07090
0.10126
0.12314
0.13581
0.14442
0.15209
0.16400
0.17880
0.19390
0.20678
0.21529
0.22233
0.22645
0.23033
0.23704
0.24202
0.23868
0.22864
0.21621
0.20225
0.19491
0.19858
0.20984
0.22422
0.23852
0.24684
0.24342
0.23303
0.22169
0.21317
0.21417
0.22023
0.22522
0.22732
0.21812
0.19780
0.17189
0.15009
0.13795
0.13463
0.13428
0.12918
0.12030
0.10502
0.08813
0.07605
0.07103
0.07426
0.07878
0.07610
0.06490
0.04581
0.02574
0.01750
0.01845
0.02633
0.03735
0.04553
0.05368
0.06449
0.08016
0.09732
0.11745
0.14263
0.16294
0.17597
0.18511
0.18733
0.18856
0.19486
0.20840
0.23356
0.26063
0.28274
0.30167
0.31656
0.33349
0.35169
0.36574
0.37568
0.38065
0.38336
0.38783
0.39860
0.41163
0.41834
0.41856
0.41334
0.40528
0.39685
0.38785
0.37933
0.36908
0.35317
0.33321
0.31434
0.29780
0.28391
0.27133
0.25673
0.23994
0.21176
0.17534
0.14012
0.10342
0.07249
0.04890
0.02845
0.00728
-0.02088
-0.05466
-0.08913
-0.11774
-0.13709
-0.15118
-0.15639
-0.15462
-0.15526
-0.15853
-0.16414
-0.16523
-0.16438
-0.16045
-0.14759
-0.13447
-0.12716
-0.12915
-0.13470
-0.13667
-0.12789
-0.10802
-0.08432
-0.05955
-0.04011
-0.03058
-0.02831
-0.02896
-0.02701
-0.01978
-0.01451
-0.01215
-0.01495
-0.02806
-0.04717
-0.06492
-0.07387
-0.07467
-0.07289
-0.07878
-0.09489
-0.11745
-0.14377
-0.16790
-0.18463
-0.19156
-0.19654
-0.20221
-0.21219
-0.22917
-0.25015
-0.27150
-0.28396
-0.28717
-0.28545
-0.28490
-0.28486
-0.28434
-0.28417
-0.28312
-0.27992
-0.26942
-0.25784
-0.24798
-0.23943
-0.23459
-0.23174
-0.22766
-0.22029
-0.21025
-0.19878
-0.19104
-0.18618
-0.18434
-0.18359
-0.18276
-0.18376
-0.18177
-0.17716
-0.17234
-0.16934
-0.16500
-0.15796
-0.14929
-0.14001
-0.13377
-0.13040
-0.12897
-0.12916
-0.13169
-0.13604
-0.13888
-0.14197
-0.14552
-0.14920
-0.15163
-0.15229
-0.15297
-0.15010
-0.14723
-0.14850
-0.15608
-0.16859
-0.18305
-0.19504
-0.20183
-0.20503
-0.20851
-0.21246
-0.21765
-0.21888
-0.21285
-0.20432
-0.19560
-0.18971
-0.18743
-0.18349
-0.17209
-0.15307
-0.12223
-0.08675
-0.04923
-0.01806
0.00367
0.01972
0.03151
0.04774
0.07162
0.09992
0.13517
0.17107
0.20397
0.22874
0.24516
0.25832
0.26764
0.27975
0.28842
0.29714
0.30422
0.31202
0.31611
0.31897
0.31979
0.32236
0.32003
0.31257
0.29789
0.28333
0.27454
0.26964
0.27645
0.29174
0.31115
0.32246
0.32657
0.31738
0.30373
0.27977
0.26362
0.25070
0.24762
0.24779
0.25045
0.24502
0.23592
0.21873
0.20272
0.19491
0.18546
0.17897
0.15660
0.13223
0.09142
0.05830
0.01615
-0.00393
-0.02803
-0.03142
-0.05531
-0.06354
-0.09297
-0.10582
