sample-data.txt   1 channel (mono)
Sample Rate: 22050 Hz. Sample values on linear scale.
Length processed: 10693 samples 0.48494 seconds.


-0.00088
0.00487
0.00597
-0.00872
-0.03001
-0.04970
-0.07149
-0.09344
-0.12011
-0.15819
-0.19834
-0.22849
-0.23995
-0.24781
-0.26802
-0.29546
-0.31333
-0.32841
-0.34657
-0.37140
-0.39511
-0.41647
-0.44180
-0.46272
-0.48206
-0.49235
-0.49661
-0.49445
-0.49284
-0.50176
-0.51952
-0.53393
-0.53804
-0.53533
-0.52730
-0.52561
-0.51741
-0.50799
-0.50663
-0.50546
-0.49535
-0.46972
-0.44049
-0.41826
-0.40373
-0.39446
-0.39372
-0.40295
-0.41556
-0.41496
-0.39678
-0.35699
-0.31989
-0.31048
-0.31953
-0.33137
-0.32484
-0.30355
-0.28325
-0.26909
-0.26599
-0.27017
-0.27329
-0.27434
-0.26990
-0.25701
-0.23372
-0.21741
-0.21113
-0.21773
-0.22530
-0.22009
-0.20522
-0.17667
-0.15571
-0.14462
-0.14123
-0.13823
-0.12484
-0.10602
-0.09451
-0.09237
-0.10063
-0.11341
-0.11323
-0.08988
-0.04442
0.00145
0.03110
0.03730
0.03338
0.02406
0.01769
0.01914
0.03461
0.07199
0.11605
0.15112
0.16770
0.17877
0.18469
0.18617
0.18622
0.19072
0.20326
0.21330
0.22075
0.23344
0.24378
0.24928
0.25532
0.24956
0.23202
0.21070
0.19749
0.19092
0.18662
0.17122
0.14272
0.11523
0.10231
0.10757
0.11333
0.11603
0.10630
0.09049
0.07226
0.05099
0.03630
0.02944
0.03746
0.05177
0.06780
0.08086
0.08465
0.08735
0.08229
0.08459
0.09772
0.11437
0.13693
0.15486
0.17400
0.19104
0.21387
0.24449
0.27301
0.29322
0.29969
0.29916
0.29634
0.30333
0.32681
0.36109
0.39889
0.42419
0.43601
0.44408
0.44783
0.45219
0.45721
0.46323
0.47122
0.48167
0.48386
0.47832
0.47063
0.46581
0.47301
0.47833
0.48496
0.48985
0.49014
0.48601
0.47672
0.46458
0.44943
0.43271
0.41381
0.40366
0.39949
0.39656
0.38654
0.36787
0.35292
0.34668
0.34224
0.33569
0.31928
0.29926
0.28378
0.26909
0.25949
0.25023
0.24373
0.23306
0.22332
0.22085
0.22262
0.22518
0.21998
0.20954
0.20428
0.20803
0.21144
0.20945
0.20548
0.21318
0.23258
0.25008
0.25469
0.24277
0.22719
0.21524
0.20478
0.19809
0.19405
0.19695
0.20369
0.20388
0.19725
0.18538
0.16587
0.14377
0.12766
0.11676
0.10619
0.09708
0.09217
0.09160
0.08899
0.06912
0.04110
0.02069
0.01026
0.00823
-0.00010
-0.02176
-0.04709
-0.07303
-0.09741
-0.12018
-0.13897
-0.15549
-0.17319
-0.19411
-0.22055
-0.25128
-0.28545
-0.31591
-0.34182
-0.36371
-0.38362
-0.39669
-0.40822
-0.42299
-0.44274
-0.46699
-0.48931
-0.50550
-0.51970
-0.53895
-0.55616
-0.57091
-0.57374
-0.56838
-0.55908
-0.55085
-0.55031
-0.55638
-0.56874
-0.57813
-0.57413
-0.55332
-0.53217
-0.52052
-0.52231
-0.52540
-0.52625
-0.51882
-0.49824
-0.48040
-0.46414
-0.44951
-0.43072
-0.41021
-0.38959
-0.37377
-0.36432
-0.35771
-0.35483
-0.34800
-0.33739
-0.31962
-0.30274
-0.28896
-0.28274
-0.28120
-0.27782
-0.27672
-0.27416
-0.27466
-0.27263
-0.26598
-0.25341
-0.24136
-0.22891
-0.21055
-0.19664
-0.18472
-0.17823
-0.17474
-0.17536
-0.18373
-0.18936
-0.18461
-0.16572
-0.14234
-0.12628
-0.12140
-0.11877
-0.11018
-0.10041
-0.09271
-0.08872
-0.08237
-0.06951
-0.05103
-0.03197
-0.02144
-0.00938
0.00473
0.01910
0.03399
0.03911
0.04672
0.05475
0.06061
0.06442
0.06115
0.06515
0.07214
0.07906
0.08189
0.07311
0.05976
0.04625
0.03775
0.03223
0.02329
0.01363
0.00058
-0.01987
-0.03874
-0.05027
-0.04936
-0.04306
-0.04784
-0.06410
-0.08379
-0.09551
-0.09921
-0.09865
-0.09239
-0.08547
-0.07559
-0.06629
-0.06116
-0.06134
-0.07002
-0.07733
-0.07631
-0.06283
-0.04106
-0.01405
0.01324
0.03691
0.06238
0.07992
0.09008
0.10472
0.12242
0.14355
0.16389
0.18694
0.21492
0.24769
0.28527
0.31680
0.34559
0.35941
0.36268
0.36302
0.36060
0.36461
0.36749
0.37673
0.39839
0.42677
0.44677
0.45080
0.44044
0.41856
0.39006
0.36510
0.35325
0.35621
0.37131
0.38127
0.38024
0.37009
0.36092
0.35391
0.33881
0.31939
0.29646
0.27872
0.27557
0.27751
0.27817
0.27279
0.25590
0.24137
0.24059
0.25239
0.26483
0.26669
0.26116
0.25859
0.26339
0.26219
0.25175
0.25427
0.28324
0.32645
0.35486
0.35776
0.35482
0.35603
0.35670
0.35396
0.34824
0.34764
0.36231
0.38227
0.39542
0.39420
0.39270
0.39614
0.38868
0.37214
0.34162
0.30856
0.28691
0.27874
0.28014
0.27763
0.26522
0.24540
0.22598
0.21470
0.20469
0.19232
0.17679
0.15223
0.12681
0.10473
0.09233
0.09115
0.08867
0.07606
0.05265
0.02415
-0.00127
-0.02013
-0.03637
-0.04926
-0.05806
-0.06869
-0.08720
-0.11786
-0.16317
-0.21444
-0.24563
-0.25501
-0.25102
-0.25341
-0.27007
-0.28169
-0.29518
-0.30991
-0.33266
-0.36416
-0.39519
-0.41106
-0.40995
-0.40259
-0.39294
-0.39811
-0.41016
-0.41825
-0.41265
-0.39683
-0.38664
-0.38727
-0.39507
-0.40404
-0.40681
-0.40153
-0.39171
-0.37406
-0.35449
-0.33299
-0.31708
-0.31136
-0.31320
-0.31908
-0.32547
-0.33205
-0.33417
-0.32198
-0.29662
-0.27452
-0.26983
-0.28191
-0.28406
-0.27073
-0.25315
-0.23719
-0.22214
-0.21749
-0.22319
-0.23490
-0.24341
-0.23295
-0.21314
-0.19108
-0.17238
-0.15322
-0.14049
-0.13885
-0.14611
-0.15172
-0.15291
-0.15315
-0.14253
-0.11506
-0.07717
-0.05169
-0.04716
-0.05511
-0.05716
-0.05704
-0.06716
-0.07774
-0.07395
-0.05148
-0.02211
-0.00886
-0.01083
-0.01034
-0.00130
0.01457
0.02418
0.02341
0.02180
0.02077
0.02174
0.02280
0.01971
0.01526
0.00548
-0.00554
-0.01360
-0.01910
-0.02353
-0.03059
-0.03832
-0.04731
-0.06131
-0.07619
-0.09301
-0.10761
-0.11532
-0.12001
-0.12053
-0.12470
-0.13329
-0.14335
-0.14980
-0.15156
-0.15602
-0.16395
-0.17462
-0.18924
-0.20199
-0.19875
-0.17968
-0.15205
-0.13174
-0.12757
-0.12933
-0.12745
-0.11619
-0.11319
-0.11518
-0.10909
-0.09240
-0.06287
-0.03677
-0.02074
-0.01334
-0.00150
0.01896
0.04312
0.06930
0.08772
0.10003
0.10904
0.11951
0.13381
0.14758
0.16313
0.17482
0.18439
0.19516
0.20433
0.20800
0.20893
0.20848
0.20640
0.20544
0.20138
0.20550
0.22230
0.23616
0.23490
0.22151
0.20569
0.20080
0.20597
0.21152
0.20842
0.19501
0.17356
0.15474
0.14691
0.15629
0.17368
0.18030
0.17733
0.16253
0.15027
0.13613
0.12197
0.11385
0.11245
0.11905
0.12541
0.12420
0.11814
0.11259
0.10541
0.10219
0.10559
0.11649
0.12878
0.14393
0.15881
0.17711
0.19272
0.20235
0.20712
0.21333
0.22408
0.22968
0.23144
0.22409
0.22055
0.22775
0.24176
0.25944
0.26817
0.27145
0.26827
0.25237
0.23123
0.21235
0.21631
0.22941
0.23887
0.23002
0.20675
0.19260
0.17824
0.16538
0.14342
0.11717
0.09476
0.08718
0.08966
0.08492
0.06483
0.03696
0.01727
-0.00041
-0.01897
-0.04421
-0.07039
-0.09509
-0.11109
-0.11878
-0.12972
-0.13948
-0.15259
-0.16661
-0.17993
-0.19828
-0.21892
-0.23486
-0.23660
-0.23429
-0.23720
-0.25041
-0.26733
-0.27609
-0.28254
-0.28293
-0.27758
-0.27206
-0.27006
-0.26887
-0.26810
-0.25826
-0.23946
-0.22256
-0.21031
-0.20446
-0.19739
-0.19106
-0.18096
-0.16367
-0.14533
-0.12764
-0.11154
-0.09772
-0.08223
-0.06670
-0.05844
-0.05589
-0.05118
-0.03877
-0.01914
0.00001
0.01633
0.02548
0.02905
0.02684
0.01374
0.00010
-0.00590
0.00847
0.02997
0.04708
0.05252
0.04253
0.03348
0.02741
0.03202
0.04278
0.05496
0.07104
0.08005
0.08251
0.07685
0.07134
0.07297
0.07825
0.09503
0.11549
0.13205
0.13650
0.13697
0.14017
0.14600
0.15231
0.15282
0.15311
0.15563
0.16022
0.16075
0.16623
0.18342
0.21285
0.23663
0.24915
0.25146
0.24361
0.23181
0.20885
0.18529
0.16923
0.17191
0.18024
0.17797
0.16926
0.15423
0.14280
0.12631
0.09648
0.06660
0.03956
0.02409
0.02833
0.03600
0.02891
0.00309
-0.02358
-0.03945
-0.05341
-0.06955
-0.08378
-0.09334
-0.10164
-0.11077
-0.12049
-0.12907
-0.13599
-0.13759
-0.13491
-0.13320
-0.13125
-0.13321
-0.12691
-0.11780
-0.10764
-0.09826
-0.09666
-0.09000
-0.08143
-0.06523
-0.05084
-0.03700
-0.02209
-0.00886
0.00659
0.02181
0.04073
0.05411
0.06293
0.07583
0.08807
0.10030
0.11133
0.11893
0.12930
0.13700
0.14193
0.14221
0.14531
0.15082
0.15192
0.15040
0.14676
0.15119
0.16093
0.16469
0.16388
0.15494
0.14341
0.13590
0.12400
0.11303
0.10806
0.11004
0.10978
0.10495
0.09310
0.08155
0.07290
0.06697
0.05800
0.04895
0.04233
0.03453
0.03605
0.03218
0.02864
0.02074
0.01470
0.01105
0.00787
0.00914
0.01280
0.02151
0.03224
0.04631
0.05847
0.06951
0.07835
0.08998
0.09746
0.10345
0.10384
0.10466
0.10617
0.10906
0.11620
0.12177
0.13087
0.13403
0.13065
0.11968
0.10690
0.09228
0.08171
0.07523
0.07042
0.06432
0.05712
0.05034
0.03747
0.02057
0.00060
-0.01630
-0.03183
-0.05167
-0.07155
-0.08738
-0.10438
-0.11974
-0.13320
-0.14859
-0.16461
-0.18271
-0.20095
-0.21771
-0.24047
-0.26050
-0.27966
-0.30031
-0.32074
-0.33892
-0.35071
-0.36972
-0.38565
-0.39830
-0.40662
-0.40961
-0.41282
-0.41051
-0.40380
-0.40035
-0.40048
-0.39718
-0.39620
-0.39894
-0.40471
-0.41524
-0.42516
-0.42967
-0.43024
-0.42508
-0.41165
-0.39379
-0.37308
-0.35244
-0.33747
-0.32712
-0.31875
-0.30727
-0.29703
-0.28833
-0.27625
-0.25980
-0.23901
-0.22160
-0.21114
-0.20783
-0.20639
-0.20471
-0.19800
-0.18777
-0.18088
-0.17496
-0.16404
-0.14920
-0.14214
-0.13962
-0.13180
-0.11930
-0.10674
-0.09881
-0.09284
-0.08815
-0.08287
-0.07429
-0.07173
-0.06602
-0.05105
-0.03222
-0.01556
-0.00824
-0.00427
0.00231
0.01481
0.02218
0.02661
0.03545
0.04530
0.05901
0.07274
0.08454
0.09387
0.10285
0.11212
0.11799
0.12043
0.12234
0.12806
0.13314
0.13225
0.13266
0.13771
0.14628
0.15971
0.17721
0.19156
0.20364
0.22146
0.23577
0.24064
0.23773
0.23315
0.23244
0.22954
0.22124
0.20717
0.19167
0.18087
0.16944
0.15521
0.14211
0.13422
0.13466
0.13407
0.12764
0.11871
0.10247
0.08427
0.06641
0.04953
0.04173
0.04133
0.04454
0.04415
0.04198
0.03122
0.01079
-0.01443
-0.03401
-0.03330
-0.01902
-0.00168
0.00765
0.01477
0.02529
0.03830
0.04909
0.05772
0.06917
0.08257
0.09566
0.10236
0.10863
0.12053
0.13432
0.15452
0.17886
0.20491
0.23141
0.24723
0.25025
0.24221
0.23867
0.24797
0.26448
0.27999
0.28803
0.29061
0.28939
0.28781
0.28804
0.28241
0.27558
0.27813
0.28331
0.28645
0.28213
0.27693
0.27153
0.27183
0.27793
0.27901
0.27990
0.28042
0.28115
0.27029
0.25929
0.24789
0.23485
0.22704
0.21322
0.20313
0.19076
0.17739
0.16713
0.15976
0.15604
0.15168
0.14672
0.14455
0.14510
0.15242
0.16144
0.16646
0.17291
0.17707
0.18059
0.18211
0.18912
0.19544
0.20162
0.20436
0.20619
0.20964
0.20943
0.21674
0.22484
0.23150
0.22886
0.21352
0.19202
0.17957
0.17990
0.18634
0.18973
0.18350
0.17732
0.17363
0.16338
0.14683
0.12752
0.10520
0.08689
0.07106
0.05762
0.04229
0.02688
0.01277
-0.00846
-0.03570
-0.06442
-0.09831
-0.13992
-0.17583
-0.19130
-0.19650
-0.20670
-0.22546
-0.25911
-0.29786
-0.33229
-0.35620
-0.36177
-0.36056
-0.36661
-0.38450
-0.40571
-0.41652
-0.42105
-0.42039
-0.42046
-0.42291
-0.42307
-0.42868
-0.43751
-0.45086
-0.45648
-0.45511
-0.44704
-0.43414
-0.42415
-0.41615
-0.42220
-0.43052
-0.43417
-0.42962
-0.41400
-0.38945
-0.36764
-0.35417
-0.34239
-0.33453
-0.33257
-0.33277
-0.33308
-0.33361
-0.32363
-0.30659
-0.28941
-0.27998
-0.27535
-0.26807
-0.25613
-0.23715
-0.21918
-0.20473
-0.19536
-0.19688
-0.20059
-0.20043
-0.19606
-0.18415
-0.17084
-0.16418
-0.16118
-0.15898
-0.16257
-0.16315
-0.16159
-0.15761
-0.15397
-0.15068
-0.13944
-0.12920
-0.12189
-0.11267
-0.09997
-0.08707
-0.07882
-0.07150
-0.05717
-0.04399
-0.02634
-0.00880
0.00231
0.01432
0.02426
0.04113
0.06013
0.07989
0.09367
0.10134
0.10256
0.10121
0.11426
0.13981
0.17343
0.19383
0.19700
0.18853
0.17390
0.15258
0.12419
0.09973
0.08823
0.08447
0.08627
0.08742
0.08334
0.08518
0.08636
0.08817
0.07781
0.05624
0.03438
0.02036
0.01556
0.02578
0.04911
0.07103
0.08513
0.07767
0.06344
0.04723
0.02952
0.01492
-0.00605
-0.02778
-0.03498
-0.02858
-0.00929
0.01201
0.03224
0.04784
0.04979
0.04912
0.04948
0.05163
0.06146
0.07688
0.08883
0.10361
0.12330
0.14030
0.15395
0.16821
0.17847
0.18738
0.19352
0.20327
0.21172
0.21308
0.21999
0.22917
0.24438
0.26034
0.27329
0.28168
0.28110
0.27160
0.26386
0.26162
0.26398
0.26886
0.27585
0.28160
0.27922
0.27591
0.26749
0.25360
0.23800
0.23077
0.23405
0.24212
0.24881
0.24850
0.24699
0.24453
0.24030
0.23515
0.23000
0.22619
0.21688
0.20013
0.18124
0.16238
0.15080
0.14574
0.14238
0.13974
0.14016
0.14301
0.14279
0.13855
0.13451
0.13502
0.14388
0.15855
0.16829
0.17587
0.18623
0.20352
0.21607
0.21520
0.20622
0.19559
0.20178
0.21770
0.22960
0.23192
0.22725
0.21899
0.20927
0.20224
0.19273
0.18060
0.17426
0.17215
0.17152
0.17204
0.16623
0.16209
0.15548
0.14516
0.12688
0.09985
0.06997
0.03885
0.01463
-0.00821
-0.03616
-0.07374
-0.11542
-0.15111
-0.17874
-0.20641
-0.23524
-0.26853
-0.30028
-0.32470
-0.33943
-0.34254
-0.34779
-0.35973
-0.37855
-0.40174
-0.42329
-0.44246
-0.45520
-0.45778
-0.45983
-0.46125
-0.46881
-0.48585
-0.49163
-0.47753
-0.45090
-0.43074
-0.42617
-0.41909
-0.40530
-0.38474
-0.36369
-0.34833
-0.33416
-0.32783
-0.32285
-0.31062
-0.28931
-0.26220
-0.23805
-0.22589
-0.21996
-0.21460
-0.20531
-0.19031
-0.17446
-0.16152
-0.15504
-0.15546
-0.15686
-0.15150
-0.14055
-0.12258
-0.10356
-0.09067
-0.08694
-0.08591
-0.08408
-0.08198
-0.08026
-0.08095
-0.08267
-0.08486
-0.08602
-0.08919
-0.09459
-0.09859
-0.09623
-0.09131
-0.09050
-0.08884
-0.08164
-0.07165
-0.06583
-0.07171
-0.08097
-0.08622
-0.07916
-0.05989
-0.04315
-0.03109
-0.02678
-0.02523
-0.02191
-0.01964
-0.01851
-0.01386
0.00114
0.02560
0.04824
0.05593
0.05629
0.06098
0.07615
0.10195
0.12774
0.15107
0.16426
0.16309
0.15376
0.13804
0.12289
0.11520
0.11299
0.10298
0.08789
0.07824
0.07580
0.07104
0.04997
0.02035
-0.01030
-0.03161
-0.03826
-0.03801
-0.03492
-0.03629
-0.03775
-0.03638
-0.04067
-0.04692
-0.04621
-0.03380
-0.01472
-0.00320
-0.00647
-0.01683
-0.02516
-0.02848
-0.02896
-0.03020
-0.03534
-0.03987
-0.03795
-0.03118
-0.02343
-0.00910
0.01809
0.04496
0.06239
0.07348
0.09241
0.11618
0.13236
0.13873
0.14118
0.13826
0.14135
0.16522
0.19659
0.23179
0.25346
0.26090
0.26419
0.26504
0.26546
0.26867
0.27302
0.27757
0.28746
0.29344
0.29624
0.29375
0.29650
0.30089
0.29304
0.27521
0.25864
0.25693
0.26441
0.26847
0.25665
0.23786
0.22346
0.22042
0.21899
0.21439
0.21071
0.20295
0.19635
0.18654
0.17722
0.17212
0.17739
0.19078
0.20054
0.20308
0.19867
0.19793
0.20509
0.21567
0.22497
0.23771
0.25335
0.26360
0.27299
0.27799
0.27920
0.28222
0.27962
0.27365
0.25635
0.23862
0.23438
0.23817
0.24204
0.23551
0.22422
0.21224
0.19865
0.18383
0.16900
0.15302
0.14440
0.14067
0.13934
0.13607
0.12415
0.11359
0.09945
0.08396
0.06662
0.04454
0.03035
0.02761
0.03224
0.03431
0.02399
-0.00045
-0.03838
-0.08364
-0.12688
-0.17393
-0.22253
-0.25947
-0.28471
-0.30262
-0.32417
-0.36141
-0.40479
-0.44312
-0.47422
-0.49853
-0.52462
-0.54786
-0.56671
-0.57771
-0.58214
-0.58628
-0.58791
-0.58172
-0.57005
-0.56346
-0.56370
-0.56901
-0.56630
-0.55565
-0.54641
-0.54041
-0.52869
-0.50534
-0.47504
-0.45363
-0.44871
-0.44561
-0.43006
-0.39747
-0.36400
-0.34203
-0.32588
-0.31433
-0.30057
-0.28218
-0.26750
-0.25000
-0.23484
-0.22234
-0.20494
-0.18858
-0.17711
-0.16286
-0.14185
-0.12153
-0.10774
-0.10280
-0.09952
-0.09351
-0.08561
-0.07781
-0.07604
-0.07265
-0.07241
-0.06976
-0.05596
-0.04607
-0.03839
-0.04058
-0.04730
-0.05565
-0.05979
-0.05748
-0.05332
-0.04659
-0.04424
-0.04242
-0.04495
-0.04820
-0.04557
-0.03250
-0.01894
-0.01259
-0.01498
-0.02256
-0.02951
-0.02387
-0.00550
0.01753
0.03966
0.05195
0.05943
0.06461
0.07900
0.09347
0.10598
0.11882
0.13421
0.15476
0.16659
0.17033
0.16437
0.14586
0.12027
0.08573
0.04808
0.01821
0.00132
0.00946
0.01807
0.01622
0.00498
-0.01472
-0.03283
-0.05685
-0.07486
-0.08359
-0.08849
-0.08874
-0.08343
-0.07454
-0.06349
-0.05064
-0.03549
-0.02012
-0.01115
-0.00497
0.00653
0.01299
0.01502
0.01519
0.01573
0.02143
0.02122
0.02046
0.01776
0.02303
0.02859
0.03328
0.04644
0.06605
0.08727
0.09720
0.10001
0.10048
0.11089
0.12727
0.14971
0.16828
0.18512
0.21221
0.24216
0.26110
0.26491
0.26492
0.26676
0.26869
0.27153
0.28026
0.28825
0.29886
0.30593
0.31525
0.31861
0.31418
0.30596
0.29683
0.29665
0.29349
0.28667
0.27593
0.27252
0.27430
0.27464
0.26728
0.25647
0.25058
0.25177
0.25965
0.26042
0.25240
0.23739
0.22052
0.21091
0.21317
0.22307
0.22806
0.22485
0.21118
0.19329
0.18354
0.17676
0.18228
0.20229
0.22553
0.24307
0.25357
0.27301
0.30203
0.32625
0.34601
0.35377
0.35250
0.35556
0.36391
0.38288
0.40350
0.41393
0.41331
0.40750
0.39544
0.39010
0.38925
0.38745
0.38158
0.36235
0.34076
0.31492
0.29797
0.29594
0.30139
0.30837
0.30850
0.30408
0.29196
0.27140
0.25068
0.23664
0.22997
0.21730
0.18810
0.14687
0.09928
0.05047
0.00006
-0.05387
-0.10774
-0.15588
-0.20194
-0.24217
-0.27483
-0.30813
-0.34217
-0.38393
-0.42990
-0.47457
-0.51687
-0.55194
-0.57099
-0.57011
-0.56333
-0.55633
-0.55751
-0.56532
-0.57220
-0.57947
-0.57926
-0.56893
-0.54161
-0.49619
-0.44923
-0.40987
-0.37063
-0.33088
-0.29015
-0.24807
-0.21457
-0.19467
-0.18336
-0.15902
-0.11976
-0.07675
-0.04476
-0.02871
-0.01584
-0.00336
0.00550
0.00467
-0.00022
-0.00169
0.00222
0.01110
0.02334
0.03577
0.05353
0.07260
0.08164
0.07602
0.05656
0.03853
0.03376
0.03940
0.03920
0.03052
0.01644
0.00668
0.00383
0.00060
-0.00588
-0.01919
-0.03265
-0.04726
-0.05857
-0.06848
-0.07740
-0.07918
-0.07578
-0.07327
-0.07142
-0.06787
-0.06336
-0.05663
-0.06004
-0.07126
-0.08998
-0.10603
-0.10956
-0.09985
-0.07946
-0.06636
-0.05998
-0.05614
-0.05025
-0.04171
-0.02396
0.00280
0.02922
0.05481
0.07879
0.10040
0.11327
0.12256
0.12986
0.13058
0.12542
0.10735
0.07802
0.04230
0.00791
-0.01939
-0.04083
-0.06276
-0.08802
-0.11467
-0.13806
-0.15320
-0.17440
-0.19643
-0.22090
-0.25057
-0.27352
-0.28169
-0.26671
-0.23818
-0.20608
-0.18708
-0.18326
-0.18404
-0.18328
-0.18132
-0.17940
-0.17263
-0.16013
-0.13836
-0.12132
-0.11259
-0.10145
-0.08750
-0.06850
-0.04467
-0.01875
0.00942
0.03428
0.04966
0.06022
0.06601
0.07340
0.08448
0.09675
0.10764
0.11374
0.12040
0.13085
0.14727
0.16318
0.16891
0.16317
0.16318
0.17109
0.18267
0.19625
0.19632
0.19306
0.19100
0.18662
0.18904
0.19053
0.18823
0.17762
0.15198
0.12640
0.10683
0.09732
0.10034
0.10417
0.09900
0.08722
0.07537
0.06529
0.05476
0.04452
0.03562
0.01850
-0.00144
-0.01826
-0.02985
-0.03438
-0.03626
-0.03592
-0.03270
-0.02454
-0.01394
0.00086
0.01484
0.03049
0.04832
0.06527
0.08633
0.10549
0.12683
0.14636
0.16128
0.17916
0.19707
0.21312
0.22403
0.22533
0.22202
0.22235
0.22290
0.21654
0.20599
0.18883
0.16768
0.14991
0.13267
0.11610
0.10005
0.08653
0.07692
0.06651
0.04630
0.02422
0.00900
-0.00190
-0.01197
-0.01894
-0.01904
-0.02081
-0.02146
-0.02046
-0.01738
-0.01348
-0.01264
-0.01525
-0.02952
-0.06289
-0.11981
-0.18364
-0.23251
-0.27452
-0.30895
-0.34308
-0.38158
-0.42297
-0.47392
-0.51963
-0.56259
-0.59928
-0.63617
-0.66910
-0.69346
-0.71400
-0.72508
-0.73221
-0.73165
-0.72422
-0.71010
-0.69460
-0.67700
-0.65549
-0.62811
-0.59670
-0.56718
-0.53877
-0.50390
-0.46451
-0.41839
-0.36224
-0.30128
-0.23223
-0.16028
-0.09543
-0.05703
-0.02741
0.00357
0.02844
0.05093
0.07127
0.10461
0.13365
0.15191
0.16676
0.18153
0.20004
0.22126
0.25309
0.28211
0.29597
0.29279
0.28625
0.28214
0.28638
0.29999
0.31048
0.31512
0.31138
0.30651
0.30207
0.29584
0.28356
0.27138
0.26003
0.24947
0.23900
0.22560
0.21386
0.20664
0.20378
0.20185
0.19824
0.19161
0.18587
0.17870
0.17569
0.16765
0.15562
0.14887
0.14585
0.15283
0.16135
0.17515
0.18920
0.19320
0.19019
0.18973
0.20520
0.23259
0.26572
0.29038
0.31735
0.33940
0.34515
0.33718
0.30937
0.28102
0.24760
0.22493
0.21260
0.19254
0.16878
0.14597
0.11466
0.07219
0.02775
-0.01633
-0.04916
-0.07255
-0.08822
-0.10266
-0.11085
-0.11499
-0.11287
-0.11403
-0.11113
-0.09977
-0.09009
-0.07531
-0.06173
-0.04705
-0.03419
-0.02053
-0.01374
-0.00466
0.00593
0.01961
0.03662
0.05340
0.07682
0.10695
0.14657
0.17950
0.20267
0.21897
0.23474
0.25103
0.26617
0.27701
0.29128
0.30896
0.32523
0.34423
0.36029
0.37241
0.37521
0.36687
0.35377
0.34492
0.34035
0.33975
0.34613
0.35495
0.36012
0.36278
0.35927
0.34921
0.33711
0.32115
0.30398
0.28428
0.25987
0.23581
0.20913
0.18071
0.15463
0.13194
0.11953
0.10774
0.09077
0.07426
0.06042
0.04739
0.02890
0.00868
-0.00940
-0.03549
-0.06260
-0.08741
-0.11526
-0.13484
-0.14783
-0.15210
-0.15571
-0.16389
-0.16843
-0.16854
-0.16083
-0.14222
-0.11614
-0.09078
-0.06908
-0.05315
-0.03594
-0.01867
0.00023
0.02394
0.04681
0.07087
0.09180
0.10981
0.12217
0.12106
0.11343
0.10151
0.08867
0.07575
0.05894
0.04947
0.04174
0.03000
0.01711
0.00973
0.01088
0.01054
0.01187
0.00793
-0.00688
-0.02619
-0.04924
-0.07091
-0.08864
-0.10809
-0.13211
-0.16762
-0.22117
-0.27953
-0.33956
-0.40419
-0.46393
-0.52252
-0.57456
-0.62358
-0.67669
-0.72063
-0.75530
-0.78388
-0.80691
-0.82733
-0.84922
-0.86863
-0.88331
-0.89116
-0.89163
-0.89508
-0.90233
-0.90628
-0.90021
-0.88418
-0.86994
-0.85829
-0.84591
-0.82493
-0.79692
-0.76233
-0.71324
-0.66572
-0.61891
-0.57287
-0.51996
-0.45454
-0.38511
-0.31978
-0.26644
-0.21387
-0.15736
-0.10228
-0.05686
-0.01531
0.02461
0.05616
0.08765
0.11845
0.14524
0.16907
0.19228
0.21810
0.23363
0.24286
0.25151
0.26678
0.28077
0.28804
0.29065
0.27970
0.26419
0.24920
0.24245
0.23382
0.22388
0.21122
0.19396
0.18086
0.16657
0.15525
0.15025
0.14119
0.13000
0.12375
0.11797
0.11456
0.11375
0.11269
0.11113
0.10759
0.09741
0.08599
0.07758
0.08200
0.09226
0.09798
0.09833
0.09321
0.08903
0.08714
0.09486
0.10590
0.11756
0.13408
0.15743
0.19298
0.22707
0.24805
0.26083
0.26196
0.25859
0.25526
0.24438
0.22304
0.20182
0.18781
0.17664
0.15307
0.11703
0.08394
0.05390
0.03283
0.01086
-0.00813
-0.02673
-0.04993
-0.06633
-0.07753
-0.08910
-0.09902
-0.10103
-0.09533
-0.08016
-0.06525
-0.05173
-0.03500
-0.01928
-0.00778
0.00432
0.01837
0.03456
0.05560
0.08505
0.12367
0.17210
0.22800
0.28062
0.32307
0.36099
0.39518
0.42251
0.45919
0.49766
0.52855
0.55203
0.57217
0.59617
0.61442
0.62517
0.63117
0.63457
0.63812
0.64147
0.64130
0.64207
0.64210
0.63780
0.63319
0.62054
0.60389
0.58110
0.55744
0.54185
0.52714
0.51047
0.49100
0.47733
0.45812
0.43094
0.40007
0.37234
0.34833
0.32347
0.30696
0.29853
0.29253
0.28175
0.26645
0.24863
0.23291
0.21579
0.19579
0.17532
0.15289
0.12890
0.10282
0.06815
0.03245
0.00773
-0.00999
-0.03996
-0.07478
-0.09890
-0.11058
-0.10030
-0.07845
-0.05207
-0.03422
-0.01775
0.00168
0.02101
0.04607
0.06805
0.08909
0.10635
0.11603
0.12198
0.12429
0.12786
0.13395
0.13305
0.12452
0.10541
0.07780
0.05277
0.03392
0.02421
0.01953
0.00973
-0.00888
-0.03360
-0.05361
-0.06781
-0.07916
-0.08795
-0.09650
-0.11004
-0.13243
-0.15586
-0.16845
-0.17836
-0.19212
-0.21151
-0.24078
-0.26681
-0.30252
-0.35109
-0.40231
-0.45785
-0.52218
-0.59244
-0.65496
-0.70759
-0.75636
-0.79755
-0.82992
-0.86186
-0.89822
-0.92898
-0.93419
-0.93337
-0.93373
-0.93330
-0.93659
-0.93767
-0.93811
-0.93742
-0.93490
-0.93285
-0.93447
-0.93066
-0.91237
-0.88549
-0.85394
-0.81540
-0.77195
-0.71835
-0.65654
-0.59123
-0.52555
-0.45894
-0.40248
-0.35475
-0.30162
-0.24796
-0.19451
-0.13962
-0.07640
-0.01802
0.03007
0.07385
0.11710
0.16161
0.19686
0.22399
0.24098
0.24560
0.24435
0.23997
0.23729
0.24199
0.24219
0.23634
0.22875
0.21810
0.20744
0.19648
0.19186
0.18889
0.18855
0.18405
0.17426
0.16716
0.15976
0.15836
0.15826
0.16029
0.16125
0.15826
0.15329
0.14841
0.14933
0.15474
0.15527
0.14742
0.13687
0.12652
0.11855
0.11217
0.10950
0.11024
0.11015
0.11007
0.10646
0.09563
0.08838
0.08661
0.08844
0.08894
0.08147
0.07227
0.06366
0.05741
0.06099
0.06936
0.09706
0.15673
0.22724
0.27190
0.26838
0.22638
0.17307
0.15244
0.13618
0.09911
0.06005
0.01892
-0.01561
-0.04157
-0.06115
-0.09029
-0.12480
-0.15022
-0.17463
-0.18639
-0.19308
-0.20932
-0.21768
-0.21877
-0.20894
-0.18716
-0.16593
-0.14694
-0.12770
-0.11031
-0.08947
-0.06286
-0.03207
0.01515
0.07470
0.13223
0.18023
0.21656
0.23533
0.24287
0.24798
0.26442
0.29371
0.32321
0.34913
0.36642
0.38849
0.40688
0.42811
0.45606
0.48486
0.51795
0.53940
0.55655
0.56518
0.56332
0.55835
0.55648
0.56121
0.56616
0.56348
0.54433
0.51588
0.48696
0.45808
0.42834
0.39186
0.35157
0.31492
0.28218
0.25550
0.23499
0.21890
0.20270
0.18026
0.14024
0.08707
0.03731
0.00979
-0.00493
-0.01784
-0.02264
-0.02732
-0.04190
-0.06921
-0.09630
-0.11330
-0.11988
-0.11823
-0.10637
-0.09361
-0.07355
-0.05052
-0.03382
-0.01306
0.01293
0.03915
0.06386
0.08967
0.11075
0.12663
0.13904
0.15491
0.16856
0.17755
0.18477
0.18293
0.17822
0.16663
0.14685
0.12393
0.09633
0.07337
0.05381
0.03796
0.02307
0.00585
-0.02232
-0.05426
-0.06484
-0.06071
-0.06240
-0.06912
-0.07070
-0.07582
-0.08154
-0.09983
-0.12875
-0.16393
-0.21002
-0.27252
-0.35120
-0.42542
-0.49086
-0.55283
-0.61121
-0.65399
-0.69127
-0.72166
-0.74783
-0.77151
-0.79118
-0.80733
-0.81331
-0.81289
-0.80665
-0.79957
-0.79387
-0.79307
-0.79494
-0.79607
-0.79240
-0.78616
-0.77661
-0.76398
-0.75095
-0.73775
-0.72633
-0.71168
-0.69413
-0.66712
-0.61883
-0.55799
-0.49839
-0.43693
-0.37665
-0.31799
-0.25555
-0.19034
-0.12025
-0.04027
0.04319
0.11816
0.18553
0.23736
0.27461
0.31049
0.34851
0.37793
0.38958
0.39583
0.40014
0.40402
0.40687
0.40161
0.39319
0.39087
0.38688
0.37846
0.36584
0.34780
0.33167
0.31765
0.31396
0.31125
0.30847
0.30704
0.30068
0.30080
0.30668
0.31202
0.30898
0.29605
0.27496
0.25660
0.24876
0.24091
0.22894
0.20723
0.18354
0.17012
0.15746
0.14270
0.12892
0.11308
0.09500
0.07829
0.06758
0.06497
0.05993
0.04805
0.02816
0.00087
-0.02867
-0.03537
0.01136
0.07550
0.12113
0.15155
0.17171
0.17866
0.17919
0.15228
0.08611
0.03247
0.01478
0.00182
-0.03194
-0.06784
-0.10343
-0.13875
-0.16774
-0.18401
-0.20431
-0.23308
-0.25243
-0.26997
-0.27951
-0.28678
-0.29634
-0.31053
-0.31697
-0.31221
-0.30472
-0.29217
-0.27261
-0.24178
-0.20288
-0.16910
-0.14352
-0.11820
-0.08757
-0.04207
0.00990
0.06189
0.11321
0.15544
0.19738
0.24231
0.28159
0.32040
0.35152
0.37313
0.38908
0.40181
0.41787
0.43860
0.45740
0.47627
0.48999
0.49638
0.50400
0.50514
0.50213
0.49311
0.47976
0.46556
0.44958
0.43110
0.41472
0.40064
0.38944
0.37038
0.34091
0.30701
0.26979
0.23617
0.21285
0.20769
0.21097
0.21475
0.20328
0.18591
0.18003
0.18266
0.18694
0.18881
0.18190
0.16691
0.15450
0.14854
0.15244
0.15656
0.15488
0.15423
0.16307
0.15462
0.09435
0.02825
-0.00336
-0.06052
-0.14103
-0.19090
-0.22008
-0.23684
-0.20504
-0.13373
-0.10461
-0.09839
-0.06670
-0.02930
-0.00419
0.01832
0.05168
0.06934
0.08795
0.12011
0.13643
0.14926
0.16655
0.17987
0.19603
0.21855
0.22967
0.22615
0.22121
0.20840
0.18653
0.15146
0.11055
0.06164
0.00545
-0.03326
-0.02109
0.02211
0.00877
-0.01416
-0.01335
-0.02223
-0.03827
-0.06445
-0.07720
-0.08947
-0.11002
-0.11904
-0.13449
-0.17766
-0.23095
-0.27310
-0.29984
-0.34055
-0.38974
-0.43270
-0.47105
-0.50577
-0.54694
-0.59194
-0.63994
-0.67595
-0.71306
-0.73567
-0.74250
-0.75933
-0.77089
-0.77620
-0.77095
-0.76412
-0.76055
-0.75111
-0.73600
-0.71940
-0.70376
-0.67706
-0.64042
-0.60294
-0.56533
-0.52015
-0.47952
-0.44315
-0.39631
-0.33791
-0.26853
-0.19157
-0.11448
-0.04996
0.00495
0.05467
0.09650
0.13223
0.17402
0.21085
0.24673
0.27856
0.29846
0.30975
0.31114
0.31073
0.30334
0.29547
0.28497
0.27317
0.26469
0.26215
0.26265
0.25842
0.24467
0.23022
0.22152
0.21904
0.22102
0.22318
0.22301
0.21888
0.21681
0.21249
0.22011
0.22898
0.22501
0.22082
0.22240
0.22728
0.22861
0.22464
0.21657
0.21316
0.21870
0.22394
0.21996
0.21494
0.21013
0.20355
0.19823
0.19299
0.18029
0.16038
0.13416
0.09459
0.05128
0.04035
0.09963
0.16429
0.18855
0.21609
0.24029
0.26344
0.28199
0.25143
0.18524
0.14584
0.13467
0.11354
0.09128
0.08054
0.06207
0.03008
-0.00167
-0.03662
-0.08787
-0.13174
-0.15315
-0.16965
-0.18875
-0.21684
-0.24933
-0.27421
-0.28527
-0.29130
-0.29573
-0.29340
-0.27773
-0.25037
-0.21993
-0.18895
-0.15572
-0.11894
-0.08560
-0.05336
-0.02221
0.01292
0.04687
0.07690
0.10909
0.14427
0.17969
0.19674
0.21271
0.23428
0.24508
0.24896
0.25324
0.26609
0.28533
0.31780
0.34374
0.34969
0.34940
0.33885
0.32764
0.31880
0.30356
0.28558
0.26557
0.25233
0.24184
0.22554
0.21309
0.19404
0.17647
0.15538
0.12911
0.10658
0.08612
0.07400
0.06462
0.06236
0.06200
0.06317
0.06601
0.06551
0.03839
0.00941
0.00960
-0.00543
-0.02949
-0.04198
-0.04928
-0.05022
-0.06783
-0.08657
-0.09453
-0.12310
-0.16000
-0.18006
-0.14948
-0.09604
-0.07476
-0.06511
-0.04222
-0.02299
-0.00934
0.01743
0.04444
0.06140
0.08160
0.11169
0.12861
0.13635
0.14658
0.16182
0.17330
0.18594
0.20054
0.19776
0.19557
0.19644
0.18554
0.15831
0.12308
0.07218
0.03691
0.03674
0.03097
0.00737
-0.00534
-0.00571
-0.02518
-0.04543
-0.05739
-0.07411
-0.10591
-0.14292
-0.15421
-0.15758
-0.17426
-0.18451
-0.19596
-0.21760
-0.23618
-0.24680
-0.26626
-0.29852
-0.32350
-0.35354
-0.39879
-0.44854
-0.48027
-0.50598
-0.53840
-0.56834
-0.59579
-0.62345
-0.65874
-0.68632
-0.70035
-0.70250
-0.68600
-0.65244
-0.62874
-0.61863
-0.60394
-0.58607
-0.56734
-0.53619
-0.48618
-0.43972
-0.39209
-0.33922
-0.29331
-0.25164
-0.20481
-0.15634
-0.11282
-0.06625
-0.02185
0.01680
0.04656
0.06816
0.08884
0.10189
0.11056
0.11663
0.12164
0.13471
0.14761
0.15756
0.16272
0.16184
0.15725
0.15679
0.16206
0.16995
0.18163
0.19214
0.20055
0.20762
0.21401
0.21790
0.21662
0.20884
0.20541
0.20256
0.20774
0.21812
0.22108
0.22593
0.22548
0.21979
0.20796
0.19611
0.18656
0.17785
0.18007
0.18908
0.19893
0.20162
0.19943
0.20170
0.20412
0.21099
0.21924
0.22100
0.21857
0.21817
0.21670
0.20330
0.18593
0.16217
0.15030
0.18493
0.24205
0.27220
0.28003
0.31010
0.34282
0.35804
0.35739
0.31582
0.25624
0.22079
0.20432
0.17698
0.15728
0.15416
0.14890
0.13671
0.12121
0.09593
0.05752
0.02921
0.00526
-0.02011
-0.05481
-0.08934
-0.12367
-0.15944
-0.17447
-0.17754
-0.17830
-0.18085
-0.18204
-0.17485
-0.15367
-0.12237
-0.08298
-0.04853
-0.02151
0.00398
0.02752
0.05856
0.08336
0.09674
0.10661
0.12350
0.14906
0.17934
0.20767
0.22294
0.23339
0.24117
0.24390
0.24651
0.24979
0.25011
0.25113
0.24691
0.23600
0.22707
0.22049
0.21639
0.21120
0.20049
0.18489
0.17292
0.15760
0.14120
0.12910
0.12262
0.11627
0.10068
0.08520
0.07110
0.06276
0.05795
0.05060
0.03740
0.01840
-0.00178
-0.01584
-0.02703
-0.04245
-0.05635
-0.06488
-0.06199
-0.04948
-0.03425
-0.02287
-0.01716
-0.01230
-0.00380
0.01173
0.03164
0.05104
0.05608
0.03200
-0.00705
-0.03986
-0.07347
-0.12222
-0.16082
-0.18015
-0.18034
-0.14391
-0.10426
-0.08953
-0.08461
-0.08118
-0.08765
-0.09092
-0.08651
-0.08591
-0.08790
-0.08641
-0.07644
-0.06323
-0.04949
-0.03328
-0.01382
0.00194
0.01587
0.02559
0.02547
0.02641
0.02978
0.02575
0.01207
-0.01097
-0.04137
-0.07960
-0.10807
-0.10927
-0.10217
-0.10390
-0.12143
-0.13496
-0.14040
-0.15160
-0.15638
-0.15704
-0.16156
-0.16531
-0.16864
-0.18640
-0.20996
-0.22810
-0.24429
-0.26182
-0.28146
-0.29732
-0.31320
-0.32593
-0.33684
-0.35511
-0.39090
-0.43235
-0.47145
-0.50396
-0.52766
-0.55160
-0.57166
-0.59486
-0.61252
-0.62326
-0.62445
-0.61996
-0.61454
-0.60358
-0.59302
-0.57642
-0.55379
-0.52687
-0.50969
-0.49428
-0.46482
-0.42497
-0.38035
-0.33700
-0.29698
-0.25938
-0.21657
-0.17808
-0.14308
-0.11076
-0.07885
-0.03945
0.00215
0.03796
0.05991
0.08472
0.11726
0.14745
0.17006
0.18914
0.20627
0.21683
0.22588
0.23100
0.23305
0.24036
0.24983
0.25381
0.25147
0.24777
0.24778
0.24596
0.24641
0.24979
0.24612
0.23602
0.23012
0.22462
0.22075
0.22146
0.22212
0.21992
0.21455
0.21026
0.20857
0.21955
0.23137
0.23996
0.24025
0.23555
0.23503
0.23453
0.23319
0.23309
0.24153
0.25288
0.26183
0.26321
0.25682
0.24389
0.22534
0.21065
0.22108
0.25132
0.28632
0.31858
0.35085
0.38555
0.40658
0.40109
0.37041
0.32868
0.29577
0.28011
0.26551
0.25016
0.23529
0.22542
0.21918
0.20780
0.18500
0.15713
0.12526
0.09209
0.06325
0.02943
-0.00030
-0.02207
-0.03851
-0.05540
-0.06615
-0.07224
-0.07632
-0.07502
-0.06365
-0.03885
-0.01666
0.00053
0.02158
0.05295
0.08937
0.12790
0.16449
0.19204
0.21916
0.24250
0.25970
0.27430
0.28274
0.29273
0.30045
0.30645
0.31127
0.31583
0.32397
0.33422
0.34025
0.34096
0.34375
0.34078
0.33587
0.32875
0.31636
0.29582
0.27571
0.26341
0.25596
0.24659
0.23357
0.21915
0.20182
0.18648
0.16965
0.15512
0.13574
0.11634
0.10305
0.09404
0.08737
0.08102
0.07546
0.06950
0.06684
0.06428
0.06480
0.06667
0.06993
0.07509
0.08013
0.08803
0.09364
0.09375
0.09309
0.09234
0.09137
0.08578
0.07946
0.06903
0.05688
0.05187
0.05645
0.07220
0.08235
0.08862
0.09150
0.09095
0.09469
0.09855
0.09908
0.09864
0.09915
0.10499
0.11180
0.12002
0.13383
0.13756
0.13672
0.13124
0.11942
0.10851
0.09349
0.07662
0.05611
0.03229
0.00671
-0.02296
-0.05369
-0.08200
-0.11241
-0.14536
-0.16589
-0.17315
-0.17354
-0.17773
-0.18696
-0.19168
-0.19569
-0.19759
-0.20235
-0.20978
-0.21764
-0.21849
-0.21393
-0.21242
-0.21886
-0.23561
-0.25665
-0.28084
-0.29978
-0.31789
-0.33325
-0.35337
-0.38075
-0.41381
-0.45277
-0.48414
-0.51351
-0.54534
-0.57354
-0.59990
-0.62688
-0.64854
-0.66438
-0.66491
-0.65607
-0.64107
-0.62804
-0.61976
-0.61136
-0.60092
-0.58471
-0.56760
-0.54016
-0.51460
-0.48779
-0.46673
-0.44773
-0.42011
-0.38891
-0.35317
-0.32012
-0.28298
-0.25008
-0.22141
-0.20192
-0.18989
-0.18002
-0.16868
-0.15200
-0.13774
-0.11974
-0.10759
-0.10192
-0.09345
-0.08329
-0.07447
-0.06692
-0.06004
-0.05320
-0.04443
-0.03961
-0.04103
-0.04549
-0.04516
-0.04592
-0.04797
-0.04725
-0.04912
-0.05627
-0.07344
-0.08971
-0.10321
-0.11082
-0.11079
-0.10945
-0.10470
-0.10023
-0.09514
-0.08928
-0.08559
-0.08447
-0.08282
-0.07057
-0.04744
-0.02396
-0.00585
0.00866
0.02012
0.02156
0.01774
0.01325
0.02455
0.05477
0.08989
0.12106
0.13823
0.15192
0.16137
0.16920
0.16991
0.16180
0.15296
0.13822
0.12311
0.11182
0.10634
0.10164
0.09735
0.09336
0.08692
0.07624
0.06158
0.04796
0.03962
0.03031
0.00862
-0.01407
-0.02836
-0.03646
-0.04536
-0.05690
-0.06895
-0.08092
-0.09227
-0.09843
-0.09561
-0.08472
-0.06445
-0.04693
-0.02836
-0.01108
0.00291
0.02230
0.04374
0.06516
0.08193
0.09471
0.10009
0.10023
0.10273
0.11213
0.12501
0.13924
0.15774
0.17634
0.18837
0.19597
0.19938
0.19957
0.20749
0.22076
0.23439
0.24533
0.25408
0.25979
0.25911
0.25547
0.24909
0.24098
0.23869
0.23573
0.23458
0.23790
0.23617
0.23496
0.22729
0.21305
0.19516
0.17983
0.17272
0.16289
0.15450
0.14579
0.13180
0.12396
0.12656
0.13262
0.13164
0.12960
0.12917
0.12351
0.12254
0.13059
0.14935
0.16450
0.17325
0.17839
0.17388
0.16376
0.14914
0.13487
0.11974
0.11016
0.10339
0.09655
0.09181
0.09205
0.09811
0.10343
0.11044
0.11647
0.11863
0.11764
0.11832
0.11476
0.10334
0.09711
0.09885
0.10266
0.10766
0.11335
0.11782
0.11978
0.11740
0.12088
0.13529
0.14700
0.14810
0.13914
0.12857
0.11583
0.09600
0.06850
0.03761
0.01241
-0.00092
-0.00144
-0.00156
-0.00521
-0.01201
-0.02247
-0.03460
-0.04526
-0.06287
-0.07972
-0.09094
-0.10196
-0.11129
-0.12749
-0.14540
-0.16793
-0.18516
-0.19599
-0.20423
-0.21268
-0.22618
-0.23635
-0.25119
-0.27318
-0.30199
-0.33156
-0.35713
-0.37947
-0.39578
-0.40539
-0.41109
-0.41760
-0.42215
-0.42226
-0.42101
-0.41971
-0.41903
-0.41604
-0.40748
-0.39106
-0.37118
-0.35383
-0.33998
-0.33057
-0.31987
-0.30301
-0.28429
-0.26710
-0.24641
-0.22246
-0.19595
-0.16933
-0.14068
-0.10797
-0.07459
-0.04051
-0.00825
0.01988
0.04557
0.06490
0.07560
0.08474
0.08583
0.08543
0.08835
0.09390
0.10560
0.11599
0.12487
0.12257
0.11202
0.10339
0.09422
0.08434
0.07230
0.06390
0.05436
0.04468
0.03880
0.02865
0.01987
0.00933
-0.00003
-0.00777
-0.01558
-0.02215
-0.02682
-0.02387
-0.02274
-0.02011
-0.01747
-0.01166
-0.00663
-0.00239
0.01168
0.02442
0.02911
0.02686
0.02469
0.02362
0.03552
0.04999
0.05611
0.05708
0.05275
0.04876
0.04196
0.04548
0.06264
0.08838
0.11509
0.13422
0.14073
0.13676
0.12222
0.09611
0.07349
0.05914
0.05788
0.06112
0.06440
0.06917
0.07077
0.07482
0.07748
0.07401
0.06564
0.05483
0.03854
0.02630
0.01764
0.00739
-0.00590
-0.02648
-0.04495
-0.05705
-0.05766
-0.05652
-0.05404
-0.04517
-0.03418
-0.02227
-0.01272
-0.00745
-0.00098
0.00870
0.01701
0.02497
0.03386
0.04629
0.06003
0.07176
0.08102
0.09249
0.10512
0.11869
0.13389
0.14716
0.16044
0.17469
0.18116
0.18544
0.18372
0.18016
0.18474
0.18641
0.19002
0.19275
0.19217
0.18551
0.17240
0.15891
0.14784
0.13755
0.13092
0.12659
0.12576
0.12645
0.12709
0.12939
0.13227
0.13277
0.13256
0.13672
0.13434
0.13407
0.13139
0.13193
0.13776
0.14718
0.15741
0.16254
0.17294
0.18319
0.18777
0.18996
0.19085
0.18513
0.18538
0.18834
0.19352
0.20025
0.20447
0.20480
0.20156
0.19361
0.18005
0.17357
0.17044
0.17651
0.18309
0.18438
0.18202
0.17125
0.16077
0.14959
0.13600
0.12717
0.12746
0.13061
0.13816
0.14707
0.15372
0.15163
0.14370
0.14222
0.13743
0.13686
0.13415
0.12560
0.12001
0.11280
0.10184
0.08541
0.06752
0.05092
0.03662
0.02200
0.01409
0.00884
-0.00116
-0.01974
-0.04483
-0.06530
-0.08130
-0.09508
-0.10959
-0.12620
-0.14077
-0.15309
-0.16887
-0.19499
-0.22715
-0.25314
-0.27557
-0.29616
-0.31955
-0.34210
-0.35865
-0.36864
-0.36852
-0.36136
-0.34423
-0.32803
-0.31961
-0.31815
-0.31986
-0.31805
-0.31534
-0.31519
-0.32297
-0.32760
-0.32489
-0.31632
-0.30043
-0.28272
-0.26692
-0.25781
-0.24964
-0.24309
-0.23779
-0.23348
-0.22611
-0.20940
-0.19367
-0.17215
-0.14623
-0.12403
-0.09629
-0.06282
-0.02504
0.00464
0.02039
0.03255
0.04442
0.05889
0.07236
0.08475
0.10044
0.11903
0.13443
0.14345
0.14758
0.15213
0.15239
0.14970
0.15210
0.14937
0.14262
0.13389
0.12639
0.11955
0.10870
0.08701
0.06233
0.04198
0.01988
0.00684
-0.00323
-0.01825
-0.03722
-0.05021
-0.05919
-0.06298
-0.05914
-0.05241
-0.03784
-0.02877
-0.02702
-0.02044
-0.00843
0.00017
0.00969
0.01375
0.01264
0.00930
0.00464
-0.00023
-0.01281
-0.01983
-0.02058
-0.00998
0.00510
0.01563
0.02376
0.03347
0.04394
0.04446
0.04022
0.02682
0.00843
-0.00235
-0.00112
0.00610
0.01172
0.01676
0.02217
0.02686
0.02581
0.01992
0.01205
0.00562
-0.00058
-0.01222
-0.02773
-0.04204
-0.05556
-0.06970
-0.07925
-0.08912
-0.09999
-0.10759
-0.11196
-0.11313
-0.11764
-0.12243
-0.12375
-0.12463
-0.13121
-0.13409
-0.13109
-0.12882
-0.12193
-0.11106
-0.09855
-0.08956
-0.08500
-0.07863
-0.07283
-0.06868
-0.05748
-0.04061
-0.01814
0.00273
0.02404
0.04188
0.05429
0.06262
0.05790
0.04841
0.04051
0.03992
0.03732
0.03119
0.02556
0.02387
0.02600
0.03266
0.04235
0.05076
0.06109
0.06429
0.06220
0.06478
0.07627
0.09249
0.10787
0.12021
0.12522
0.12395
0.12207
0.12395
0.12768
0.12393
0.12240
0.12485
0.12727
0.12752
0.12086
0.11316
0.10015
0.08479
0.07554
0.07621
0.08848
0.11189
0.13314
0.14031
0.14017
0.13576
0.12709
0.12100
0.12114
0.12540
0.12843
0.13012
0.13120
0.13513
0.14407
0.15363
0.16845
0.18693
0.19837
0.20473
0.20417
0.19519
0.18830
0.18547
0.18289
0.17533
0.16897
0.16471
0.15454
0.13659
0.11094
0.08004
0.05115
0.02253
-0.00682
-0.03524
-0.05698
-0.07054
-0.08423
-0.09580
-0.11194
-0.13385
-0.16458
-0.19399
-0.21855
-0.23909
-0.25220
-0.25906
-0.25618
-0.24989
-0.24313
-0.24313
-0.24238
-0.24380
-0.24407
-0.23590
-0.22569
-0.21614
-0.21344
-0.21573
-0.22391
-0.23300
-0.24301
-0.25212
-0.25848
-0.26357
-0.25955
-0.25137
-0.24807
-0.25572
-0.26770
-0.27580
-0.27733
-0.26875
-0.25864
-0.24432
-0.22429
-0.21019
-0.20341
-0.20511
-0.20948
-0.21197
-0.21274
-0.20327
-0.18808
-0.16498
-0.13843
-0.12127
-0.11124
-0.10482
-0.09751
-0.09199
-0.08279
-0.06638
-0.04918
-0.03290
-0.01900
-0.01113
-0.00701
-0.00366
-0.00179
-0.00247
0.00219
0.01121
0.01765
0.02433
0.02625
0.03130
0.03763
0.04413
0.04841
0.04508
0.04938
0.05983
0.06693
0.07304
0.07667
0.07708
0.07422
0.07005
0.06639
0.05893
0.05440
0.04886
0.04059
0.03132
0.02206
0.01425
0.00801
0.00451
0.00623
0.01138
0.01446
0.01427
0.01075
0.01203
0.01988
0.03105
0.03711
0.04626
0.06119
0.08124
0.10235
0.12082
0.13893
0.15287
0.16486
0.16653
0.15648
0.13986
0.12938
0.12972
0.13916
0.15643
0.17673
0.19248
0.19945
0.19689
0.18342
0.16486
0.13791
0.11066
0.09273
0.08183
0.07413
0.06122
0.04864
0.03864
0.03262
0.02878
0.01980
0.00649
-0.00798
-0.01747
-0.01758
-0.00958
0.00350
0.01892
0.02281
0.02754
0.03635
0.04281
0.04622
0.03891
0.02711
0.02053
0.02668
0.03193
0.03856
0.04763
0.06063
0.07845
0.09671
0.11172
0.11162
0.10523
0.09552
0.08751
0.08005
0.07529
0.07468
0.07505
0.08571
0.10148
0.11355
0.12098
0.12724
0.13177
0.14216
0.15259
0.16151
0.17087
0.17724
0.18559
0.18993
0.19186
0.19079
0.18919
0.18756
0.18966
0.19322
0.18919
0.17923
0.17115
0.16989
0.17497
0.18310
0.19254
0.20339
0.20716
0.20625
0.19922
0.18523
0.16963
0.15805
0.15079
0.14672
0.14241
0.13628
0.12983
0.11993
0.10958
0.10163
0.09750
0.09509
0.09747
0.09881
0.09387
0.08820
0.07854
0.06671
0.05732
0.05457
0.06247
0.06873
0.07334
0.07744
0.08023
0.08157
0.08020
0.08241
0.08749
0.09630
0.09991
0.09627
0.08131
0.05958
0.03913
0.02026
0.01217
0.00754
0.00228
-0.00049
-0.00868
-0.02858
-0.05372
-0.07776
-0.09596
-0.11063
-0.12566
-0.14003
-0.15807
-0.17137
-0.17767
-0.18446
-0.19445
-0.20410
-0.20947
-0.21217
-0.21214
-0.21477
-0.22055
-0.23246
-0.24371
-0.25683
-0.27765
-0.29549
-0.31145
-0.32368
-0.33205
-0.33928
-0.34584
-0.35142
-0.35864
-0.36130
-0.35620
-0.34876
-0.33208
-0.31183
-0.29965
-0.29218
-0.28126
-0.26281
-0.24202
-0.22435
-0.20580
-0.18431
-0.15804
-0.12779
-0.09853
-0.07233
-0.05134
-0.02834
-0.00833
0.00674
0.02050
0.02974
0.03769
0.04550
0.05355
0.05271
0.05090
0.05195
0.05758
0.06825
0.07685
0.08256
0.08036
0.07613
0.07379
0.07934
0.08670
0.09625
0.11022
0.12161
0.13016
0.13359
0.13333
0.12536
0.11483
0.10920
0.10725
0.10907
0.10746
0.10424
0.10109
0.09699
0.09461
0.09032
0.08889
0.08370
0.07642
0.07205
0.06723
0.06728
0.06418
0.06025
0.05871
0.05427
0.05061
0.05073
0.05931
0.07263
0.08621
0.10049
0.11507
0.12791
0.13936
0.15143
0.16714
0.17779
0.17530
0.16902
0.15767
0.14947
0.15083
0.16151
0.17856
0.19571
0.20972
0.22296
0.22662
0.21588
0.20112
0.17874
0.15953
0.14276
0.12717
0.11386
0.09907
0.08649
0.07422
0.06631
0.05721
0.04971
0.05313
0.05919
0.06186
0.06351
0.06796
0.07062
0.07353
0.07211
0.06400
0.05525
0.04382
0.03247
0.02085
0.00999
-0.00099
-0.00776
-0.01217
-0.01515
-0.01881
-0.02808
-0.04445
-0.06218
-0.07679
-0.08769
-0.09486
-0.09975
-0.10341
-0.10714
-0.10509
-0.10221
-0.09484
-0.08528
-0.07588
-0.06501
-0.05391
-0.04204
-0.02577
-0.01441
-0.00097
0.01811
0.03131
0.04574
0.05331
0.05653
0.05883
0.06011
0.06247
0.06308
0.05684
0.04909
0.04462
0.04435
0.04647
0.05090
0.05378
0.05751
0.06209
0.06561
0.07053
0.06747
0.05882
0.04269
0.02471
0.00573
-0.01267
-0.02886
-0.03909
-0.04557
-0.05307
-0.06027
-0.07029
-0.08173
-0.08998
-0.09279
-0.09376
-0.09806
-0.11185
-0.12510
-0.14018
-0.15879
-0.17588
-0.18542
-0.18837
-0.18665
-0.17836
-0.17250
-0.17019
-0.16982
-0.16631
-0.16148
-0.15765
-0.15474
-0.15445
-0.15629
-0.16006
-0.16416
-0.17331
-0.18333
-0.19063
-0.20035
-0.21423
-0.22596
-0.23279
-0.24519
-0.25577
-0.26085
-0.26832
-0.28249
-0.29755
-0.31045
-0.32517
-0.33635
-0.34462
-0.35536
-0.36297
-0.36381
-0.36417
-0.36094
-0.35641
-0.34893
-0.34461
-0.34452
-0.34850
-0.35983
-0.36948
-0.37480
-0.37450
-0.37994
-0.38672
-0.39360
-0.40062
-0.40429
-0.41033
-0.41780
-0.42248
-0.42166
-0.41709
-0.40470
-0.38797
-0.36892
-0.35194
-0.33652
-0.31946
-0.30002
-0.27755
-0.25395
-0.23015
-0.20975
-0.18872
-0.16562
-0.14613
-0.13050
-0.11463
-0.09936
-0.08226
-0.06670
-0.05597
-0.04744
-0.04053
-0.03475
-0.02679
-0.01783
-0.00748
0.00389
0.01825
0.03562
0.04763
0.05779
0.06694
0.07425
0.08268
0.09649
0.11332
0.12402
0.12637
0.13104
0.13491
0.13678
0.14003
0.14351
0.14266
0.13951
0.13774
0.13311
0.13312
0.13342
0.13749
0.13842
0.13496
0.13241
0.13179
0.13532
0.13776
0.14268
0.14581
0.14653
0.14460
0.14045
0.13722
0.14007
0.15111
0.16280
0.17643
0.18861
0.19759
0.20645
0.21123
0.21739
0.22682
0.24114
0.25523
0.26412
0.26867
0.27068
0.27708
0.29153
0.30782
0.32130
0.33789
0.35040
0.35600
0.35999
0.36663
0.37506
0.38533
0.39777
0.40939
0.41441
0.41065
0.39757
0.37444
0.35373
0.33871
0.32802
0.31656
0.30397
0.29463
0.28523
0.27802
0.27698
0.27836
0.27720
0.27502
0.26595
0.25035
0.23728
0.22886
0.22408
0.22107
0.21983
0.21684
0.21238
0.20837
0.20562
0.20337
0.19821
0.19669
0.19708
0.20146
0.20941
0.21004
0.20874
0.20805
0.21129
0.21429
0.21772
0.22435
0.22690
0.23517
0.24994
0.26246
0.27308
0.28591
0.29890
0.30623
0.30769
0.30585
0.30419
0.30617
0.31056
0.31822
0.31965
0.31845
0.31940
0.31314
0.30515
0.29412
0.28559
0.27929
0.27361
0.27133
0.26874
0.26744
0.26607
0.25946
0.25199
0.24553
0.23879
0.23076
0.21763
0.20320
0.18879
0.17606
0.16140
0.14606
0.13293
0.12096
0.10969
0.09962
0.08383
0.07186
0.06167
0.04941
0.04572
0.03577
0.02596
0.01722
0.00857
0.00086
-0.00460
-0.01093
-0.01768
-0.01699
-0.01330
-0.00783
-0.00426
-0.00170
-0.00987
-0.02203
-0.03664
-0.05507
-0.07325
-0.09106
-0.10627
-0.12149
-0.13487
-0.15066
-0.16633
-0.18477
-0.20310
-0.21894
-0.23614
-0.25075
-0.26395
-0.28060
-0.29878
-0.32105
-0.34557
-0.36859
-0.39061
-0.40705
-0.42015
-0.42548
-0.42622
-0.43157
-0.44638
-0.46377
-0.48385
-0.50197
-0.51361
-0.52534
-0.52889
-0.52974
-0.52660
-0.52272
-0.52560
-0.52965
-0.53294
-0.53793
-0.54268
-0.54108
-0.53866
-0.53601
-0.52622
-0.51560
-0.50355
-0.48559
-0.46547
-0.44346
-0.42404
-0.40722
-0.39335
-0.38192
-0.37073
-0.35219
-0.32740
-0.30312
-0.27546
-0.24999
-0.23137
-0.21677
-0.20441
-0.19644
-0.19122
-0.18954
-0.18798
-0.18613
-0.18360
-0.17594
-0.16784
-0.16057
-0.15816
-0.15784
-0.15660
-0.15308
-0.14354
-0.13363
-0.12809
-0.12760
-0.12884
-0.12991
-0.13355
-0.13957
-0.14387
-0.14132
-0.13081
-0.12124
-0.12020
-0.12395
-0.13007
-0.13758
-0.14168
-0.14079
-0.14238
-0.14575
-0.14713
-0.15435
-0.16447
-0.17428
-0.17923
-0.17624
-0.17182
-0.17060
-0.17101
-0.16954
-0.16525
-0.15539
-0.14319
-0.12882
-0.11325
-0.10239
-0.09279
-0.07938
-0.06549
-0.04515
-0.02094
-0.00301
0.01226
0.02880
0.04533
0.05691
0.06618
0.07697
0.08730
0.09465
0.10466
0.11412
0.11970
0.12946
0.13923
0.14532
0.14706
0.14555
0.14437
0.14141
0.14004
0.13904
0.13555
0.13487
0.14002
0.14902
0.15809
0.16661
0.17196
0.17634
0.18282
0.19238
0.20048
0.20675
0.21243
0.21096
0.20766
0.20280
0.19342
0.18470
0.17718
0.17192
0.16713
0.15715
0.14454
0.12964
0.11377
0.10711
0.10506
0.10497
0.11103
0.11596
0.11780
0.11778
0.12340
0.13377
0.14737
0.16562
0.18699
0.21114
0.23331
0.25502
0.26924
0.28062
0.29534
0.31245
0.32461
0.33539
0.34833
0.35604
0.36077
0.36699
0.37687
0.38223
0.39109
0.40007
0.40932
0.41901
0.42179
0.41938
0.41682
0.41673
0.42019
0.42597
0.43019
0.43606
0.43697
0.43053
0.41630
0.39858
0.37483
0.35346
0.33399
0.31428
0.29586
0.27895
0.26274
0.24771
0.23977
0.23107
0.22158
0.20450
0.18689
0.17087
0.16265
0.16075
0.16261
0.16441
0.16703
0.17156
0.17362
0.17922
0.17875
0.17519
0.16827
0.16371
0.15680
0.14498
0.13321
0.12594
0.11970
0.11356
0.10538
0.08922
0.07138
0.05019
0.03282
0.01688
0.00148
-0.01099
-0.01618
-0.01955
-0.03054
-0.04479
-0.05899
-0.07264
-0.08413
-0.08994
-0.09293
-0.10154
-0.11162
-0.11878
-0.12822
-0.13752
-0.14867
-0.16243
-0.17997
-0.19621
-0.20797
-0.21917
-0.23149
-0.24502
-0.25702
-0.26940
-0.28076
-0.28899
-0.29577
-0.30358
-0.30707
-0.30784
-0.30749
-0.30288
-0.29689
-0.28719
-0.27442
-0.26158
-0.24741
-0.22931
-0.21538
-0.20125
-0.18457
-0.17072
-0.15539
-0.13893
-0.11831
-0.10198
-0.08653
-0.06860
-0.05841
-0.05131
-0.04183
-0.03333
-0.02892
-0.02605
-0.02340
-0.01966
-0.01584
-0.01527
-0.01310
-0.00833
-0.00504
-0.00299
-0.00472
-0.00665
-0.00472
-0.00170
-0.00177
-0.00126
-0.00158
-0.00452
-0.01100
-0.02340
-0.03455
-0.04305
-0.04863
-0.05481
-0.06130
-0.06673
-0.07355
-0.08284
-0.09083
-0.09607
-0.10149
-0.10937
-0.12269
-0.14052
-0.15736
-0.17566
-0.19630
-0.21114
-0.22453
-0.22926
-0.22787
-0.22437
-0.21506
-0.20687
-0.19864
-0.18945
-0.17550
-0.15739
-0.13990
-0.12453
-0.10880
-0.09559
-0.08349
-0.07006
-0.06214
-0.05754
-0.05494
-0.05268
-0.05175
-0.04921
-0.04367
-0.04112
-0.03548
-0.02990
-0.02130
-0.01351
-0.00954
-0.00540
-0.00343
0.00057
0.00207
0.00432
0.00197
-0.00004
0.00057
-0.00101
-0.00190
-0.00315
-0.00098
0.00287
0.01168
0.02258
0.02817
0.02928
0.02711
0.01947
0.01142
0.00560
-0.00109
-0.00422
-0.00392
-0.00464
-0.00624
-0.01181
-0.02185
-0.03473
-0.04705
-0.05728
-0.06353
-0.06764
-0.07175
-0.07878
-0.08684
-0.08947
-0.08929
-0.08139
-0.07621
-0.07130
-0.06689
-0.06182
-0.04578
-0.02618
-0.00172
0.02265
0.04403
0.06186
0.07451
0.07944
0.07831
0.07910
0.08360
0.09252
0.10435
0.12076
0.14068
0.15431
0.16480
0.17120
0.17213
0.17513
0.17534
0.16999
0.16343
0.15838
0.15532
0.15015
0.14694
0.14940
0.15455
0.15731
0.14916
0.13832
0.12471
0.11115
0.09973
0.08674
0.07444
0.05866
0.04566
0.03618
0.02562
0.01393
0.00599
0.00002
-0.00122
0.00232
0.00201
-0.00467
-0.01635
-0.02568
-0.03337
-0.03337
-0.03135
-0.03623
-0.03845
-0.03529
-0.02916
-0.02762
-0.03155
-0.03531
-0.03951
-0.04379
-0.04776
-0.05384
-0.06240
-0.06870
-0.07080
-0.07299
-0.07621
-0.07854
-0.07950
-0.08129
-0.08446
-0.08989
-0.09854
-0.11130
-0.12359
-0.13236
-0.14185
-0.14908
-0.15780
-0.16592
-0.17334
-0.18512
-0.19628
-0.20914
-0.22217
-0.23343
-0.24377
-0.24982
-0.25357
-0.25776
-0.26260
-0.26776
-0.26932
-0.26844
-0.26563
-0.26693
-0.27231
-0.27546
-0.27251
-0.26442
-0.26076
-0.24980
-0.23753
-0.22764
-0.21634
-0.20931
-0.20267
-0.19403
-0.18290
-0.17219
-0.16062
-0.14598
-0.12589
-0.10659
-0.08484
-0.06363
-0.04561
-0.03034
-0.01575
-0.00217
0.00704
0.01883
0.03188
0.04796
0.06672
0.08588
0.09878
0.11121
0.12071
0.12661
0.13167
0.13313
0.13609
0.14118
0.14671
0.14904
0.15162
0.15068
0.15040
0.15041
0.14771
0.14748
0.14600
0.14545
0.14329
0.13646
0.12890
0.11696
0.10557
0.09716
0.08723
0.08107
0.07998
0.07830
0.07705
0.07364
0.06871
0.06406
0.05895
0.05946
0.05941
0.05679
0.05171
0.04191
0.03199
0.02814
0.02677
0.02782
0.02960
0.02767
0.02598
0.02460
0.02438
0.02312
0.02332
0.02865
0.03305
0.03305
0.03207
0.02963
0.02986
0.03409
0.04256
0.05334
0.06231
0.06835
0.07613
0.08817
0.09778
0.10819
0.11928
0.12706
0.13347
0.13900
0.14680
0.15380
0.15727
0.16349
0.16932
0.17686
0.18480
0.19025
0.18988
0.18514
0.17998
0.17430
0.17007
0.16302
0.15229
0.14304
0.13549
0.12662
0.12091
0.11404
0.10993
0.10564
0.09922
0.08744
0.07146
0.06133
0.05280
0.04491
0.03817
0.03416
0.02326
0.01078
0.00285
-0.00528
-0.01683
-0.02490
-0.02909
-0.03258
-0.02732
-0.02369
-0.02400
-0.02875
-0.03085
-0.02580
-0.02168
-0.01590
-0.01041
-0.00316
0.00154
0.00384
0.01202
0.01806
0.02328
0.03207
0.04081
0.04941
0.05594
0.06028
0.05924
0.05594
0.05668
0.05793
0.05972
0.06548
0.06981
0.07312
0.07293
0.06450
0.05752
0.04988
0.04578
0.04625
0.04761
0.04465
0.03520
0.02190
0.00562
-0.00543
-0.01554
-0.02258
-0.03376
-0.05030
-0.06767
-0.08494
-0.09804
-0.10532
-0.10700
-0.10799
-0.10944
-0.11747
-0.12567
-0.13231
-0.13610
-0.13604
-0.13322
-0.12589
-0.12009
-0.11826
-0.12067
-0.12644
-0.13368
-0.13694
-0.13828
-0.13973
-0.14084
-0.14424
-0.14763
-0.14861
-0.15351
-0.16113
-0.16689
-0.17193
-0.17426
-0.17529
-0.17983
-0.18470
-0.18461
-0.18392
-0.17918
-0.17761
-0.17861
-0.17964
-0.18576
-0.18861
-0.18954
-0.19184
-0.19361
-0.19255
-0.19546
-0.20276
-0.21352
-0.22149
-0.22526
-0.22924
-0.22828
-0.22562
-0.22295
-0.21947
-0.21580
-0.21307
-0.20996
-0.20541
-0.19973
-0.19390
-0.18167
-0.16403
-0.14649
-0.13110
-0.11728
-0.10272
-0.09131
-0.07883
-0.06446
-0.05078
-0.03894
-0.02492
-0.00866
0.00783
0.02792
0.04750
0.06549
0.08187
0.09822
0.11084
0.11855
0.12983
0.14160
0.15418
0.16919
0.18484
0.19706
0.20204
0.20588
0.20984
0.21160
0.21170
0.21576
0.22011
0.22241
0.22767
0.22899
0.22767
0.22460
0.22100
0.22028
0.22106
0.22326
0.22424
0.22108
0.21447
0.20933
0.20385
0.20162
0.19935
0.19988
0.20082
0.19800
0.20033
0.20049
0.20178
0.20456
0.20653
0.20586
0.20414
0.20143
0.19811
0.19448
0.18840
0.18662
0.18866
0.19048
0.19007
0.19159
0.19028
0.18753
0.18339
0.17812
0.17495
0.17404
0.17434
0.17675
0.18234
0.18203
0.18472
0.18724
0.18831
0.19239
0.19736
0.20482
0.21091
0.21852
0.22953
0.24183
0.25295
0.26567
0.27356
0.27460
0.27368
0.27460
0.27927
0.28533
0.29484
0.30356
0.30927
0.31204
0.31215
0.30814
0.30056
0.28762
0.27363
0.25906
0.24326
0.23417
0.22364
0.21165
0.20109
0.18992
0.17640
0.16397
0.15427
0.14362
0.13628
0.13087
0.12464
0.11878
0.11310
0.10769
0.10060
0.09154
0.08425
0.07792
0.06770
0.05491
0.04523
0.03575
0.02976
0.02585
0.02131
0.01766
0.01165
0.00688
0.00100
-0.00464
-0.00367
0.00211
0.00860
0.01366
0.01694
0.02175
0.02673
0.03174
0.03603
0.03964
0.04193
0.04206
0.04062
0.03437
0.02764
0.02333
0.02277
0.02377
0.02482
0.02598
0.02846
0.02592
0.01853
0.00989
-0.00135
-0.01014
-0.01973
-0.03157
-0.04501
-0.06195
-0.08393
-0.10778
-0.13302
-0.15832
-0.18090
-0.20191
-0.22216
-0.24097
-0.25870
-0.27453
-0.28570
-0.28876
-0.28815
-0.28977
-0.29011
-0.29118
-0.29080
-0.28946
-0.29108
-0.29390
-0.29357
-0.29364
-0.29294
-0.29354
-0.29888
-0.30264
-0.30389
-0.30445
-0.30562
-0.30510
-0.30492
-0.30379
-0.30581
-0.30920
-0.31458
-0.31957
-0.31960
-0.32035
-0.31974
-0.31715
-0.31780
-0.31855
-0.31697
-0.31805
-0.31947
-0.32439
-0.32821
-0.33465
-0.34109
-0.34403
-0.34432
-0.34448
-0.34808
-0.34991
-0.35601
-0.36401
-0.37249
-0.37657
-0.37777
-0.37484
-0.36799
-0.35980
-0.35118
-0.34547
-0.33787
-0.33252
-0.32906
-0.32345
-0.31485
-0.30284
-0.28880
-0.27446
-0.25962
-0.24536
-0.23015
-0.21488
-0.19985
-0.18322
-0.16992
-0.15947
-0.14736
-0.13572
-0.12231
-0.10710
-0.09264
-0.07803
-0.06469
-0.05140
-0.03794
-0.02515
-0.01446
-0.00415
0.00853
0.02222
0.03548
0.04776
0.05943
0.07095
0.07815
0.08301
0.08307
0.08344
0.08744
0.09026
0.09923
0.10548
0.10938
0.11213
0.11043
0.10805
0.10492
0.10536
0.10655
0.10416
0.09990
0.09320
0.08695
0.08267
0.07713
0.07528
0.07359
0.07280
0.07549
0.07728
0.08030
0.08271
0.08465
0.08693
0.08933
0.09282
0.09939
0.10552
0.10853
0.10930
0.10857
0.11278
0.11733
0.12073
0.12067
0.11510
0.11034
0.10614
0.10913
0.11949
0.13135
0.14106
0.14511
0.14515
0.14582
0.14955
0.15487
0.16466
0.17563
0.18244
0.18933
0.19925
0.21017
0.21929
0.22980
0.24082
0.24676
0.25242
0.26065
0.26962
0.28137
0.29343
0.30250
0.30689
0.30634
0.30497
0.30094
0.29589
0.29260
0.28964
0.28644
0.28361
0.27925
0.27163
0.26244
0.25141
0.23915
0.22700
0.21923
0.21448
0.21109
0.20621
0.20074
0.19242
0.18135
0.17226
0.15947
0.14451
0.13063
0.11532
0.09750
0.08134
0.06394
0.04777
0.03085
0.01690
0.00756
-0.00066
-0.00737
-0.01448
-0.01502
-0.01945
-0.02575
-0.02463
-0.01927
-0.01429
-0.00797
-0.00125
0.00455
0.00950
0.01311
0.01918
0.02739
0.03741
0.04422
0.04959
0.05432
0.05648
0.05516
0.05507
0.05585
0.05575
0.05515
0.05444
0.05393
0.04772
0.03684
0.02553
0.01404
0.00614
0.00320
-0.00075
-0.00377
-0.01118
-0.02297
-0.03445
-0.04621
-0.05941
-0.07178
-0.08163
-0.09320
-0.10681
-0.12262
-0.14026
-0.15460
-0.16229
-0.16626
-0.16834
-0.17205
-0.17714
-0.18492
-0.19273
-0.19919
-0.20113
-0.19931
-0.19879
-0.19749
-0.19676
-0.19552
-0.19548
-0.19528
-0.19374
-0.18971
-0.18503
-0.17936
-0.17354
-0.17103
-0.17011
-0.17081
-0.17293
-0.17384
-0.17171
-0.16824
-0.16245
-0.15742
-0.15279
-0.15033
-0.14915
-0.14726
-0.14910
-0.15113
-0.15449
-0.15985
-0.16228
-0.16353
-0.16482
-0.16480
-0.16368
-0.16274
-0.16464
-0.16763
-0.17240
-0.17660
-0.17661
-0.17410
-0.16800
-0.16029
-0.15043
-0.13902
-0.13135
-0.12745
-0.12689
-0.12592
-0.12346
-0.11829
-0.10915
-0.10113
-0.09255
-0.08426
-0.07596
-0.06668
-0.05804
-0.04802
-0.03907
-0.03126
-0.02204
-0.01073
0.00355
0.01790
0.03343
0.04732
0.05988
0.07047
0.07763
0.08601
0.09298
0.10254
0.11257
0.12330
0.13329
0.13866
0.14220
0.14240
0.13861
0.13584
0.13601
0.13493
0.13402
0.13303
0.13153
0.12954
0.12590
0.12280
0.12091
0.12294
0.12921
0.13297
0.13523
0.13335
0.12919
0.12461
0.12174
0.12392
0.12579
0.12788
0.13157
0.13402
0.13595
0.13992
0.14311
0.14937
0.15435
0.15559
0.15694
0.15841
0.15943
0.15503
0.14104
0.12430
0.10906
0.09956
0.09852
0.10011
0.10448
0.10703
0.11118
0.11350
0.11480
0.11765
0.12271
0.13130
0.13807
0.14623
0.15482
0.16711
0.18212
0.19398
0.20453
0.21606
0.22687
0.23707
0.24804
0.25852
0.26901
0.28025
0.28809
0.29210
0.29179
0.29289
0.29659
0.29781
0.30029
0.30073
0.30060
0.30177
0.30403
0.30316
0.29583
0.28239
0.26749
0.25427
0.24284
0.23489
0.22683
0.22147
0.21418
0.20484
0.19648
0.18650
0.17494
0.16278
0.14913
0.13650
0.12294
0.10638
0.09372
0.07920
0.06666
0.05633
0.04459
0.03095
0.01379
-0.00410
-0.02298
-0.03810
-0.04764
-0.05213
-0.05790
-0.06456
-0.06816
-0.06974
-0.06835
-0.06460
-0.06279
-0.06261
-0.05896
-0.05514
-0.05305
-0.05171
-0.04874
-0.04464
-0.04001
-0.03644
-0.03523
-0.03562
-0.03846
-0.04293
-0.04893
-0.05388
-0.05733
-0.05699
-0.05878
-0.06122
-0.06384
-0.07110
-0.07964
-0.09015
-0.09837
-0.10398
-0.10631
-0.11108
-0.11735
-0.12560
-0.13789
-0.14984
-0.15976
-0.16794
-0.17889
-0.19236
-0.20628
-0.22098
-0.23704
-0.24788
-0.25546
-0.25898
-0.26221
-0.26896
-0.27619
-0.28271
-0.28673
-0.28800
-0.28602
-0.28391
-0.27953
-0.27401
-0.26905
-0.26583
-0.26321
-0.25841
-0.25291
-0.24560
-0.23522
-0.22644
-0.21782
-0.20871
-0.20336
-0.20160
-0.20332
-0.20543
-0.20750
-0.21029
-0.21088
-0.21025
-0.21211
-0.21534
-0.21822
-0.22300
-0.22918
-0.23551
-0.24269
-0.24916
-0.25562
-0.25862
-0.25973
-0.26066
-0.26049
-0.26150
-0.26311
-0.26398
-0.26411
-0.26553
-0.26350
-0.25722
-0.24693
-0.23380
-0.22000
-0.20934
-0.20173
-0.19620
-0.18951
-0.18066
-0.17433
-0.16429
-0.15575
-0.14960
-0.14350
-0.13817
-0.13278
-0.12699
-0.11867
-0.10963
-0.10269
-0.09627
-0.08609
-0.07526
-0.06289
-0.05062
-0.03958
-0.03198
-0.02612
-0.02044
-0.01715
-0.01177
-0.00503
0.00361
0.01579
0.03068
0.04571
0.05939
0.07069
0.07815
0.08088
0.08148
0.08026
0.07860
0.07481
0.06830
0.06084
0.05097
0.03866
0.02249
0.00745
-0.00491
-0.01162
-0.01554
-0.01921
-0.02325
-0.02665
-0.02737
-0.02510
-0.01658
-0.00664
0.00692
0.02319
0.03886
0.05336
0.06588
0.07503
0.08054
0.08420
0.08622
0.08453
0.07783
0.06840
0.05720
0.04494
0.03463
0.03061
0.03017
0.03319
0.03662
0.03284
0.02742
0.02424
0.02088
0.02034
0.02449
0.03082
0.03647
0.04125
0.04481
0.04962
0.06045
0.07419
0.08344
0.09285
0.10208
0.11400
0.13117
0.14785
0.16750
0.18205
0.19046
0.19484
0.19682
0.19975
0.20882
0.22373
0.23704
0.24581
0.25162
0.25488
0.25384
0.25096
0.24297
0.23175
0.21855
0.20901
0.20211
0.19655
0.19129
0.18308
0.17306
0.16170
0.15374
0.14694
0.13896
0.12960
0.12001
0.10796
0.09549
0.08450
0.07548
0.06753
0.05688
0.04532
0.03175
0.01654
0.00258
-0.01121
-0.02467
-0.03478
-0.04092
-0.04572
-0.04713
-0.04678
-0.05031
-0.05545
-0.06127
-0.06324
-0.05994
-0.05285
-0.04056
-0.02891
-0.02138
-0.01656
-0.01077
-0.00399
0.00574
0.01730
0.02614
0.03247
0.03385
0.03459
0.03512
0.03600
0.03892
0.04314
0.04751
0.05013
0.05120
0.04986
0.04592
0.04139
0.03715
0.03169
0.03064
0.03132
0.03110
0.03004
0.02534
0.01681
0.00626
-0.00386
-0.01160
-0.01834
-0.02511
-0.03330
-0.04710
-0.06189
-0.07553
-0.08286
-0.08617
-0.08861
-0.09189
-0.09730
-0.10190
-0.10688
-0.10869
-0.10955
-0.10807
-0.10342
-0.09949
-0.09366
-0.08780
-0.08414
-0.07936
-0.07351
-0.06728
-0.06035
-0.05364
-0.04727
-0.04187
-0.03636
-0.03385
-0.03310
-0.03158
-0.03082
-0.02766
-0.02623
-0.02200
-0.01776
-0.01449
-0.00874
-0.00531
-0.00080
0.00022
-0.00129
-0.00388
-0.00751
-0.01069
-0.01194
-0.01187
-0.01117
-0.00992
-0.00886
-0.00927
-0.01261
-0.01643
-0.02071
-0.02326
-0.02382
-0.02236
-0.01903
-0.01505
-0.01313
-0.01203
-0.01292
-0.01456
-0.01478
-0.01397
-0.01230
-0.01010
-0.00635
-0.00234
0.00257
0.00770
0.01439
0.02013
0.02643
0.03018
0.03648
0.04395
0.04959
0.06141
0.07333
0.08676
0.09590
0.10298
0.10936
0.11265
0.11786
0.12268
0.12878
0.13617
0.14334
0.14887
0.15128
0.15232
0.15162
0.14581
0.13905
0.13385
0.12747
0.12071
0.11585
0.11074
0.10670
0.10369
0.10045
0.09966
0.10182
0.10397
0.10221
0.09941
0.09480
0.08824
0.08388
0.08241
0.08149
0.08109
0.08065
0.07972
0.07864
0.07917
0.08069
0.07923
0.07597
0.06985
0.06321
0.05849
0.05538
0.05405
0.05044
0.04042
0.02830
0.01913
0.01310
0.01083
0.00901
0.00671
0.00640
0.00642
0.00481
0.00340
0.00513
0.00895
0.01081
0.01121
0.01290
0.01613
0.02198
0.03205
0.04161
0.04894
0.05600
0.06224
0.06741
0.07176
0.07843
0.08670
0.09470
0.10231
0.10840
0.11398
0.12163
0.12642
0.12770
0.12864
0.12785
0.12992
0.13389
0.13636
0.13626
0.12944
0.11861
0.10789
0.09536
0.08389
0.07270
0.06218
0.05140
0.03810
0.02917
0.02168
0.01401
0.00555
-0.00546
-0.01730
-0.03183
-0.04585
-0.06086
-0.07611
-0.08971
-0.10494
-0.11806
-0.12996
-0.14365
-0.15961
-0.17697
-0.19316
-0.20498
-0.21404
-0.21878
-0.22002
-0.22062
-0.21959
-0.22036
-0.21640
-0.21049
-0.20436
-0.19592
-0.18914
-0.18302
-0.17768
-0.17089
-0.16250
-0.15248
-0.14227
-0.13100
-0.12231
-0.11773
-0.11319
-0.11034
-0.10699
-0.10398
-0.10087
-0.09665
-0.09452
-0.09135
-0.08857
-0.08917
-0.09077
-0.09464
-0.09882
-0.10115
-0.10156
-0.10253
-0.10701
-0.11451
-0.12531
-0.13640
-0.14535
-0.15304
-0.16203
-0.17240
-0.18514
-0.19910
-0.21086
-0.21904
-0.21990
-0.21699
-0.21323
-0.21066
-0.20999
-0.20881
-0.21011
-0.20815
-0.20223
-0.19444
-0.18360
-0.17297
-0.16211
-0.15208
-0.14136
-0.13034
-0.11903
-0.10957
-0.09856
-0.08751
-0.07962
-0.07049
-0.06504
-0.05895
-0.05506
-0.05223
-0.04844
-0.04624
-0.04325
-0.04053
-0.03544
-0.03037
-0.02287
-0.01443
-0.00836
-0.00462
-0.00398
-0.00523
-0.00648
-0.00432
-0.00253
-0.00117
0.00049
0.00088
-0.00026
-0.00384
-0.00663
-0.00836
-0.00949
-0.00767
-0.00308
0.00249
0.00890
0.01392
0.01682
0.01972
0.02446
0.03023
0.03608
0.04182
0.04644
0.05098
0.05545
0.06098
0.06883
0.07700
0.08433
0.09248
0.09731
0.10050
0.10397
0.10765
0.11537
0.12659
0.13913
0.14977
0.15680
0.16090
0.16385
0.16542
0.16961
0.17588
0.18321
0.19156
0.20027
0.20677
0.21290
0.21793
0.21781
0.21724
0.21425
0.21197
0.20901
0.20682
0.20739
0.20818
0.20770
0.20301
0.19836
0.19532
0.19475
0.19699
0.19954
0.19724
0.19286
0.18985
0.18838
0.18978
0.19113
0.19237
0.19021
0.18253
0.17314
0.16490
0.16177
0.16283
0.16417
0.16562
0.16475
0.16178
0.15822
0.14985
0.13927
0.13129
0.12435
0.12092
0.12286
0.12504
0.12527
0.12495
0.12251
0.11701
0.11009
0.10457
0.10002
0.09492
0.09179
0.09049
0.09021
0.09107
0.09061
0.08591
0.07860
0.07008
0.06344
0.06542
0.07394
0.08715
0.09936
0.10602
0.10900
0.11069
0.11376
0.11798
0.12403
0.13187
0.14208
0.15153
0.16066
0.16902
0.17586
0.17842
0.17467
0.16735
0.15545
0.14454
0.13413
0.11897
0.10034
0.07948
0.05978
0.04294
0.02819
0.01586
0.00403
-0.00925
-0.02306
-0.03760
-0.05374
-0.06702
-0.08088
-0.09311
-0.10379
-0.11935
-0.13518
-0.15286
-0.17241
-0.19092
-0.20755
-0.22063
-0.22971
-0.23333
-0.23120
-0.22963
-0.22781
-0.22663
-0.22597
-0.22394
-0.22075
-0.21391
-0.21008
-0.21163
-0.21919
-0.22953
-0.23959
-0.24364
-0.24175
-0.24057
-0.23818
-0.23818
-0.23965
-0.24053
-0.24040
-0.23552
-0.22631
-0.21390
-0.20174
-0.19192
-0.18274
-0.17512
-0.16913
-0.16950
-0.17560
-0.17858
-0.17682
-0.17665
-0.17988
-0.18759
-0.20201
-0.21655
-0.22905
-0.23943
-0.24772
-0.25509
-0.26353
-0.27476
-0.28744
-0.29749
-0.30221
-0.30075
-0.29869
-0.29860
-0.29744
-0.29778
-0.29867
-0.29845
-0.29630
-0.29305
-0.28506
-0.27542
-0.26684
-0.25794
-0.25016
-0.24066
-0.23089
-0.22201
-0.21214
-0.20111
-0.18991
-0.18080
-0.17329
-0.16640
-0.16130
-0.15637
-0.15237
-0.14758
-0.14256
-0.13576
-0.12896
-0.12353
-0.11539
-0.10851
-0.10010
-0.09289
-0.09189
-0.09032
-0.08985
-0.08967
-0.08640
-0.08589
-0.08551
-0.08125
-0.07674
-0.07502
-0.07710
-0.08117
-0.08319
-0.08431
-0.08254
-0.07553
-0.06743
-0.05889
-0.05103
-0.04501
-0.04127
-0.03869
-0.03450
-0.02793
-0.02011
-0.01289
-0.00458
0.00502
0.01657
0.02824
0.04053
0.05301
0.06403
0.07525
0.08393
0.09298
0.10187
0.11311
0.12820
0.14363
0.15872
0.17151
0.18274
0.19183
0.19606
0.20095
0.20937
0.21937
0.23337
0.24822
0.26046
0.26996
0.27775
0.28267
0.28512
0.28718
0.28769
0.28697
0.28681
0.28846
0.29210
0.29516
0.30017
0.30652
0.31434
0.32410
0.33325
0.33895
0.33917
0.33611
0.33323
0.33472
0.33312
0.33101
0.32995
0.32835
0.32800
0.32516
0.32465
0.32733
0.32887
0.32865
0.32426
0.31620
0.30975
0.30439
0.30008
0.29506
0.28596
0.27694
0.26797
0.25729
0.24898
0.24303
0.23764
0.23399
0.22992
0.22573
0.22495
0.22683
0.23028
0.23051
0.22992
0.22700
0.22569
0.23187
0.23801
0.24470
0.25203
0.25951
0.26396
0.26808
0.27333
0.27646
0.27671
0.27741
0.27958
0.28103
0.28816
0.29450
0.29769
0.29876
0.29585
0.29478
0.28933
0.28278
0.27628
0.26040
0.24200
0.22605
0.20893
0.19330
0.18055
0.16597
0.15033
0.13447
0.11958
0.10761
0.09724
0.08510
0.07068
0.05446
0.03882
0.02078
-0.00027
-0.01934
-0.03748
-0.05397
-0.07167
-0.08878
-0.10470
-0.12209
-0.14236
-0.16404
-0.18354
-0.19970
-0.20949
-0.21580
-0.22209
-0.22922
-0.23631
-0.23995
-0.23873
-0.23545
-0.22879
-0.22187
-0.22004
-0.21698
-0.21498
-0.21068
-0.20262
-0.19355
-0.18265
-0.17563
-0.17282
-0.17379
-0.17637
-0.18018
-0.18318
-0.18437
-0.18380
-0.18444
-0.18817
-0.19539
-0.20502
-0.21403
-0.22187
-0.22744
-0.23012
-0.22993
-0.23235
-0.23615
-0.24299
-0.25304
-0.26354
-0.27257
-0.27870
-0.28699
-0.29755
-0.30990
-0.32478
-0.34015
-0.35197
-0.35688
-0.35580
-0.35409
-0.35413
-0.35589
-0.35963
-0.36196
-0.36236
-0.36098
-0.35612
-0.34957
-0.34268
-0.33625
-0.32910
-0.32127
-0.31343
-0.30200
-0.28972
-0.27930
-0.26934
-0.25945
-0.25015
-0.24373
-0.23603
-0.23072
-0.22683
-0.22077
-0.21596
-0.21209
-0.20967
-0.20432
-0.19663
-0.18898
-0.18224
-0.17744
-0.17614
-0.17851
-0.18618
-0.19478
-0.19936
-0.20202
-0.20081
-0.19685
-0.19164
-0.19007
-0.19361
-0.19593
-0.19677
-0.19735
-0.19661
-0.19350
-0.18875
-0.18282
-0.17702
-0.17420
-0.17101
-0.16757
-0.16192
-0.15356
-0.14646
-0.13993
-0.13313
-0.12561
-0.11668
-0.10528
-0.09192
-0.07760
-0.06365
-0.05405
-0.04723
-0.04095
-0.03300
-0.01844
0.00051
0.02097
0.03941
0.05702
0.06945
0.07752
0.08242
0.08930
0.10187
0.11482
0.13063
0.14326
0.15455
0.16509
0.17551
0.18274
0.18534
0.18677
0.18860
0.19097
0.19312
0.19746
0.20257
0.20648
0.21154
0.21897
0.22484
0.23542
0.24833
0.25991
0.26469
0.26465
0.26449
0.26560
0.27097
0.27917
0.28853
0.29374
0.29763
0.29345
0.28803
0.28800
0.28980
0.29387
0.29675
0.29836
0.29680
0.29367
0.28764
0.28066
0.27268
0.26339
0.25741
0.25250
0.24824
0.24428
0.24302
0.24294
0.24035
0.23769
0.23378
0.23118
0.22864
0.22522
0.22751
0.23267
0.24188
0.25589
0.26353
0.26652
0.26489
0.26168
0.26391
0.27017
0.28454
0.30038
0.31035
0.31743
0.32040
0.32138
0.32619
0.33187
0.33765
0.34250
0.34524
0.34865
0.35104
0.35178
0.35000
0.34188
0.33145
0.31965
0.30647
0.29529
0.28100
0.26526
0.24981
0.23384
0.22010
0.20999
0.19883
0.18616
0.17270
0.15474
0.13410
0.11222
0.09173
0.07357
0.05782
0.04213
0.02273
0.00206
-0.01994
-0.04319
-0.06644
-0.08776
-0.10219
-0.11009
-0.11224
-0.10952
-0.10819
-0.11062
-0.11473
-0.12026
-0.12086
-0.11681
-0.11093
-0.09937
-0.08963
-0.08785
-0.08974
-0.08981
-0.08615
-0.07773
-0.06614
-0.05686
-0.05285
-0.05382
-0.05966
-0.06741
-0.07190
-0.07291
-0.07258
-0.07346
-0.07677
-0.08122
-0.08840
-0.09754
-0.10371
-0.10692
-0.10953
-0.11142
-0.11268
-0.11534
-0.12188
-0.13112
-0.14164
-0.15108
-0.15805
-0.16552
-0.17130
-0.18045
-0.19271
-0.20717
-0.22345
-0.23140
-0.23481
-0.23743
-0.24044
-0.24637
-0.25440
-0.26054
-0.26773
-0.27408
-0.27867
-0.28318
-0.28322
-0.28378
-0.28174
-0.27713
-0.27160
-0.26238
-0.25324
-0.24377
-0.23440
-0.22725
-0.21782
-0.21019
-0.20508
-0.19838
-0.19115
-0.18112
-0.17191
-0.16354
-0.15681
-0.15124
-0.14430
-0.13786
-0.13135
-0.12651
-0.12474
-0.12742
-0.13552
-0.14476
-0.15364
-0.15859
-0.16083
-0.16315
-0.16241
-0.16454
-0.16745
-0.16954
-0.17428
-0.18027
-0.18516
-0.18715
-0.18598
-0.18270
-0.17823
-0.17423
-0.17355
-0.17447
-0.17467
-0.17033
-0.16207
-0.14814
-0.13191
-0.11756
-0.10387
-0.09357
-0.08428
-0.07175
-0.06065
-0.05419
-0.04802
-0.04578
-0.04829
-0.05608
-0.06281
-0.06554
-0.06530
-0.06067
-0.05373
-0.04536
-0.04180
-0.03837
-0.03205
-0.02199
-0.00548
0.01528
0.03666
0.05968
0.08211
0.10053
0.10900
0.10945
0.11394
0.11873
0.12397
0.12438
0.12055
0.11945
0.11935
0.11891
0.11855
0.12229
0.12714
0.13146
0.13450
0.13474
0.13501
0.13850
0.14338
0.14915
0.15566
0.15932
0.16054
0.15751
0.15110
0.14794
0.15001
0.15609
0.16124
0.16125
0.15637
0.15052
0.14392
0.13557
0.12697
0.11904
0.11237
0.10212
0.09234
0.08444
0.07558
0.06858
0.06196
0.05593
0.04982
0.04557
0.04723
0.05372
0.06214
0.07050
0.07540
0.07806
0.08195
0.08336
0.08400
0.08606
0.09090
0.10047
0.11107
0.12471
0.14102
0.15697
0.16924
0.17782
0.18389
0.19200
0.20374
0.21233
0.22282
0.23106
0.23504
0.23662
0.23671
0.23573
0.22779
0.21555
0.20209
0.19023
0.17875
0.16813
0.15939
0.15159
0.14224
0.13126
0.12126
0.11417
0.10637
0.09545
0.08462
0.07141
0.05690
0.03983
0.02271
0.00569
-0.01257
-0.01970
-0.02408
-0.03783
-0.05377
-0.07418
-0.09487
-0.11291
-0.12664
-0.13374
-0.13858
-0.13868
-0.13979
-0.14251
-0.14640
-0.14786
-0.14364
-0.13724
-0.12706
-0.11738
-0.10974
-0.10420
-0.10047
-0.09492
-0.08535
-0.07236
-0.05868
-0.04723
-0.03977
-0.03796
-0.04017
-0.04302
-0.04364
-0.04000
-0.03605
-0.03342
-0.03361
-0.03541
-0.03948
-0.04484
-0.04938
-0.05302
-0.05408
-0.05531
-0.05797
-0.06516
-0.07426
-0.08446
-0.09557
-0.10463
-0.11196
-0.11966
-0.12954
-0.14248
-0.15662
-0.16997
-0.17995
-0.18230
-0.18141
-0.17779
-0.17687
-0.18022
-0.18337
-0.18516
-0.18444
-0.18205
-0.17632
-0.16877
-0.16112
-0.15419
-0.14793
-0.13905
-0.12785
-0.11640
-0.10566
-0.09762
-0.09221
-0.08975
-0.08721
-0.08558
-0.08352
-0.08126
-0.07908
-0.07597
-0.07580
-0.07630
-0.07760
-0.07769
-0.07796
-0.07730
-0.07535
-0.07501
-0.07722
-0.08333
-0.09207
-0.10083
-0.10687
-0.11082
-0.11187
-0.11281
-0.11353
-0.11366
-0.11484
-0.11707
-0.12072
-0.12325
-0.12472
-0.12273
-0.11708
-0.11191
-0.10808
-0.10824
-0.11006
-0.11146
-0.10908
-0.10429
-0.09918
-0.09242
-0.08909
-0.08418
-0.07810
-0.07105
-0.05963
-0.04644
-0.03385
-0.02394
-0.01850
-0.01485
-0.01044
-0.00562
0.00567
0.02208
0.03979
0.05598
0.06697
0.07486
0.07964
0.08207
0.08665
0.09288
0.10085
0.11041
0.12226
0.13118
0.13705
0.14346
0.14708
0.15300
0.15719
0.16009
0.16212
0.16170
0.16025
0.15592
0.15271
0.15218
0.15559
0.16460
0.17647
0.18603
0.18999
0.18619
0.18102
0.17863
0.17900
0.18051
0.18303
0.18430
0.17805
0.16837
0.15898
0.15452
0.15482
0.15373
0.14817
0.13861
0.12853
0.11948
0.11167
0.10347
0.09449
0.08483
0.07129
0.05659
0.04134
0.02839
0.02199
0.02101
0.02290
0.02135
0.02010
0.01733
0.01446
0.01410
0.01636
0.02217
0.02892
0.03879
0.04614
0.05059
0.05217
0.05580
0.06451
0.07696
0.09513
0.11532
0.13452
0.14767
0.15730
0.16474
0.17339
0.18387
0.19252
0.20143
0.20676
0.21103
0.21464
0.21579
0.21475
0.20950
0.20060
0.18878
0.17889
0.17052
0.15806
0.14402
0.13142
0.11720
0.10474
0.09559
0.08833
0.08103
0.07333
0.06549
0.05257
0.03677
0.01947
0.00274
-0.01424
-0.02969
-0.04302
-0.05960
-0.07979
-0.10235
-0.12479
-0.14578
-0.15942
-0.16509
-0.16687
-0.16622
-0.16549
-0.16924
-0.17587
-0.18131
-0.18344
-0.17915
-0.17013
-0.16022
-0.15305
-0.14930
-0.14880
-0.14627
-0.13843
-0.12425
-0.10497
-0.08483
-0.06912
-0.06237
-0.05975
-0.06009
-0.06013
-0.05635
-0.05107
-0.04503
-0.04038
-0.03930
-0.04216
-0.04659
-0.04932
-0.04782
-0.04348
-0.03838
-0.03707
-0.04274
-0.05071
-0.06136
-0.07328
-0.08292
-0.09106
-0.09912
-0.10887
-0.11884
-0.13063
-0.14524
-0.15652
-0.16238
-0.16247
-0.15831
-0.15692
-0.15703
-0.15623
-0.15685
-0.15843
-0.15638
-0.14991
-0.14272
-0.13527
-0.12887
-0.12426
-0.11829
-0.10942
-0.09873
-0.08726
-0.07628
-0.06810
-0.06308
-0.05830
-0.05399
-0.04943
-0.04444
-0.03798
-0.03273
-0.03070
-0.02786
-0.02517
-0.02273
-0.02040
-0.01880
-0.01750
-0.01747
-0.01980
-0.02433
-0.03232
-0.04057
-0.04889
-0.05669
-0.06297
-0.06591
-0.06514
-0.06657
-0.06898
-0.07422
-0.08324
-0.09260
-0.09770
-0.09970
-0.09723
-0.08954
-0.08242
-0.07970
-0.07854
-0.07383
-0.06729
-0.05699
-0.04542
-0.03505
-0.02836
-0.02506
-0.02181
-0.01525
-0.00528
0.00554
0.01795
0.02928
0.03868
0.04369
0.04811
0.05281
0.06007
0.07405
0.09026
0.10812
0.12414
0.13333
0.13653
0.13730
0.13916
0.14653
0.15804
0.17319
0.18770
0.19693
0.20475
0.21181
0.21878
0.22744
0.23468
0.23706
0.23735
0.23392
0.22963
0.22964
0.23258
0.24023
0.25137
0.25967
0.26317
0.26365
0.25992
0.25255
0.24446
0.23669
0.23109
0.22763
0.22233
0.21258
0.19779
0.17738
0.15456
0.13809
0.12905
0.12419
0.11796
0.10631
0.09034
0.07376
0.06185
0.05023
0.03841
0.02923
0.01980
0.00992
0.00243
-0.00218
-0.00182
0.00500
0.01331
0.01869
0.02235
0.02702
0.03535
0.04623
0.05602
0.06284
0.06672
0.07164
0.07617
0.08018
0.08504
0.09007
0.09494
0.10043
0.11023
0.12516
0.14103
0.15282
0.15939
0.16371
0.16925
0.17553
0.18343
0.19002
0.19271
0.19287
0.18928
0.18468
0.18262
0.18149
0.17861
0.17372
0.16797
0.16151
0.15095
0.13753
0.12327
0.10486
0.08193
0.05716
0.03309
0.00872
-0.01660
-0.04260
-0.07279
-0.10431
-0.13259
-0.15904
-0.18208
-0.20010
-0.21283
-0.22231
-0.23351
-0.24677
-0.25922
-0.26941
-0.27262
-0.27105
-0.27445
-0.27816
-0.27705
-0.27563
-0.27443
-0.27446
-0.27607
-0.27618
-0.27320
-0.26793
-0.26208
-0.25943
-0.25838
-0.25312
-0.24654
-0.23478
-0.21657
-0.19937
-0.18788
-0.18353
-0.18470
-0.18939
-0.19109
-0.18836
-0.18304
-0.17937
-0.17790
-0.17870
-0.18228
-0.18472
-0.18559
-0.18546
-0.18547
-0.18441
-0.18545
-0.19070
-0.19850
-0.20662
-0.21513
-0.22384
-0.23171
-0.24145
-0.25205
-0.26375
-0.27511
-0.28583
-0.29389
-0.29581
-0.29263
-0.28607
-0.28115
-0.27988
-0.28127
-0.28280
-0.28286
-0.27975
-0.27292
-0.26443
-0.25784
-0.25114
-0.24087
-0.22931
-0.21379
-0.19605
-0.17954
-0.16562
-0.15554
-0.14847
-0.14083
-0.13072
-0.12039
-0.11109
-0.10417
-0.09786
-0.09423
-0.09204
-0.08845
-0.08456
-0.07911
-0.07554
-0.07403
-0.07169
-0.06960
-0.06880
-0.06885
-0.07002
-0.07081
-0.06873
-0.06578
-0.06385
-0.06145
-0.06036
-0.06071
-0.06197
-0.06662
-0.06939
-0.06929
-0.06675
-0.05875
-0.04847
-0.04052
-0.03350
-0.02612
-0.01856
-0.00969
-0.00080
0.00778
0.01349
0.01803
0.02407
0.03159
0.04174
0.05697
0.07463
0.09086
0.10464
0.11535
0.12402
0.13145
0.14061
0.15092
0.16674
0.18719
0.20609
0.22148
0.23122
0.23841
0.24459
0.25161
0.26339
0.27731
0.29088
0.30625
0.32060
0.33129
0.34034
0.34692
0.35099
0.35318
0.35269
0.35010
0.34658
0.34640
0.34695
0.34619
0.34953
0.35565
0.36165
0.36790
0.37272
0.37378
0.37016
0.36501
0.36279
0.36268
0.36499
0.36391
0.35340
0.33688
0.32091
0.31037
0.30570
0.30534
0.30365
0.29463
0.27755
0.25950
0.24362
0.22903
0.21828
0.20975
0.19880
0.18520
0.16732
0.14394
0.12267
0.10967
0.10240
0.09463
0.08750
0.08237
0.08007
0.07987
0.08114
0.08589
0.09177
0.09959
0.10674
0.11179
0.11511
0.11670
0.11918
0.12604
0.13935
0.15914
0.18164
0.19900
0.21096
0.21829
0.22360
0.23061
0.23941
0.24840
0.25568
0.25988
0.26053
0.25933
0.25765
0.25236
0.24180
0.22952
0.21415
0.19891
0.18549
0.17137
0.15461
0.13600
0.11771
0.10020
0.08664
0.07311
0.05951
0.04636
0.03085
0.01188
-0.00913
-0.03175
-0.05453
-0.07379
-0.09506
-0.11515
-0.13554
-0.16258
-0.19347
-0.22410
-0.24942
-0.26696
-0.27596
-0.28068
-0.28182
-0.28375
-0.28832
-0.29369
-0.29864
-0.29751
-0.29108
-0.27852
-0.26519
-0.25633
-0.25554
-0.25902
-0.25628
-0.24801
-0.23291
-0.21293
-0.19455
-0.18308
-0.17976
-0.18346
-0.18853
-0.19060
-0.19053
-0.18624
-0.18307
-0.18493
-0.19166
-0.20079
-0.20869
-0.21124
-0.20925
-0.20967
-0.21147
-0.21686
-0.22745
-0.23970
-0.25042
-0.25916
-0.26447
-0.26774
-0.27297
-0.27855
-0.28915
-0.30413
-0.31757
-0.32582
-0.32619
-0.32318
-0.32113
-0.32203
-0.32543
-0.32966
-0.33531
-0.33971
-0.33938
-0.33444
-0.32768
-0.31998
-0.31255
-0.30545
-0.29432
-0.27884
-0.26067
-0.24447
-0.23237
-0.22343
-0.21825
-0.21447
-0.20964
-0.20408
-0.19730
-0.18941
-0.18427
-0.18257
-0.18203
-0.18162
-0.18059
-0.17725
-0.17223
-0.16556
-0.15976
-0.15866
-0.16036
-0.16307
-0.16608
-0.16757
-0.16749
-0.16563
-0.15974
-0.15311
-0.14905
-0.14516
-0.14318
-0.14600
-0.14916
-0.15031
-0.14856
-0.14137
-0.13050
-0.11936
-0.10947
-0.09975
-0.09150
-0.08265
-0.07070
-0.05832
-0.04732
-0.04015
-0.03519
-0.02993
-0.02324
-0.01114
0.00479
0.02046
0.03667
0.05100
0.05892
0.06319
0.06907
0.08003
0.09977
0.12540
0.15091
0.17438
0.19159
0.20300
0.21253
0.22306
0.23976
0.25914
0.27724
0.29562
0.31224
0.32659
0.34125
0.35836
0.37690
0.39201
0.39850
0.39975
0.39850
0.39289
0.39028
0.39131
0.39614
0.40529
0.41223
0.41729
0.41837
0.41385
0.40678
0.40119
0.39777
0.39690
0.39827
0.39804
0.39376
0.38208
0.36535
0.34865
0.33678
0.33099
0.32694
0.31999
0.30698
0.29146
0.27709
0.26346
0.24997
0.23798
0.22634
0.21154
0.19416
0.17535
0.15853
0.14918
0.14789
0.14855
0.14636
0.14524
0.14532
0.14737
0.15290
0.16052
0.16907
0.17646
0.18746
0.19573
0.20128
0.20605
0.20698
0.21114
0.21619
0.22747
0.24576
0.26204
0.27237
0.27855
0.28457
0.29243
0.30124
0.30756
0.31281
0.31312
0.31166
0.31242
0.31498
0.31790
0.31465
0.30547
0.29242
0.27944
0.26646
0.25163
0.23627
0.22078
0.20261
0.18071
0.16067
0.14210
0.12674
0.11289
0.09645
0.07916
0.05626
0.02892
0.00097
-0.02543
-0.05021
-0.07294
-0.09304
-0.11474
-0.13944
-0.16605
-0.19025
-0.20910
-0.22196
-0.23039
-0.23286
-0.23121
-0.23143
-0.23331
-0.23378
-0.22902
-0.22217
-0.21455
-0.20504
-0.19710
-0.19337
-0.19142
-0.18716
-0.17980
-0.16797
-0.15298
-0.13960
-0.13379
-0.13580
-0.14390
-0.15698
-0.16742
-0.17634
-0.18615
-0.19369
-0.20273
-0.21369
-0.22411
-0.23343
-0.23951
-0.24302
-0.24477
-0.24546
-0.24682
-0.25188
-0.25900
-0.26301
-0.26612
-0.26780
-0.26995
-0.27561
-0.28398
-0.29277
-0.30011
-0.30591
-0.30681
-0.30263
-0.29544
-0.29079
-0.29114
-0.29472
-0.29944
-0.30401
-0.30894
-0.30968
-0.30526
-0.29945
-0.29459
-0.28893
-0.28171
-0.27352
-0.26045
-0.24640
-0.23511
-0.22741
-0.22430
-0.22279
-0.22180
-0.21908
-0.21497
-0.21329
-0.21551
-0.22042
-0.22772
-0.23340
-0.23115
-0.22142
-0.20824
-0.19418
-0.18230
-0.17380
-0.17057
-0.17340
-0.17996
-0.19079
-0.20272
-0.21454
-0.22882
-0.24462
-0.26100
-0.27722
-0.28928
-0.29981
-0.30965
-0.31466
-0.31661
-0.31067
-0.29658
-0.27857
-0.25921
-0.24182
-0.22164
-0.19998
-0.18141
-0.16775
-0.15950
-0.15279
-0.14470
-0.13494
-0.12765
-0.11928
-0.10663
-0.09378
-0.08135
-0.06949
-0.06098
-0.05619
-0.05110
-0.04209
-0.02615
-0.00401
0.02264
0.04837
0.06944
0.08466
0.09255
0.09921
0.10816
0.12272
0.13953
0.15576
0.17508
0.19169
0.20668
0.22068
0.23176
0.24121
0.24682
0.24920
0.24890
0.24559
0.24278
0.24437
0.24803
0.25383
0.26303
0.27277
0.27905
0.27796
0.26954
0.26071
0.25559
0.25644
0.26420
0.27072
0.27174
0.26237
0.24272
0.22156
0.20535
0.19930
0.19962
0.19999
0.19350
0.17844
0.16094
0.14439
0.13345
0.12849
0.12792
0.12665
0.11888
0.10665
0.09248
0.08226
0.08215
0.08685
0.08869
0.08811
0.08719
0.08745
0.09074
0.09950
0.11208
0.12675
0.14425
0.16177
0.17437
0.18270
0.19069
0.20113
0.21674
0.23873
0.26548
0.28831
0.30560
0.31847
0.32719
0.33576
0.34413
0.35257
0.36058
0.36762
0.37407
0.38137
0.38774
0.39198
0.39300
0.38590
0.37460
0.36203
0.34850
0.33551
0.32035
0.30463
0.28822
0.27168
0.25659
0.24239
0.23318
0.22598
0.21497
0.19943
0.17868
0.15268
0.12569
0.10139
0.07803
0.05648
0.03702
0.01500
-0.01182
-0.04220
-0.07229
-0.09706
-0.11423
-0.12256
-0.12723
-0.13121
-0.13397
-0.13988
-0.14605
-0.14961
-0.14959
-0.14213
-0.13048
-0.11966
-0.11324
-0.11445
-0.11770
-0.11711
-0.10758
-0.08686
-0.06284
-0.04351
-0.03461
-0.03406
-0.03803
-0.04290
-0.04317
-0.03949
-0.03557
-0.03462
-0.03804
-0.04751
-0.05863
-0.06534
-0.06620
-0.06253
-0.06063
-0.06375
-0.07494
-0.09290
-0.11097
-0.12651
-0.13765
-0.14506
-0.15190
-0.16097
-0.17487
-0.19270
-0.21176
-0.23101
-0.24402
-0.24779
-0.24805
-0.24834
-0.25020
-0.25441
-0.25912
-0.26236
-0.26568
-0.26752
-0.26579
-0.26343
-0.26075
-0.25578
-0.24886
-0.24082
-0.22934
-0.21432
-0.20042
-0.18963
-0.18209
-0.17796
-0.17487
-0.16922
-0.16351
-0.16006
-0.15745
-0.15737
-0.15996
-0.16358
-0.16701
-0.16965
-0.17007
-0.16858
-0.16454
-0.15971
-0.15805
-0.15948
-0.16485
-0.17129
-0.17687
-0.18206
-0.18558
-0.18569
-0.18559
-0.18665
-0.18560
-0.18675
-0.19273
-0.20102
-0.20809
-0.21221
-0.21189
-0.20716
-0.20110
-0.19627
-0.19360
-0.19046
-0.18415
-0.17518
-0.16697
-0.15979
-0.15700
-0.15747
-0.15242
-0.14309
-0.12941
-0.11021
-0.09135
-0.07548
-0.06422
-0.05574
-0.05117
-0.04893
-0.03733
-0.01833
0.00517
0.03221
0.05705
0.07604
0.08635
0.09104
0.09662
0.10774
0.12270
0.13890
0.15355
0.16591
0.17594
0.18455
0.19328
0.20105
0.20837
0.20950
0.20478
0.19847
0.19281
0.19160
0.19435
0.20131
0.21053
0.22147
0.23154
0.23472
0.23258
0.22636
0.21789
0.21438
0.21590
0.21880
0.22028
0.21436
0.19610
0.17069
0.14899
0.13390
0.12643
0.12449
0.11921
0.10676
0.09041
0.07555
0.06460
0.05753
0.05553
0.05192
0.04226
0.02922
0.01102
-0.00722
-0.01554
-0.01234
-0.00683
-0.00576
-0.00739
-0.00858
-0.00625
0.00329
0.01963
0.03667
0.05452
0.07231
0.08418
0.09038
0.09734
0.10785
0.12032
0.13739
0.16189
0.18939
0.21378
0.23323
0.24769
0.26305
0.28194
0.29756
0.30898
0.31788
0.32142
0.32383
0.32880
0.33846
0.35023
0.35197
0.34434
0.33187
0.31656
0.29972
0.28146
0.26187
0.24231
0.22329
0.20174
0.18282
0.16746
0.15231
0.13696
0.11902
0.09868
0.07789
0.05371
0.02944
0.00962
-0.00891
-0.02379
-0.03858
-0.05832
-0.08183
-0.10550
-0.12705
-0.14575
-0.15713
-0.16022
-0.15865
-0.15617
-0.15423
-0.15203
-0.14781
-0.14110
-0.13078
-0.11980
-0.11096
-0.10545
-0.10447
-0.10546
-0.10404
-0.09755
-0.08575
-0.06819
-0.05223
-0.04295
-0.04032
-0.04080
-0.04146
-0.04232
-0.03976
-0.03582
-0.03411
-0.03655
-0.04199
-0.04904
-0.05598
-0.05858
-0.05729
-0.05570
-0.06004
-0.07076
-0.08452
-0.10217
-0.11789
-0.12787
-0.13242
-0.13436
-0.14023
-0.15186
-0.16766
-0.18415
-0.20124
-0.21438
-0.21708
-0.21102
-0.20444
-0.20324
-0.20618
-0.21025
-0.21186
-0.21123
-0.21012
-0.20640
-0.20121
-0.20191
-0.20407
-0.20301
-0.19842
-0.18620
-0.17002
-0.15513
-0.14417
-0.13816
-0.13766
-0.13794
-0.13579
-0.12978
-0.12253
-0.11751
-0.11290
-0.11216
-0.11462
-0.11615
-0.11391
-0.10917
-0.10261
-0.09790
-0.09383
-0.08815
-0.08783
-0.09201
-0.09903
-0.10437
-0.10774
-0.11105
-0.11416
-0.11652
-0.11721
-0.11945
-0.12342
-0.13089
-0.14022
-0.14955
-0.15650
-0.15753
-0.15234
-0.14182
-0.13204
-0.12580
-0.12104
-0.11497
-0.10478
-0.09179
-0.08133
-0.07602
-0.07257
-0.06862
-0.05998
-0.04271
-0.02025
0.00213
0.01961
0.03291
0.04321
0.04804
0.05137
0.05917
0.07405
0.09485
0.11648
0.13545
0.14812
0.15054
0.14611
0.14031
0.13733
0.14103
0.14876
0.15608
0.16481
0.17613
0.18522
0.19339
0.20456
0.21709
0.22785
0.23421
0.23759
0.23825
0.23738
0.23909
0.24341
0.25229
0.26614
0.27788
0.28303
0.27956
0.27124
0.26610
0.26461
0.26750
0.27480
0.27732
0.26797
0.24676
0.21822
0.19172
0.17554
0.16975
0.16838
0.16533
0.15391
0.13374
0.10986
0.08854
0.07436
0.06803
0.06611
0.06115
0.04933
0.02943
0.00880
-0.00525
-0.01090
-0.01351
-0.02170
-0.03239
-0.04060
-0.04017
-0.02795
-0.00496
0.02305
0.05203
0.07649
0.09029
0.09462
0.09273
0.09255
0.09165
0.09210
0.09864
0.10626
0.10944
0.11026
0.11180
0.11387
0.12185
0.13182
0.14246
0.15665
0.17204
0.18601
0.20294
0.22527
0.24919
0.26542
0.26507
0.25617
0.24477
0.23335
0.22193
0.20896
0.19127
0.16737
0.14287
0.11941
0.09697
0.07800
0.06206
0.04496
0.02722
0.00668
-0.01799
-0.04403
-0.06866
-0.09070
-0.10947
-0.12715
-0.15050
-0.17759
-0.20614
-0.23513
-0.25958
-0.27488
-0.28197
-0.28256
-0.27923
-0.27975
-0.28514
-0.28984
-0.29113
-0.28830
-0.27742
-0.26092
-0.24557
-0.23743
-0.23805
-0.24064
-0.23929
-0.22935
-0.20990
-0.18612
-0.16495
-0.15245
-0.14829
-0.14773
-0.14961
-0.14901
-0.14517
-0.14297
-0.14437
-0.15156
-0.16336
-0.17691
-0.18548
-0.18551
-0.17973
-0.17210
-0.17010
-0.17788
-0.19098
-0.20701
-0.22079
-0.22455
-0.22436
-0.22398
-0.22529
-0.23351
-0.24581
-0.26055
-0.27563
-0.28571
-0.28902
-0.28640
-0.28450
-0.28691
-0.28963
-0.29111
-0.29031
-0.28752
-0.28195
-0.27140
-0.25815
-0.24645
-0.23416
-0.22113
-0.20813
-0.19147
-0.17374
-0.15677
-0.14346
-0.13531
-0.13066
-0.12614
-0.12003
-0.11598
-0.11075
-0.10405
-0.09745
-0.09320
-0.09235
-0.09085
-0.08858
-0.08485
-0.08241
-0.07962
-0.07466
-0.07138
-0.07093
-0.07489
-0.07837
-0.08009
-0.08213
-0.08310
-0.08156
-0.07785
-0.07538
-0.07560
-0.07949
-0.08501
-0.09216
-0.09922
-0.10531
-0.10706
-0.10213
-0.09420
-0.08296
-0.07532
-0.06977
-0.06029
-0.04906
-0.03693
-0.02470
-0.01801
-0.01588
-0.01339
-0.00906
0.00398
0.02467
0.05000
0.07502
0.09539
0.10798
0.11528
0.12248
0.12980
0.14729
0.17437
0.20417
0.23129
0.25312
0.26797
0.27468
0.28038
0.29014
0.30417
0.31903
0.33470
0.34741
0.35979
0.37285
0.38081
0.38960
0.39897
0.40375
0.40070
0.38975
0.37610
0.36361
0.35649
0.35425
0.35649
0.36360
0.36932
0.36833
0.35912
0.34544
0.33085
0.32097
0.31936
0.32259
0.32567
0.32015
0.30459
0.28037
0.25614
0.23965
0.23010
0.22723
0.22341
0.21402
0.19837
0.17946
0.16343
0.15305
0.14922
0.14932
0.14632
0.13416
0.11414
0.08922
0.06704
0.05758
0.05815
0.05812
0.05495
0.05162
0.04947
0.05141
0.06228
0.07844
0.09537
0.11573
0.13369
0.14476
0.15141
0.15713
0.16441
0.17249
0.18556
0.20578
0.22647
0.24296
0.25480
0.26364
0.27702
0.29340
0.30329
0.30649
0.30534
0.30206
0.29983
0.30167
0.30750
0.30807
0.30017
0.28745
0.27015
0.25340
0.23541
0.21405
0.19325
0.17110
0.14735
0.12346
0.10099
0.08158
0.06610
0.05132
0.03363
0.01153
-0.01489
-0.04521
-0.07669
-0.10396
-0.12896
-0.14947
-0.16934
-0.19583
-0.22506
-0.25498
-0.28117
-0.30133
-0.31471
-0.31846
-0.31668
-0.31890
-0.32695
-0.33335
-0.33643
-0.33681
-0.33170
-0.32041
-0.30776
-0.29923
-0.29485
-0.29401
-0.28942
-0.27479
-0.25247
-0.22597
-0.20189
-0.18603
-0.18135
-0.18235
-0.18647
-0.19117
-0.19159
-0.19322
-0.19743
-0.20498
-0.21607
-0.22830
-0.23707
-0.23898
-0.23868
-0.24087
-0.24698
-0.25804
-0.27520
-0.29381
-0.30821
-0.31419
-0.31442
-0.31558
-0.32253
-0.33647
-0.35368
-0.37173
-0.38610
-0.39223
-0.38978
-0.38471
-0.38318
-0.38538
-0.38800
-0.38909
-0.38831
-0.38534
-0.37751
-0.36518
-0.35589
-0.34830
-0.33899
-0.32730
-0.31053
-0.28909
-0.26516
-0.24519
-0.23305
-0.22598
-0.22355
-0.22395
-0.21916
-0.20807
-0.19871
-0.18871
-0.17765
-0.17176
-0.16825
-0.16440
-0.15967
-0.15526
-0.15117
-0.14936
-0.15049
-0.15525
-0.16442
-0.17535
-0.18595
-0.19053
-0.19413
-0.19658
-0.19354
-0.18837
-0.18406
-0.18264
-0.18167
-0.18367
-0.18716
-0.18992
-0.19149
-0.18550
-0.17387
-0.16160
-0.14814
-0.13379
-0.11659
-0.09654
-0.07512
-0.05478
-0.03855
-0.02498
-0.01308
-0.00096
0.01476
0.03602
0.05968
0.08278
0.09929
0.10942
0.11549
0.11715
0.12347
0.13772
0.16109
0.19185
0.22239
0.24825
0.26827
0.27973
0.28531
0.29132
0.30215
0.31711
0.33269
0.35013
0.36310
0.37240
0.38005
0.38580
0.39359
0.39920
0.39634
0.38387
0.36835
0.35446
0.34606
0.34601
0.35341
0.36704
0.38318
0.39352
0.39193
0.38327
0.37456
0.37048
0.37337
0.38008
0.38956
0.39464
0.38554
0.36400
0.33660
0.31362
0.30011
0.29317
0.28580
0.27592
0.26026
0.23795
0.21623
0.19688
0.18516
0.18155
0.17915
0.16864
0.14982
0.12576
0.09942
0.08425
0.08234
0.08722
0.09306
0.09579
0.09574
0.09937
0.11139
0.12765
0.14688
0.17004
0.19048
0.20204
0.20691
0.20898
0.21226
0.21913
0.23321
0.25745
0.28349
0.30425
0.32129
0.33323
0.34567
0.35934
0.36915
0.37903
0.38592
0.38928
0.39413
0.40262
0.41326
0.42000
0.41894
0.41311
0.40322
0.38851
0.37234
0.35513
0.33588
0.31321
0.28830
0.26303
0.24158
0.22228
0.20369
0.18902
0.17262
0.15229
0.12464
0.08957
0.05158
0.01159
-0.02535
-0.05943
-0.09479
-0.13280
-0.17421
-0.21865
-0.26039
-0.29156
-0.31135
-0.31915
-0.31730
-0.31461
-0.31294
-0.31199
-0.31183
-0.30874
-0.30077
-0.28426
-0.26383
-0.24789
-0.23707
-0.23321
-0.22740
-0.21145
-0.18914
-0.15976
-0.12659
-0.09968
-0.08410
-0.08207
-0.08881
-0.09649
-0.10252
-0.10433
-0.10631
-0.11063
-0.12123
-0.14055
-0.15886
-0.17189
-0.17585
-0.17552
-0.17790
-0.18380
-0.19789
-0.21723
-0.23628
-0.24954
-0.25495
-0.25866
-0.26328
-0.27414
-0.29539
-0.32402
-0.35558
-0.38075
-0.39067
-0.38523
-0.37498
-0.36660
-0.36112
-0.35800
-0.35826
-0.36244
-0.36316
-0.35922
-0.35624
-0.36012
-0.37044
-0.38511
-0.39974
-0.40826
-0.40818
-0.40095
-0.39443
-0.38759
-0.37951
-0.36909
-0.35375
-0.34140
-0.32742
-0.30552
-0.28286
-0.26187
-0.24904
-0.24085
-0.23050
-0.22444
-0.21839
-0.21164
-0.20795
-0.20803
-0.21500
-0.22793
-0.24118
-0.25351
-0.26475
-0.27177
-0.27492
-0.27355
-0.26748
-0.26154
-0.25934
-0.25821
-0.26107
-0.26779
-0.27453
-0.27602
-0.26915
-0.25763
-0.24284
-0.23086
-0.21992
-0.20816
-0.19528
-0.17909
-0.16435
-0.15609
-0.15133
-0.14794
-0.14501
-0.13299
-0.11273
-0.08500
-0.05412
-0.02712
-0.00660
0.00396
0.00798
0.01296
0.02752
0.04905
0.07610
0.10571
0.13324
0.15608
0.16770
0.17499
0.18449
0.19612
0.21022
0.22394
0.23704
0.24853
0.25638
0.26232
0.27030
0.28231
0.29170
0.29301
0.28709
0.27785
0.26876
0.26531
0.27262
0.28614
0.30318
0.31782
0.32431
0.32237
0.31396
0.30448
0.29911
0.30069
0.30522
0.30826
0.30473
0.29190
0.27076
0.24944
0.23650
0.23243
0.23613
0.23916
0.23565
0.22688
0.21543
0.20340
0.19344
0.18815
0.18706
0.18493
0.17469
0.15749
0.13427
0.11420
0.10800
0.11049
0.11698
0.12332
0.12795
0.13317
0.14223
0.15715
0.17581
0.19751
0.21890
0.23521
0.24589
0.25389
0.26242
0.27424
0.28963
0.31000
0.33650
0.36451
0.38858
0.40627
0.42258
0.44071
0.45733
0.46805
0.47091
0.46935
0.46642
0.46568
0.47089
0.48073
0.48583
0.48051
0.46730
0.44774
0.42783
0.40712
0.38537
0.36517
0.34190
0.31878
0.29852
0.28057
0.26401
0.24976
0.23711
0.22040
0.20004
0.17608
0.14837
0.11856
0.09013
0.06742
0.04866
0.02817
0.00430
-0.02443
-0.05640
-0.08309
-0.10274
-0.11468
-0.11860
-0.12050
-0.12642
-0.13369
-0.13732
-0.13969
-0.14007
-0.13413
-0.12421
-0.11695
-0.11402
-0.11499
-0.11659
-0.11578
-0.10947
-0.09475
-0.07870
-0.06801
-0.06396
-0.06496
-0.06940
-0.07504
-0.07892
-0.08079
-0.08363
-0.09044
-0.09784
-0.10861
-0.12397
-0.13421
-0.13967
-0.14200
-0.14433
-0.15318
-0.16784
-0.18775
-0.20517
-0.21368
-0.21669
-0.21672
-0.21923
-0.23228
-0.25113
-0.27239
-0.29767
-0.31774
-0.32844
-0.33065
-0.33202
-0.33711
-0.34273
-0.34875
-0.35137
-0.35056
-0.34649
-0.33757
-0.32656
-0.31704
-0.31044
-0.30549
-0.29851
-0.28772
-0.27300
-0.25854
-0.24929
-0.24501
-0.24598
-0.24883
-0.25010
-0.24820
-0.24527
-0.24307
-0.24025
-0.23855
-0.23861
-0.23897
-0.23842
-0.23747
-0.23596
-0.23479
-0.23677
-0.24092
-0.24552
-0.25311
-0.26287
-0.27139
-0.27714
-0.28074
-0.28361
-0.28466
-0.28331
-0.28025
-0.27791
-0.27850
-0.28315
-0.28919
-0.29493
-0.29743
-0.29229
-0.28162
-0.26973
-0.25807
-0.24599
-0.23525
-0.22273
-0.20784
-0.19576
-0.18979
-0.18758
-0.18616
-0.18487
-0.17722
-0.16227
-0.13935
-0.11309
-0.09207
-0.07657
-0.06711
-0.05759
-0.04428
-0.02472
0.00537
0.03884
0.07090
0.10126
0.12314
0.13581
0.14442
0.15209
0.16400
0.17880
0.19390
0.20678
0.21529
0.22233
0.22645
0.23033
0.23704
0.24202
0.23868
0.22864
0.21621
0.20225
0.19491
0.19858
0.20984
0.22422
0.23852
0.24683
0.24342
0.23303
0.22169
0.21317
0.21417
0.22023
0.22522
0.22732
0.21812
0.19780
0.17188
0.15009
0.13795
0.13463
0.13428
0.12918
0.12030
0.10502
0.08813
0.07605
0.07103
0.07426
0.07878
0.07610
0.06490
0.04581
0.02574
0.01750
0.01845
0.02633
0.03735
0.04553
0.05368
0.06449
0.08016
0.09732
0.11745
0.14263
0.16294
0.17597
0.18511
0.18733
0.18856
0.19486
0.20840
0.23356
0.26063
0.28274
0.30167
0.31656
0.33349
0.35169
0.36573
0.37568
0.38065
0.38336
0.38783
0.39860
0.41163
0.41834
0.41856
0.41334
0.40528
0.39685
0.38785
0.37933
0.36908
0.35317
0.33321
0.31434
0.29780
0.28391
0.27133
0.25673
0.23994
0.21176
0.17534
0.14012
0.10342
0.07249
0.04890
0.02845
0.00728
-0.02088
-0.05466
-0.08913
-0.11774
-0.13709
-0.15118
-0.15639
-0.15462
-0.15526
-0.15853
-0.16414
-0.16523
-0.16438
-0.16045
-0.14759
-0.13447
-0.12716
-0.12915
-0.13470
-0.13667
-0.12789
-0.10802
-0.08432
-0.05955
-0.04011
-0.03058
-0.02831
-0.02896
-0.02701
-0.01978
-0.01451
-0.01215
-0.01495
-0.02806
-0.04717
-0.06492
-0.07387
-0.07467
-0.07289
-0.07878
-0.09489
-0.11745
-0.14377
-0.16790
-0.18463
-0.19156
-0.19654
-0.20221
-0.21219
-0.22917
-0.25015
-0.27150
-0.28396
-0.28717
-0.28545
-0.28490
-0.28486
-0.28434
-0.28417
-0.28312
-0.27992
-0.26942
-0.25784
-0.24798
-0.23943
-0.23459
-0.23174
-0.22766
-0.22029
-0.21025
-0.19878
-0.19104
-0.18618
-0.18434
-0.18359
-0.18276
-0.18376
-0.18177
-0.17716
-0.17234
-0.16934
-0.16500
-0.15796
-0.14929
-0.14001
-0.13377
-0.13040
-0.12897
-0.12916
-0.13169
-0.13604
-0.13888
-0.14197
-0.14552
-0.14920
-0.15163
-0.15229
-0.15297
-0.15010
-0.14723
-0.14850
-0.15608
-0.16859
-0.18305
-0.19504
-0.20183
-0.20503
-0.20851
-0.21246
-0.21765
-0.21888
-0.21285
-0.20432
-0.19560
-0.18971
-0.18743
-0.18349
-0.17209
-0.15307
-0.12223
-0.08675
-0.04923
-0.01806
0.00367
0.01972
0.03151
0.04774
0.07162
0.09992
0.13517
0.17107
0.20397
0.22874
0.24516
0.25832
0.26764
0.27975
0.28842
0.29714
0.30422
0.31202
0.31611
0.31897
0.31979
0.32236
0.32003
0.31257
0.29789
0.28333
0.27454
0.26964
0.27645
0.29174
0.31115
0.32246
0.32657
0.31738
0.30373
0.27977
0.26362
0.25070
0.24762
0.24779
0.25045
0.24502
0.23592
0.21873
0.20272
0.19491
0.18546
0.17897
0.15660
0.13223
0.09142
0.05830
0.01615
-0.00393
-0.02803
-0.03142
-0.05531
-0.06354
-0.09297
-0.10582
-0.00130
