sample-data.txt   1 channel (mono)
Sample Rate: 22050 Hz. Sample values on linear scale.
Length processed: 9184 samples 0.41651 seconds.


-0.00262
-0.00478
-0.00758
-0.13360
-0.21683
-0.19343
-0.19344
-0.21851
-0.27487
-0.31981
-0.34697
-0.34638
-0.32217
-0.30657
-0.30550
-0.31434
-0.36067
-0.38310
-0.36290
-0.32453
-0.30760
-0.32026
-0.36892
-0.43043
-0.42573
-0.36662
-0.28456
-0.25166
-0.23234
-0.24988
-0.28892
-0.29569
-0.28910
-0.27417
-0.27142
-0.25511
-0.24557
-0.24137
-0.23050
-0.22077
-0.22157
-0.20041
-0.16050
-0.15885
-0.17381
-0.15981
-0.15972
-0.20078
-0.22749
-0.20795
-0.17651
-0.19179
-0.18395
-0.16078
-0.16702
-0.16093
-0.17369
-0.22011
-0.26471
-0.27357
-0.25638
-0.23957
-0.22018
-0.19199
-0.16065
-0.12709
-0.12288
-0.14318
-0.15574
-0.15505
-0.13713
-0.10708
-0.06575
-0.01732
0.02482
0.04183
0.03651
0.02480
0.02295
0.04960
0.11432
0.16440
0.14317
0.09145
0.07956
0.09012
0.08209
0.08294
0.09724
0.09063
0.07738
0.08331
0.06663
0.00660
-0.03774
-0.03949
-0.03237
-0.02396
-0.02350
-0.06013
-0.11235
-0.13250
-0.12805
-0.12281
-0.11014
-0.11037
-0.13357
-0.12015
-0.05899
-0.03746
-0.06311
-0.04522
0.01072
0.02441
0.01715
0.05253
0.10190
0.11413
0.10285
0.09580
0.09878
0.11764
0.14227
0.15096
0.15358
0.17571
0.21007
0.22577
0.20945
0.18188
0.18311
0.23580
0.31450
0.37181
0.39315
0.40105
0.40436
0.38345
0.34776
0.34741
0.38628
0.40622
0.40500
0.44422
0.50444
0.50255
0.45549
0.43654
0.43000
0.40124
0.38564
0.38973
0.37054
0.34721
0.36208
0.38761
0.40027
0.42296
0.44268
0.43448
0.42699
0.41816
0.35725
0.27812
0.26112
0.27972
0.27076
0.25143
0.24058
0.21671
0.19108
0.18194
0.17224
0.17225
0.20382
0.21969
0.17885
0.14608
0.17963
0.21872
0.20154
0.17082
0.17802
0.20310
0.20388
0.17734
0.17138
0.21237
0.23710
0.19246
0.13695
0.14415
0.21031
0.28889
0.33082
0.32642
0.31459
0.31320
0.31201
0.32255
0.35005
0.36381
0.34623
0.33740
0.38631
0.45644
0.47345
0.46103
0.48131
0.52015
0.54689
0.55508
0.54123
0.52323
0.50506
0.47788
0.49351
0.57308
0.63410
0.64649
0.65343
0.63480
0.54993
0.42652
0.33107
0.30846
0.33069
0.33291
0.31092
0.28525
0.25028
0.21349
0.17022
0.10742
0.05327
0.03237
0.02749
0.02185
0.00120
-0.03466
-0.05481
-0.06303
-0.07153
-0.05221
-0.01629
-0.01202
-0.03285
-0.06327
-0.09950
-0.08848
-0.03185
-0.00838
-0.01934
-0.01075
0.02107
0.04881
0.05629
0.04430
0.05093
0.08004
0.09156
0.10573
0.15220
0.20184
0.21616
0.21951
0.22655
0.21458
0.16084
0.09662
0.09550
0.14449
0.18596
0.18852
0.16465
0.11505
0.05624
-0.00447
-0.06986
-0.09071
-0.06134
-0.01519
0.01388
-0.02734
-0.17114
-0.25388
-0.20625
-0.20562
-0.27937
-0.31068
-0.28589
-0.28953
-0.31188
-0.28791
-0.25192
-0.33223
-0.43979
-0.41549
-0.38297
-0.43383
-0.40726
-0.14746
0.06396
-0.04201
-0.10650
0.13667
0.21413
-0.05404
-0.15749
0.04602
0.25620
0.28462
0.25556
0.25343
0.19841
0.10820
0.12665
0.24710
0.29985
0.32552
0.34350
0.15997
-0.19960
-0.15788
0.20001
0.08910
-0.20311
-0.02307
0.17999
-0.11050
-0.37668
-0.23738
-0.03004
-0.12209
-0.32070
-0.22629
-0.06839
-0.13680
-0.30069
-0.30510
-0.28585
-0.41144
-0.41458
-0.23886
-0.19620
-0.32619
-0.26863
-0.18745
-0.18664
-0.18255
-0.21734
-0.22427
-0.28260
-0.25964
-0.13303
-0.17592
-0.41430
-0.36314
-0.23779
-0.34502
-0.25779
-0.03172
-0.07778
-0.35264
-0.40134
-0.19431
-0.02988
-0.17206
-0.56909
-0.59610
-0.07309
0.23109
-0.06045
-0.17300
-0.01828
-0.03904
-0.07054
-0.21397
-0.19866
0.12224
0.26677
-0.02718
-0.38856
-0.53169
-0.25261
0.20617
0.37578
0.44232
0.38662
-0.01958
-0.56846
-0.65161
-0.14085
0.13067
-0.30850
-0.46067
0.14133
0.49256
0.00496
-0.63235
-0.78548
-0.12566
0.21578
-0.16056
-0.44932
-0.25248
0.15759
0.30390
0.04986
-0.44496
-0.93345
-0.95793
-0.08387
-0.18645
-1.02157
-0.87003
0.33535
0.78990
-0.28880
-1.01036
-0.93586
-0.57162
-0.38565
-0.19671
-0.09095
-0.82423
-0.39703
0.07122
-0.82531
-1.12150
0.06400
0.87952
-0.23240
-0.91663
-1.00926
-1.05823
-0.70256
0.17374
-0.27779
-0.39365
0.20224
-0.56574
-1.07476
-0.90980
0.33679
0.95350
-0.04491
-0.95427
-1.02157
-0.93705
-0.33105
0.64995
1.02847
0.38240
-0.72767
-1.09224
-0.50162
0.83160
0.57924
-0.80216
-0.33024
0.71206
0.02271
-0.86627
-0.56262
-0.29523
-0.58836
-1.04966
-0.64061
0.00415
-0.57628
-1.07874
0.14516
0.68587
-0.62287
-1.12325
0.11704
1.00217
-0.35559
-1.07643
-0.96941
-0.16695
0.57539
-0.56892
-1.02648
-1.05361
-0.59622
0.24437
0.63536
0.01654
-0.87893
-1.11155
-0.32520
0.86809
0.04890
-1.03148
-0.31082
0.60516
0.00464
-0.72726
-0.05904
0.63845
0.04890
-0.92064
-1.04855
0.08508
1.13149
0.75479
0.09125
-0.24091
-0.84671
-1.02990
0.14098
1.22247
0.00527
-1.07079
-0.99141
-0.01960
0.54108
-0.45181
-0.08291
0.80663
0.31344
-0.88135
-0.90025
-0.07141
0.67891
0.91558
0.21376
-0.78333
-1.06890
-0.87133
0.24039
1.06761
0.42021
-0.62479
-0.86901
0.33978
1.05265
0.16138
-1.02094
-0.35736
0.78117
0.43174
-0.11681
0.36318
0.35791
-0.54972
-0.54389
0.34498
0.40769
-0.10199
0.16581
0.75294
0.51812
0.28638
0.58611
0.48649
-0.27097
-0.76419
-0.29402
0.51261
0.88390
0.66716
-0.00421
-0.75291
0.01665
1.00743
0.98377
0.03191
-0.58557
0.40466
1.05615
0.29250
-0.61321
-0.33741
0.44075
1.00182
0.80991
-0.05134
-0.63865
-0.57478
0.13795
0.72961
0.47630
-0.15651
-0.51129
-0.77106
-0.26437
0.77106
1.09729
0.31877
-0.87821
-0.62120
0.39425
0.48080
0.00004
-0.18958
-0.33354
-0.19159
0.64756
1.03683
0.05093
-0.93543
-1.00964
-0.51737
0.54240
0.88451
0.00217
-0.98087
-0.69827
0.49511
0.22945
-0.94787
-0.76127
0.57534
1.04405
0.11181
-0.96424
-0.75574
0.59459
1.14289
0.50515
-0.69053
-0.14977
1.06755
0.49082
-0.01417
0.74117
1.08646
0.20602
0.18463
1.01244
0.77293
-0.67590
-0.67025
0.70819
1.11279
0.60629
-0.34968
-0.68640
0.08556
0.96210
1.05695
0.14577
-0.99875
-0.75212
0.40824
1.15273
0.37139
-0.86336
-1.04006
-0.59460
0.71721
0.67935
-0.60168
-1.07607
-0.61389
0.41833
0.44301
-0.50423
-0.63407
0.02753
0.00170
-0.17805
0.19841
0.08870
-0.33331
-0.52882
-0.65284
-0.30315
0.50702
0.81549
0.26071
-0.64535
-0.78076
-0.08693
0.40071
0.85195
1.04715
0.35387
-0.60930
-0.15557
-0.33991
-0.48505
0.58200
1.08234
0.60779
-0.39858
-0.06657
0.87272
0.14131
-0.96079
0.17743
1.06044
0.96794
0.03208
-1.15117
-0.70122
0.61452
1.07712
0.16050
-0.79151
-0.22576
0.91826
0.88947
-0.58619
-0.83253
0.77939
0.93165
-0.10077
-0.36095
0.37043
-0.10791
-1.03464
-0.64464
0.56907
0.52442
-0.13695
-0.15976
-0.29733
-0.18634
0.34814
-0.08501
-0.90277
0.01696
1.02945
0.71035
-0.62274
-1.08193
-0.46033
0.19700
0.65552
0.90176
0.42612
-0.19730
-0.07753
0.08977
-0.12417
-0.12917
0.41480
0.92801
0.82848
0.36451
0.29852
0.12683
-0.47556
-0.61552
0.49072
1.02972
0.92260
0.22058
-0.64713
-0.76722
-0.42674
0.61163
1.02674
0.71770
-0.27290
-0.56757
0.11817
0.82250
0.58631
-0.48998
-1.05661
-0.96292
0.10442
1.08755
0.56660
-0.79655
-1.07049
0.03662
0.70897
-0.32635
-0.93580
-0.41668
-0.15880
-0.28702
0.36823
0.29498
-0.78340
-1.09978
-0.58624
0.71081
1.07351
0.25882
-0.82086
-1.02000
-0.10334
0.95226
0.98633
-0.15913
-1.07007
-0.66037
0.62054
1.02341
-0.19556
-0.25095
0.91136
1.02756
-0.03383
-0.70310
-0.14385
-0.28747
-0.16757
0.78057
1.01555
0.04028
-0.31356
0.49300
0.63559
0.39565
0.68759
0.38561
-0.77466
-0.90253
0.07646
0.39228
-0.49612
-0.84625
-0.21736
0.76136
0.53409
-0.58425
-1.05027
-0.79721
0.53269
1.15679
0.51953
-0.42818
-0.97606
-0.86301
-0.31541
-0.18501
-0.73551
-0.78401
-0.15904
0.24263
0.30299
0.38825
-0.04861
-0.75050
-0.65817
0.27514
0.53907
0.17156
-0.15158
-0.57384
-0.94534
-0.13227
1.00218
0.52713
-0.87835
-0.55799
0.91228
1.02563
1.04479
0.60351
-0.08830
-0.72176
-0.64182
0.42350
0.75628
0.14463
-0.41808
0.15186
0.88802
1.07155
0.46451
-0.14858
0.44976
0.97548
0.32719
-0.08695
0.42048
0.52898
-0.27112
-0.61108
-0.24757
-0.24241
-0.47782
-0.02197
0.36050
-0.25250
-0.84610
-0.06392
1.00954
0.82409
-0.08979
-0.00612
0.72379
-0.10960
-1.04913
-0.70246
0.68141
0.56465
-0.91934
-0.91290
0.14413
0.87567
0.05661
-0.77701
-1.05505
-0.34234
0.80040
1.02135
0.87454
-0.35262
-1.12391
-0.72232
0.17496
0.20252
-0.78501
-0.37817
0.73137
0.49560
-0.43925
-0.15990
0.69925
0.58038
-0.30461
-0.29155
0.21731
-0.19429
-0.77661
-0.33743
0.25733
0.25419
0.44527
0.31193
-0.57162
-1.14777
-0.30822
0.79800
0.57860
0.11577
0.38237
0.62582
0.28073
-0.08913
0.03225
-0.17268
-0.78825
-1.10164
-0.66889
0.15051
0.04642
-0.07444
0.38165
0.03896
0.06345
0.74717
1.05747
0.29232
-0.95886
-1.05149
-1.04386
-0.30126
0.67865
0.07394
-0.87787
-1.11590
-0.20113
0.73464
0.55622
-0.16184
-0.54938
-0.23704
-0.38031
-0.89306
-1.06118
-0.67756
0.02740
0.39262
0.45991
-0.13036
-0.42457
0.59425
0.89838
0.06495
-0.36536
-0.37969
0.16692
0.40937
-0.11454
-0.88327
-0.34061
0.96189
0.71625
-0.20564
0.24336
0.84561
-0.12852
-0.92608
-0.57763
0.16637
0.44108
0.07981
-0.24851
0.04836
0.21303
0.31875
0.45968
0.43934
-0.06586
0.17859
0.21400
-0.18359
0.59789
1.05719
0.71176
-0.56036
-0.27693
0.10634
-0.88233
-0.99430
0.10301
0.48301
-0.78391
-0.95737
0.36302
1.07609
0.90069
0.70962
-0.05490
-0.73840
-0.55662
0.23437
0.83907
0.21450
-0.29466
0.63089
1.08719
0.18759
-0.27978
0.58600
0.43074
-0.82781
-0.11803
1.07177
0.38951
-0.44042
0.46502
0.37000
-0.76952
-1.07613
-0.07457
1.02565
0.42337
-0.56697
-0.91333
-0.47487
-0.15678
0.48495
1.11580
0.44814
-0.90616
-0.90116
0.11117
1.04539
0.42239
-0.83656
-1.05278
-0.65883
0.63159
1.15798
0.32849
-0.92905
-0.87631
0.21506
-0.14685
-0.96238
0.23524
1.17990
0.51178
-0.90099
-0.87444
0.16397
-0.37671
-1.12882
-0.30209
1.01861
0.00830
-0.81833
0.42764
1.06398
0.14794
-0.83146
-0.99217
-0.65135
0.51923
1.02717
-0.14186
-1.07461
-0.37858
0.69975
0.36688
-0.71534
-0.70072
0.55356
1.09812
0.46444
0.20821
0.44795
-0.15983
-0.37867
0.04592
-0.11672
-0.40499
-0.43218
-0.14701
0.00550
0.10513
-0.12757
-0.18636
0.04061
-0.22512
-0.10602
0.66374
0.71181
0.11189
-0.22692
-0.50684
-0.98214
-0.61748
0.45624
0.51513
-0.04689
-0.05876
0.26972
-0.11471
-0.92694
-0.95321
-0.10743
-0.01686
-0.86962
-0.90920
0.36584
1.08826
0.79996
-0.03744
-0.93735
-1.00201
-1.02443
-0.55805
0.36654
0.70877
0.07702
-0.20231
0.55643
0.97588
-0.01761
-0.70322
0.25575
1.09958
0.53721
-0.86400
-0.96448
0.09875
0.45144
0.33354
0.39136
-0.18798
-1.04610
-0.69555
0.59270
1.04617
0.34648
-0.26867
-0.01784
0.47154
0.46402
0.17752
0.22993
-0.08383
-0.54525
0.09549
0.75906
0.39663
-0.38974
-0.02539
0.92236
0.99176
-0.03472
-1.17242
-0.50599
0.66802
0.96302
0.42229
-0.32074
-0.95040
-0.74295
0.54056
0.99318
0.95741
-0.12271
-1.15771
-0.89256
-0.26392
0.24744
0.68046
1.05231
0.66917
-0.08671
-0.13182
0.53394
0.64833
-0.11738
-0.98838
-0.79490
0.57995
0.90173
0.25264
0.69582
1.09990
0.25435
-0.93619
-0.48859
0.65917
1.02913
0.71683
-0.46504
-0.68269
0.44270
0.95984
0.91278
1.02137
0.57485
-0.40821
-0.18024
0.03399
0.17325
0.88278
1.00894
0.86536
-0.04787
-0.45018
-0.39783
-0.42987
0.28096
0.65949
0.08255
-0.19832
-0.00254
0.14868
0.07531
-0.35688
-0.78072
-0.55958
0.10315
0.34432
0.73054
0.50517
-0.17229
-0.07841
-0.05943
-0.86658
-1.00133
0.36697
1.07053
0.94876
0.45789
-0.31777
-0.45508
-0.05092
0.07634
-0.08396
0.13738
0.91102
0.68463
-0.53691
-0.34389
0.64338
0.45766
-0.70651
-1.03592
-0.18881
0.97670
0.72996
-0.01663
0.44903
0.54742
-0.41742
-1.03132
-0.78860
-0.10283
0.58360
0.61774
0.00756
-0.94717
-0.15057
0.94605
1.11712
0.28807
-0.59002
0.14026
0.30984
0.23066
0.17066
0.06941
-0.10785
-0.29264
-0.34599
-0.34211
-0.14148
0.10933
0.51431
0.61775
0.41526
0.30422
0.18368
-0.30306
-0.81127
-0.65714
-0.08334
0.32170
0.84766
0.22370
-0.88270
-1.00845
-0.20438
0.18813
-0.30749
-0.44685
0.07699
0.64345
0.25663
-0.38827
-0.57467
0.10979
-0.06516
-0.92048
-0.94750
0.25359
0.96058
-0.20735
-1.05268
-0.57482
0.49022
1.02778
0.54501
-0.62703
-0.97339
0.11459
0.95321
-0.11290
-1.05915
-0.39021
0.72935
0.67463
0.30628
0.32816
-0.33048
-0.50520
0.29602
0.93729
0.33619
-0.76163
-0.58606
0.43666
0.50216
0.09701
0.49076
0.84518
0.12985
-0.29775
0.19112
0.26170
-0.47210
-0.41236
0.57446
0.71570
0.21471
0.14716
0.26218
-0.22452
-0.63420
-0.00943
0.43294
-0.33964
-1.03457
-0.82503
-0.13201
0.19285
0.19257
0.38218
0.24278
-0.38885
-0.86462
-0.28374
0.67866
0.35260
-0.31737
-0.04419
0.32372
0.02837
-0.04678
0.23194
-0.10260
-0.62509
0.06334
0.91388
1.02020
0.79079
-0.43805
-0.93028
-0.30930
-0.19557
0.06290
0.76569
0.13797
-1.02173
-0.70134
0.29080
0.41594
-0.13885
0.19440
0.93651
0.87986
0.27875
-0.19874
-0.42323
-0.60010
0.00945
0.81740
0.99399
0.57111
-0.45904
-0.82710
-0.48217
0.04115
0.16113
0.05565
0.02855
-0.07673
-0.15031
-0.21565
-0.72631
-0.74733
0.06311
0.60096
0.06269
-0.68045
0.30286
1.00550
0.96440
0.17742
-0.95995
-0.92444
0.15057
0.72445
0.23491
0.11511
0.27894
-0.05190
-0.03716
0.44529
-0.04326
-0.74631
-0.25786
0.73974
0.83897
0.47817
-0.40290
-1.01546
-0.84869
0.02598
0.65400
-0.05951
-0.80273
-0.34322
0.86860
0.95001
-0.12402
-0.53719
0.28414
0.64154
0.30836
-0.36463
-0.69345
-0.21627
0.36537
0.63747
0.16628
-0.79746
-1.06834
0.03782
1.06486
0.65346
-0.45733
-0.92619
-0.16294
0.35924
0.24448
-0.30831
-0.94803
-1.01918
-0.80012
0.73639
0.87867
-0.50974
-1.12720
-0.22471
1.10947
0.58026
-0.66143
-0.55687
0.57158
0.89167
0.35247
-0.61714
-0.99957
-0.73083
0.23255
0.57508
-0.09434
-0.78976
-0.67352
0.33692
0.97438
0.37916
-0.69598
-0.94881
-0.30499
0.40233
0.25267
-0.29071
-0.54177
-0.04413
0.25224
0.71048
-0.05382
-1.00562
-0.90223
-0.09079
0.89938
0.33170
-0.36120
-0.38277
0.10436
-0.04872
-0.50522
-0.41237
-0.21397
-0.72575
-0.67371
0.56412
0.99781
0.40293
0.13286
-0.16031
-0.65147
0.06424
1.06556
0.64654
-0.64884
-0.36221
0.86518
0.46909
-0.66426
-0.33843
0.43644
-0.09131
-0.45479
0.07140
0.19384
-0.17118
-0.14497
0.56694
0.62387
-0.51590
-1.06356
-0.45423
0.37192
1.01052
0.87680
-0.03683
-0.80846
-0.41166
0.38524
0.07381
-0.29623
-0.00426
0.06830
-0.06513
0.53927
1.18476
0.55281
-0.68891
-0.42173
0.46563
-0.19052
-0.58860
0.48751
1.16523
0.69984
0.43492
0.43129
-0.28978
-0.79111
-0.12673
0.80202
1.03894
0.03922
-0.99532
-0.67772
0.16760
0.96126
0.63110
-0.65349
-1.05176
-0.03411
1.01068
0.21672
-1.00912
-0.93287
0.39008
0.98913
-0.16025
-0.79770
0.05788
0.85226
0.43525
-0.38475
-0.67851
-0.54297
-0.33834
0.01500
0.29894
0.07851
-0.29161
0.15283
0.90351
0.76016
0.14785
0.43679
0.45469
-0.20784
-0.11612
0.33336
0.71101
-0.15060
-1.02667
-1.02387
-0.47453
0.32261
0.63172
0.25682
-0.68568
-0.73834
0.19168
0.71735
-0.05871
-0.09582
0.73747
1.06412
0.18095
-1.07018
-0.79860
0.08731
0.44869
-0.00043
-0.28279
-0.36338
-0.73175
-0.80029
0.10493
0.69407
-0.10892
-0.87953
-0.46297
0.60774
0.18727
-0.83299
-1.01631
-0.39369
0.09427
-0.60782
-1.15342
-0.81660
-0.02500
0.36367
0.19434
-0.53898
-1.09629
-0.84820
0.10265
0.70249
0.48386
0.28597
0.17396
-0.19057
-0.96820
-0.93534
0.01023
0.64417
0.54265
0.40805
-0.10870
-0.53401
0.24287
1.00795
0.63565
-0.37162
-0.35606
0.17587
0.57859
0.21098
-0.41069
0.31034
0.91593
0.18265
-0.30087
0.53733
1.01509
0.91213
0.19513
-0.30505
-0.06862
0.05184
0.05426
-0.11160
-0.15377
-0.36384
-0.41073
0.04762
0.05473
-0.73392
-1.02390
0.21453
1.02455
0.09567
-0.40155
-0.26738
-0.11396
0.18411
0.33151
0.12490
-0.36776
-0.43130
0.15496
0.31157
-0.24868
-0.22388
0.43514
0.62059
-0.30427
-0.54852
0.68926
1.00943
-0.09041
-0.83393
-0.56441
0.03625
-0.05272
-0.39381
-0.13835
0.16339
0.11441
0.42294
0.96714
0.20945
-0.92767
-0.60173
0.63875
0.92573
0.01713
-0.60723
0.24294
1.02680
0.31258
-0.61394
-0.28473
0.76525
1.11047
0.83676
-0.19837
-0.63827
0.02738
0.62669
0.27569
-0.12447
0.38936
0.88917
0.64215
-0.03074
-0.05479
0.38016
0.70756
0.06958
-0.88865
-0.72775
0.32333
0.48842
-0.35548
-0.37253
0.36895
0.30341
-0.69426
-0.99368
-0.01994
0.80725
0.05463
-0.60873
0.11358
0.76292
0.26236
-0.70827
-0.43361
0.70547
0.81181
-0.08930
-0.89590
-0.92675
-0.03875
0.77220
0.35375
-0.47139
-0.35784
0.51450
0.78215
0.15455
0.43334
1.07057
1.07741
0.21955
-0.58924
0.12853
0.85959
0.40964
-0.56053
-0.55196
0.10288
0.48516
0.31654
-0.45989
-0.83230
0.18054
0.82535
0.07794
0.03680
0.80511
0.70667
-0.47146
-0.93523
-0.11747
0.46463
-0.00861
-0.42591
-0.47617
0.12899
0.86821
1.02030
0.62738
-0.45406
-0.71689
-0.02152
0.08918
-0.57070
-0.41667
0.29632
0.37323
-0.30396
-0.47332
-0.04267
0.00205
0.17816
0.44018
0.27481
-0.43903
-0.70954
-0.25702
-0.01452
-0.13464
-0.15470
-0.16404
-0.12576
0.05326
-0.20877
-0.70926
-0.78694
-0.52919
-0.08022
0.42164
0.94334
0.80531
0.00993
-0.19984
0.20730
0.45933
0.32773
-0.04432
-0.52101
-0.20627
0.70277
0.97285
0.35814
-0.41028
-0.28841
0.26286
0.27791
-0.42531
-0.39925
0.15169
-0.49270
-1.15059
-0.87135
-0.23463
-0.57357
-1.10444
-0.47450
0.32605
0.11681
-0.73393
-0.93816
-0.36283
0.22783
0.25760
-0.13792
-0.50443
-0.55573
-0.05777
0.50649
-0.19313
-1.10494
-0.76896
0.50997
0.88461
-0.00134
-0.50895
-0.21061
0.29646
0.03555
-0.41733
-0.11176
0.67843
0.68522
0.13721
-0.35754
-0.92583
-0.58534
0.53436
0.56007
-0.54089
-0.41867
0.85135
0.85252
-0.52156
-0.97837
0.00756
0.39010
-0.26958
-0.46152
0.30987
0.70311
0.15756
-0.11027
-0.09186
-0.09800
0.00156
0.31778
0.33253
-0.09928
-0.02048
0.31227
0.01278
-0.50140
-0.31336
0.42374
0.69093
-0.03979
-0.53995
-0.05005
0.32263
-0.05389
-0.46560
-0.74549
-1.01518
-0.61128
0.40747
0.12358
-0.91697
-0.88731
-0.07031
0.46095
0.10932
-0.36685
-0.65427
-0.53625
-0.36436
-0.44982
-0.43322
-0.18159
-0.44759
-0.78380
-0.28626
0.43282
0.36937
-0.32632
-0.60526
-0.10297
0.69846
0.67391
-0.07518
-0.61464
-0.32027
0.23150
0.47683
-0.15704
-0.66258
0.09314
0.92065
0.11928
-0.44808
0.61351
1.19013
0.59038
-0.46616
-0.15828
0.48166
0.51654
0.54586
0.60933
0.25333
-0.18019
0.04386
0.22681
0.12142
0.23191
0.46680
0.17282
-0.09243
0.42324
0.92663
0.29168
-0.63489
-0.67507
-0.03670
0.39641
0.43552
0.22002
-0.08242
-0.35545
-0.50941
-0.58517
-0.43855
-0.20683
-0.16648
0.04657
0.12707
-0.29158
-0.66409
-0.65341
-0.57138
-0.18786
0.25949
0.13259
-0.11012
0.08747
0.10697
-0.28045
-0.24962
-0.01512
-0.25001
-0.44190
0.01008
0.48191
0.21084
-0.00448
0.06953
-0.08972
-0.07268
0.18546
0.01308
0.00811
0.60470
0.50046
-0.26096
-0.26976
0.22415
-0.03855
-0.40516
-0.04066
0.42703
0.20969
-0.22435
-0.37939
-0.24054
0.10154
0.20712
-0.26619
-0.67375
-0.24384
0.24531
0.16366
-0.45060
-0.75634
-0.34245
0.16066
0.07034
-0.12596
0.15162
0.16383
-0.38055
-0.47986
0.31955
0.75966
0.41165
-0.05393
-0.03908
0.35599
0.38304
0.02742
-0.05416
0.09408
-0.33986
-0.86395
-0.42982
0.21995
0.27349
-0.05286
-0.34114
-0.48286
-0.33078
-0.20640
-0.50336
-0.93966
-0.93046
-0.23180
0.22516
-0.11197
-0.88233
-0.91871
0.06944
0.55260
-0.34380
-0.95354
-0.08771
0.65538
0.07518
-0.57654
-0.12621
0.44193
0.34140
0.03641
0.05727
0.24956
0.38792
0.39851
0.01055
-0.37298
-0.17627
0.26884
0.12879
-0.23315
-0.28178
-0.60538
-1.02737
-0.73925
-0.06604
-0.02046
-0.30699
-0.54023
-0.64556
-0.39097
0.17109
0.53406
0.27837
-0.57018
-0.59313
0.51851
1.03751
0.66122
-0.01887
0.11040
0.37922
0.00695
-0.16757
0.36757
0.73084
0.47753
0.46328
0.71228
0.68192
0.40484
0.31160
0.44086
0.67285
0.66922
0.55962
0.54271
0.38846
0.17502
0.28380
0.30492
0.05745
0.01116
0.26819
0.46637
0.45723
0.43042
0.50651
0.78178
0.92481
0.82306
0.69147
0.55924
0.40487
0.33668
0.29601
0.12263
0.05315
0.33643
0.61562
0.61544
0.30880
-0.01491
-0.10030
-0.12164
-0.01163
0.10179
0.08940
-0.06110
-0.08892
-0.03204
-0.05359
-0.18120
-0.57110
-0.65969
-0.45066
-0.49349
-0.68954
-0.53486
-0.24230
-0.29691
-0.58891
-0.74875
-0.57502
-0.19732
-0.10376
-0.43210
-0.78533
-0.65500
-0.18266
-0.11327
-0.10338
0.22052
0.56271
0.32011
-0.24508
-0.44725
-0.20735
0.08511
-0.05155
-0.30919
-0.29964
0.03571
0.31016
0.16225
-0.15114
-0.23338
0.01262
0.32325
0.12360
-0.39964
-0.41487
0.13961
0.19413
-0.51847
-0.69616
0.04270
0.63876
0.30230
-0.23393
-0.51114
-0.75634
-0.67753
-0.39543
-0.24197
-0.20489
0.00660
-0.00117
-0.55552
-0.98178
-0.53981
0.34573
0.39520
-0.23161
-0.53035
-0.45945
-0.10960
0.55213
0.72034
-0.07065
-0.72271
-0.38920
0.15073
0.05208
-0.28641
-0.11676
0.38198
0.07964
-0.73454
-0.61843
0.27338
0.34572
-0.55725
-0.92372
-0.56542
0.02308
-0.24734
-0.85267
-0.95253
-0.36338
0.43971
0.03681
-0.35154
0.01371
0.12991
-0.39789
-0.49431
0.57177
0.82438
-0.39742
-1.09038
-0.30059
0.80944
0.54886
-0.02926
-0.13444
-0.24859
-0.29219
0.20294
0.30567
-0.18722
0.24634
0.99246
0.54201
-0.61374
-0.62278
0.23664
0.48761
-0.05224
0.03221
0.60995
0.43727
-0.31597
0.03124
0.95465
0.69141
-0.21091
-0.35382
0.43316
0.47642
-0.26936
-0.47834
0.26898
0.58364
-0.04794
-0.19311
0.33822
0.69659
0.35936
-0.25125
-0.49049
0.12745
0.74277
0.08249
-0.67537
-0.14930
0.64068
0.39111
-0.11151
-0.22144
-0.13998
0.06326
0.40948
0.24461
-0.56549
-1.03363
-0.23204
0.89462
0.41776
-0.82045
-0.52248
0.75355
0.49173
-0.52076
-0.46786
-0.30040
-0.75651
-0.46966
0.59418
0.79166
0.01856
-0.44804
-0.22763
-0.13117
-0.73437
-0.89449
0.06917
0.66384
0.09353
-0.17179
0.19261
-0.11241
-0.79327
-0.75411
-0.17933
-0.00318
-0.27345
-0.55310
-0.06369
0.50269
-0.01226
-0.90925
-0.65511
0.24611
0.43376
0.13861
-0.34575
-0.60602
-0.29649
0.26534
0.45879
0.24395
-0.14281
-0.39162
0.05168
0.48219
0.03345
-0.56158
-0.72943
-0.82483
-0.75229
0.08330
0.77830
0.29471
-0.63512
-0.75933
0.12698
0.76272
0.12120
-0.85583
-0.56603
0.41936
0.05746
-0.98411
-0.95454
0.08260
0.79310
0.27093
-0.33830
-0.68248
-0.59969
-0.13406
0.24565
-0.08573
-0.84303
-0.84473
-0.25018
0.26234
0.35988
0.08815
-0.50597
-0.94569
-0.79829
0.00046
0.59801
0.20353
-0.59422
-0.24048
0.65055
0.70744
-0.02587
-0.65851
-0.92254
-0.47743
0.45643
0.25696
-0.57549
-0.24009
0.52343
-0.28225
-1.03644
-0.80059
-0.17486
-0.28325
-0.79064
-0.44455
0.20955
0.45575
-0.05116
-0.74273
-0.92767
-0.05246
0.81249
0.37303
-0.87778
-0.67952
0.63988
1.12500
0.68001
-0.48527
-1.04091
-0.63717
0.48855
1.01308
0.10371
-0.60091
-0.45769
-0.09122
0.04093
0.54568
1.01156
0.50992
-0.49873
-0.28880
0.79411
0.57837
-0.63876
-0.92024
-0.55170
-0.33097
0.47676
1.07705
0.06459
-1.00678
-0.16451
1.00332
0.52943
-0.25189
0.23924
0.83452
0.74910
0.46995
0.68277
0.69982
-0.00307
-0.59397
-0.00988
0.44357
-0.33525
-0.28525
0.82034
0.71356
-0.07930
0.54863
1.21946
0.58795
-0.42606
-0.03933
0.87498
0.79669
0.42691
0.17997
0.27225
0.54840
0.35362
0.01048
0.30859
0.86899
0.49906
-0.50483
-0.50214
0.55964
0.99579
0.09620
-0.84772
-0.65927
-0.05547
0.44458
0.87516
0.64210
-0.48680
-0.84141
0.35403
1.04798
0.57549
-0.29401
-0.04440
0.54377
0.18464
-0.04025
0.09732
-0.10622
-0.59394
-0.16962
0.60881
0.16756
-0.79449
-0.59749
0.55716
0.56455
-0.53121
-0.64695
0.45418
0.96980
0.17323
-0.29489
-0.02063
-0.05285
-0.27089
0.30160
0.88966
0.24650
-0.26033
0.44062
1.05349
0.56297
-0.03577
0.19240
0.53361
0.44373
0.12518
-0.06956
-0.19008
0.12364
0.59430
0.70999
0.11268
-0.75197
-0.56285
0.32391
0.40665
-0.19535
-0.39686
-0.53509
-0.78569
-0.25112
0.68642
-0.00856
-1.07162
-0.88877
0.30259
0.55149
-0.51598
-1.06326
-1.01772
-0.43637
0.38665
0.01440
-0.92059
-1.09899
-0.62612
0.33943
0.01842
-0.70771
-0.21486
0.43430
-0.32991
-1.06881
-0.08621
1.03945
0.39812
-0.53302
-0.12436
0.34806
-0.24815
-0.76195
0.03082
0.90744
0.86389
0.22765
-0.33904
-0.31232
0.41908
0.95343
0.36580
-0.93643
-0.26778
0.93176
0.92863
-0.08967
-0.41033
0.80339
0.53550
-0.50002
-0.18917
0.73814
0.20542
-0.78096
-0.18268
0.95906
0.82300
-0.07499
-0.05614
0.72860
0.78375
-0.02040
-0.26187
0.15600
-0.13936
-0.01034
0.93170
0.90532
-0.33710
-0.60644
0.62448
1.09813
-0.15241
-0.64125
0.60924
1.14640
0.38544
-0.55951
-0.58104
-0.13605
0.35833
0.37768
-0.13321
-0.64355
-0.42374
0.06564
-0.13804
-0.33442
0.34812
0.58897
-0.45269
-1.03700
-0.28889
0.65102
0.10734
-0.93951
-0.39378
0.92860
0.77377
-0.24097
-0.38347
0.27966
0.47922
-0.07731
-0.20159
0.52795
0.68984
-0.00063
-0.10694
0.34598
0.20602
-0.55970
-0.48050
0.58930
0.53917
-0.43552
-0.42455
0.37329
0.36626
-0.64423
-0.76201
0.33708
0.71348
-0.11707
-0.46005
0.57262
0.87183
-0.42243
-1.07867
-0.50622
0.25877
0.36290
-0.06055
-0.41514
-0.55199
-0.58147
-0.06802
0.32324
-0.03789
-0.12104
0.12946
-0.13821
-0.91737
-0.78478
0.63203
0.98838
-0.41041
-0.86990
0.09175
0.52780
0.02362
-0.44537
-0.48241
-0.16817
0.21522
-0.17673
-0.48775
-0.14220
-0.36245
-0.93533
-0.70860
0.21603
0.23423
-0.45888
-0.32402
0.09728
-0.32416
-0.78707
-0.55392
-0.15883
0.05528
-0.24856
-0.79119
-1.05202
-0.70332
-0.04124
-0.11997
-0.84903
-1.08626
-0.37148
0.14154
-0.45729
-1.11174
-0.75271
-0.64664
-1.07151
-1.13506
-1.05940
-0.63556
-0.60577
-0.85247
-0.70011
-0.28073
-0.10350
-0.57377
-1.08675
-0.59856
0.43149
0.41692
-0.26481
-0.67099
-0.21161
-0.00264
-0.75954
-1.12135
-0.28238
0.52010
0.11887
-0.38659
-0.22543
-0.18257
-0.57163
-0.33784
0.36266
0.34054
-0.24397
0.11112
0.86056
0.25181
-0.51801
0.05922
0.85567
0.89614
0.26514
-0.28072
-0.24469
-0.24921
-0.03164
0.18425
-0.05733
-0.47068
-0.52739
0.14302
0.61668
0.25008
0.12489
0.50555
-0.10210
-0.56547
0.31461
1.00589
0.32551
-0.49546
0.17350
0.96057
0.55995
-0.24451
-0.20889
0.58223
0.97454
0.58994
-0.06725
-0.02689
0.43867
0.40385
0.03183
-0.42135
0.21598
0.93134
1.01840
0.34450
-0.50235
0.21869
0.77750
0.56032
0.20970
-0.01622
-0.02675
0.41828
0.80030
0.74549
0.13208
-0.55562
-0.20784
0.65044
0.93287
0.52168
0.27006
0.28682
0.45404
0.51955
0.27710
0.04441
0.13258
0.38634
0.52067
0.61938
0.15370
-0.36480
0.27982
1.01095
0.70731
0.11283
0.42969
0.71882
0.26008
0.19171
0.72636
0.60528
-0.32694
-0.36349
0.56893
0.83744
-0.02156
-0.45159
0.36080
1.10188
0.88491
0.06805
-0.57554
-0.13831
0.84465
0.94761
-0.05569
-0.80949
-0.44496
0.33091
0.44134
0.03793
-0.38629
-0.66790
-0.32850
0.29121
0.45855
-0.12139
-0.51385
-0.46782
-0.43049
-0.39088
-0.14654
0.04281
-0.04641
-0.02549
0.13819
-0.03873
-0.75496
-0.57994
0.30175
0.35497
-0.46651
-0.84087
-0.60430
-0.30704
-0.06735
-0.08669
-0.22993
-0.67012
-0.83119
-0.57098
-0.12247
-0.02810
-0.20800
-0.20273
-0.01996
-0.14698
-0.77095
-0.70844
-0.05368
0.17693
-0.08320
-0.00790
0.07929
-0.59689
-0.97219
-0.09181
0.03272
-0.87007
-0.81508
0.04776
0.11342
-0.59447
-0.57545
0.02550
0.37465
-0.00897
-0.55765
-0.71272
-0.27948
0.19119
0.04536
-0.25309
-0.29002
-0.02050
-0.09617
-0.52842
-0.30774
0.39753
0.80459
0.38673
-0.56270
-0.91739
-0.12958
0.70412
0.24779
-0.63555
-0.75449
-0.12738
0.28342
0.18632
0.00890
-0.01181
-0.01060
-0.08709
0.00229
0.25858
0.13245
0.06441
0.63986
0.69576
-0.23467
-0.84760
-0.03317
0.72421
0.13316
-0.37853
0.26942
0.45578
-0.45943
-0.97041
-0.22012
0.77719
0.72581
-0.10896
-0.48348
0.08372
0.52042
0.37306
0.19015
0.54310
0.60038
0.35651
0.19495
0.18345
0.32477
0.63451
0.90858
0.92058
0.86518
0.20224
0.08375
0.64371
0.93712
0.81444
0.41284
0.24157
0.29224
0.60220
0.92625
0.94450
0.80329
-0.03271
-0.14485
0.70485
0.97525
0.64768
0.11740
0.40661
0.89467
0.50086
-0.10320
0.10800
0.73399
0.81166
0.30442
-0.14104
-0.05155
0.61340
0.87493
0.69063
0.06625
0.06238
0.74177
0.90365
0.48368
-0.24631
0.10967
0.48012
0.26961
0.27465
0.46965
0.23222
0.07304
0.25427
0.23012
0.25129
0.13149
-0.01313
0.26507
0.37156
-0.15048
-0.34024
0.09606
0.25288
0.01231
-0.11551
-0.34805
-0.49049
-0.06920
0.40011
-0.25767
-1.02176
-1.03501
-0.50916
0.10968
-0.02088
-0.55614
-0.95256
-0.79289
-0.42439
-0.25137
-0.14084
-0.08833
-0.38386
-0.57805
-0.54860
-0.71085
-0.85158
-0.42573
-0.06962
-0.34236
-0.71649
-0.82146
-0.49807
0.20287
0.67969
-0.17821
-1.10126
-0.62612
0.17545
-0.14564
-0.79404
-0.42981
0.22502
-0.06412
-0.83683
-0.88645
-0.18513
0.26202
-0.12228
-0.68689
-0.51126
0.10209
0.09183
-0.08117
-0.36376
-0.86278
-0.78059
-0.00322
0.18735
-0.59954
-0.77961
-0.07809
0.33248
-0.11470
-0.66780
-0.58058
-0.17212
-0.38085
-0.71427
-0.35310
-0.02855
-0.37405
-0.74437
-0.75373
-0.69357
-0.47258
-0.41549
-0.40248
-0.40083
-0.52064
-0.87467
-0.56707
-0.07632
-0.55442
-0.94557
-0.54072
0.17905
-0.03337
-0.60130
-0.82726
-0.47308
0.16796
0.31335
-0.14172
-0.50229
-0.38957
-0.14896
0.05128
0.09647
-0.03793
-0.21126
0.07999
0.12017
-0.48737
-0.55930
0.24044
0.42692
-0.28629
-0.57560
-0.25525
-0.22662
-0.39667
-0.10083
0.37824
0.29107
-0.41583
-0.74558
-0.17290
0.39937
0.16324
-0.33197
-0.31867
-0.03024
-0.02074
-0.15496
-0.25006
-0.32760
-0.30368
0.01564
0.43311
0.65470
0.34667
-0.44287
-0.59116
0.27022
1.06399
0.62179
-0.24197
-0.35204
-0.02815
0.27757
0.52311
0.17205
-0.64121
-0.62447
-0.04953
0.23737
0.23409
0.07206
-0.16993
0.12230
0.47839
-0.00162
-0.66691
-0.50814
0.19174
0.35074
0.01232
-0.28701
-0.38808
-0.26303
0.15116
0.40924
-0.08133
-0.51260
-0.14983
0.21533
-0.05587
-0.32741
0.07253
0.39976
0.08518
-0.38881
-0.22871
0.25242
0.22392
-0.24202
-0.32734
0.14673
0.32225
-0.06068
-0.31820
-0.08958
0.30039
0.33228
0.01667
0.04647
0.33290
0.18083
-0.28234
-0.28587
0.19415
0.70672
0.68867
0.37536
0.34669
0.60475
0.68600
0.64348
0.47822
0.32174
0.34473
0.46973
0.60532
0.73517
0.79918
0.65512
0.22245
-0.17640
0.44419
0.95755
0.79463
0.06318
0.15099
0.83072
0.85213
0.59819
0.19072
0.12837
0.20091
0.48584
0.55203
0.27685
0.04695
0.12605
0.11751
-0.20000
-0.21239
0.42671
0.85679
0.21898
-0.46573
-0.17162
0.42360
0.28253
-0.29925
-0.55662
-0.24324
0.12178
0.02620
-0.17380
-0.33757
-0.51745
-0.50641
-0.12143
0.19576
-0.01347
-0.45135
-0.50127
-0.12394
-0.20140
-0.55524
-0.54247
-0.41218
-0.57068
-0.73009
-0.48504
-0.02324
0.00331
-0.49671
-0.50569
0.03579
-0.05055
-0.56526
-0.42501
0.07128
0.05420
-0.33789
-0.59029
-0.52579
-0.08697
0.42354
0.46689
-0.10450
-0.72744
-0.66520
0.15099
0.61236
0.02610
-0.40373
-0.02750
0.07642
-0.24456
0.02641
0.30505
-0.21661
-0.56322
-0.15013
0.17443
-0.09852
-0.13661
0.29266
0.32430
-0.27825
-0.38093
0.36377
0.74301
0.05356
-0.55545
-0.02452
0.60812
0.12160
-0.40399
0.12281
0.42691
-0.07717
-0.30203
0.28525
0.75037
0.38795
-0.49720
-0.91730
-0.38572
0.35155
0.66181
0.59738
0.01221
-0.72786
-0.57557
0.61872
1.08909
0.30415
-0.30698
-0.25745
0.06336
0.31099
0.40415
-0.07252
-0.36028
0.05219
0.50135
0.28826
-0.34147
-0.42922
-0.13169
-0.05318
-0.01328
0.16724
0.07974
-0.28381
-0.14420
0.23554
0.14675
-0.43289
-0.66220
0.06125
0.61108
0.10848
-0.69587
-0.55012
0.09914
0.43863
0.25070
-0.08883
-0.19596
-0.06467
0.11627
0.22788
0.12386
-0.33890
-0.53803
0.00343
0.61334
0.48529
0.04685
-0.06429
-0.04627
0.13498
0.50442
0.64856
0.16783
-0.23490
0.42852
1.20282
0.89303
0.01226
0.16684
0.66739
0.55276
0.40929
0.36484
0.14517
0.26599
0.73014
0.78278
0.59032
0.49457
0.31404
0.14452
0.36435
0.76844
0.89587
0.37136
-0.20723
-0.04412
0.77300
0.94753
0.26250
0.01208
0.52300
0.62189
0.19905
0.28892
0.62177
0.29253
-0.02948
0.32600
0.73346
0.57127
0.22576
0.44273
0.76696
0.64448
-0.06750
-0.15385
0.48745
0.89258
0.63009
0.26935
0.27637
0.35749
0.58841
0.62112
0.61430
0.65801
0.46378
0.14419
0.34444
0.86964
0.87736
0.53451
0.47533
0.70126
0.90097
0.86952
0.76490
0.55609
0.27965
0.40613
0.86715
0.82324
0.20272
0.10834
0.63659
0.57026
-0.21726
-0.34198
0.41351
0.64873
0.21451
0.16569
0.21673
-0.23900
-0.28368
0.45105
0.63858
-0.08216
-0.46219
0.05175
0.40887
0.22937
0.05045
0.18662
0.10441
-0.09336
0.21447
0.64852
0.34786
-0.42649
-0.34840
0.43878
0.56409
-0.19110
-0.61393
-0.20512
0.39099
0.67819
0.44196
-0.36749
-0.73199
-0.31960
0.20053
0.34582
0.24001
-0.41614
-1.06081
-0.40916
0.30963
-0.14168
-1.01861
-0.88254
-0.38584
-0.28645
-0.50720
-0.51279
-0.25923
-0.74064
-1.14786
-0.91291
0.01114
-0.20104
-1.06765
-1.11124
-0.94330
-0.97339
-1.14421
-1.01395
-1.02018
-1.10609
-1.00948
-0.51077
-0.78536
-1.13060
-1.03613
-0.43627
-0.21215
-0.92220
-1.06466
-1.05529
-1.04604
-0.67558
-0.19537
-0.37701
-0.87112
-1.03441
-0.71796
-0.48400
-0.62710
-0.71183
-0.81311
-0.94765
-0.52367
0.04977
-0.05459
-0.59989
-0.63608
-0.21553
-0.07720
-0.34651
-0.64351
-0.55953
-0.36811
-0.11097
-0.05271
-0.27970
-0.50334
-0.24602
0.07592
-0.02940
-0.30860
-0.41748
-0.36367
-0.37632
-0.26391
-0.29548
-0.59769
-0.92986
-0.54856
0.15474
-0.01731
-0.71283
-0.92555
-0.74189
-0.72539
-0.38037
-0.24177
-0.74907
-0.98278
-0.57781
0.07728
-0.14781
-0.74494
-0.94764
-0.87362
-0.66552
-0.46656
-0.23124
-0.50071
-0.74889
-0.57017
-0.32202
-0.55272
-0.88548
-0.74096
-0.70659
-0.63751
-0.18675
0.18774
-0.30192
-0.91302
-0.86104
-0.38405
0.28544
0.63521
0.27943
-0.24980
0.07005
0.82903
0.82462
0.04788
-0.15723
0.59464
0.98747
0.45108
0.22611
0.85956
1.16138
0.81723
0.61580
0.75786
0.96434
1.03357
0.92621
0.64876
0.67830
0.54544
0.47890
0.91888
1.21838
0.84413
0.32616
0.80675
1.18667
1.08601
0.64075
0.75649
1.18786
1.04380
0.93779
1.04206
1.02248
0.52646
0.54446
0.93847
1.09119
0.87266
0.52617
0.58201
0.76132
0.86333
0.95234
0.99055
0.73151
0.33519
0.33471
0.66432
0.91680
0.65764
0.20305
0.44029
0.93285
0.77157
0.28895
0.21093
0.51366
0.62793
0.34245
0.06738
0.32648
0.59389
0.22839
0.02144
0.37493
0.51318
0.40205
0.39108
0.35215
0.26524
0.33602
0.45605
0.36309
0.19063
0.20155
0.53314
0.45628
-0.19559
-0.22998
0.36893
0.38068
-0.10814
-0.14021
0.04018
0.03231
0.07919
0.20525
0.13698
-0.23745
-0.35353
0.07431
0.35179
-0.03735
-0.55778
-0.69025
-0.31881
0.24214
0.42189
-0.05951
-0.60231
-0.43412
0.09488
0.22716
-0.02311
-0.10855
-0.22403
-0.37982
-0.31129
-0.10921
-0.14008
-0.35485
-0.55050
-0.60655
-0.41123
-0.02065
-0.11774
-0.76068
-0.98518
-0.73415
-0.66072
-0.88868
-1.00615
-1.02512
-0.86069
-0.77592
-0.76890
-0.80706
-0.94584
-1.04203
-0.93734
-0.98292
-0.94719
-0.94437
-1.03658
-1.10135
-0.75838
-0.19412
-0.72449
-1.11353
-0.93786
-0.29809
-0.63731
-1.12842
-1.04488
-0.99357
-0.54638
-0.84557
-1.06700
-1.08362
-0.86689
-0.54152
-0.45471
-0.55060
-0.80260
-0.93661
-0.80179
-0.59319
-0.51732
-0.39703
-0.30547
-0.34789
-0.42044
-0.13522
0.04275
-0.14924
-0.35380
-0.30093
-0.12957
-0.15169
-0.18225
-0.04169
-0.00732
-0.13698
-0.08810
0.08176
0.01731
-0.05565
0.11943
0.24258
0.18940
0.01014
-0.06040
0.11653
0.43034
0.31876
-0.26910
-0.36258
0.11979
0.30729
0.02379
-0.07706
0.12667
0.17004
0.04465
0.05423
0.15718
0.04968
-0.13523
0.01016
0.25475
0.22297
-0.06637
-0.28472
-0.13026
0.16477
0.20715
-0.06404
-0.19173
-0.07705
0.02749
0.15491
0.30512
0.34704
0.17411
0.02466
0.14668
0.45823
0.49463
0.23149
0.15173
0.31099
0.40037
0.34821
0.32761
0.36893
0.32339
0.23273
0.33463
0.41104
0.28464
0.27744
0.52859
0.75871
0.78141
0.62961
0.56776
0.64034
0.72128
0.60878
0.50800
0.66966
0.93712
0.98654
0.96087
1.09778
1.03202
0.89804
0.82465
1.01788
1.11260
1.12646
1.08732
0.98517
0.95305
0.85821
0.98366
1.11824
1.07898
0.89250
0.87654
0.98428
0.97577
0.83492
0.88857
1.02009
0.90811
0.75975
0.81704
0.95237
0.84089
0.53189
0.47621
0.62705
0.59540
0.44647
0.41223
0.44728
0.34876
0.25325
0.21680
0.16444
-0.02750
0.06815
0.20677
0.05801
0.03581
0.10527
-0.00306
-0.02372
0.09287
0.03333
0.05620
0.07878
-0.01444
0.07459
0.19050
0.08651
0.08237
0.16717
0.12588
0.02705
0.01057
0.02177
0.21105
0.39451
0.21222
-0.13658
-0.21662
0.00417
0.16291
0.15988
-0.13810
-0.31109
-0.08603
0.17374
0.05170
-0.23714
-0.23382
-0.01754
0.11959
0.07206
0.07295
0.01128
-0.10767
-0.03201
0.06423
0.00799
-0.10429
-0.25351
-0.33506
-0.21885
-0.17246
-0.30742
-0.25888
-0.11679
-0.22026
-0.47316
-0.63106
-0.63653
-0.54905
-0.47130
-0.51682
-0.58250
-0.55063
-0.47704
-0.54208
-0.69821
-0.72598
-0.62815
-0.58615
-0.56619
-0.52388
-0.57950
-0.64266
-0.67896
-0.70809
-0.66630
-0.58132
-0.49751
-0.48203
-0.70551
-0.97504
-0.83486
-0.53705
-0.55878
-0.73186
-0.87313
-0.85468
-0.66343
-0.55828
-0.67802
-0.79535
-0.71622
-0.67571
-0.75548
-0.85077
-0.76940
-0.60256
-0.47262
-0.44745
-0.57117
-0.68636
-0.73122
-0.66525
-0.51634
-0.35952
-0.38943
-0.50996
-0.47027
-0.34218
-0.34224
-0.35798
-0.27061
-0.25386
-0.22266
-0.05606
0.01145
-0.02209
-0.06701
-0.17464
-0.09376
0.18272
0.21639
0.03175
0.03607
0.12366
0.15819
0.07444
-0.02758
0.08307
0.23794
0.21542
0.22223
0.25780
-0.02239
-0.30780
-0.15270
0.15258
0.07926
-0.32590
-0.55098
-0.28217
0.04508
-0.07292
-0.33930
-0.23524
-0.03377
-0.07428
-0.18196
-0.18134
-0.13043
-0.10888
-0.05021
0.09185
0.14547
-0.10250
-0.34787
-0.31674
-0.15169
-0.09727
-0.09821
-0.11421
-0.20849
-0.26694
-0.11687
0.04515
-0.07192
-0.16914
-0.00385
0.16931
0.11605
0.01726
0.08665
0.27282
0.41625
0.49624
0.51828
0.43173
0.35963
0.43470
0.56253
0.64068
0.68831
0.74140
0.77735
0.76095
0.75367
0.79674
0.79976
0.78440
0.82254
0.79301
0.70409
0.77135
0.96700
0.98391
0.76434
0.60553
0.71005
0.90660
0.93241
0.77711
0.64140
0.67638
0.80873
0.89778
0.90335
0.83361
0.76575
0.79889
0.83952
0.76958
0.70563
0.71245
0.68017
0.61151
0.55817
0.48591
0.38042
0.30472
0.31418
0.33323
0.23653
0.10684
0.09762
0.10865
0.03246
0.01009
0.11659
0.15648
0.02685
-0.08428
-0.07465
-0.05248
-0.06363
-0.11008
-0.19835
-0.19488
-0.03799
0.06495
-0.00880
-0.07913
0.02079
0.14891
0.10052
0.01599
0.13312
0.29155
0.18680
-0.08465
-0.15770
0.01449
0.07666
-0.07211
-0.09136
0.11386
0.28353
0.31591
0.26617
0.23001
0.32491
0.43748
0.39439
0.32168
0.35458
0.39530
0.36940
0.32754
0.32423
0.35640
0.37762
0.35898
0.27720
0.15539
0.10478
0.13317
0.13173
0.07502
-0.01948
-0.13634
-0.27903
-0.51973
-0.69773
-0.53972
-0.31912
-0.44389
-0.68160
-0.69250
-0.62183
-0.69489
-0.83243
-0.84200
-0.77353
-0.79043
-0.83551
-0.88175
-1.00833
-1.05422
-0.91285
-0.78477
-0.76453
-0.81545
-0.90219
-0.85015
-0.64157
-0.56551
-0.69207
-0.76485
-0.66263
-0.52673
-0.53368
-0.67100
-0.73872
-0.66277
-0.62207
-0.67949
-0.62568
-0.45297
-0.46606
-0.66961
-0.67939
-0.42120
-0.31065
-0.54752
-0.75703
-0.63643
-0.44356
-0.47219
-0.61866
-0.69601
-0.68076
-0.64328
-0.64214
-0.65742
-0.65165
-0.60737
-0.53897
-0.59304
-0.79918
-0.81740
-0.50699
-0.28234
-0.40333
-0.56504
-0.46157
-0.24993
-0.25295
-0.40218
-0.36497
-0.15170
-0.02526
0.00557
0.05645
0.05585
-0.05102
-0.08176
0.08652
0.22753
0.17940
0.15121
0.21543
0.19138
0.12586
0.14320
0.14061
0.04843
-0.00950
0.09592
0.26915
0.22398
-0.03871
-0.15976
-0.06701
-0.01824
-0.04749
-0.05624
-0.12032
-0.28701
-0.42280
-0.45470
-0.51374
-0.63674
-0.63324
-0.49673
-0.49624
-0.62614
-0.61437
-0.46446
-0.40086
-0.46545
-0.51864
-0.45662
-0.38106
-0.45058
-0.49594
-0.26238
0.00404
-0.06066
-0.21881
-0.06140
0.20693
0.18575
0.07186
0.21694
0.50359
0.68313
0.76266
0.74941
0.68683
0.69121
0.92895
1.14337
1.12286
1.12457
1.10264
1.10959
1.07233
1.02676
1.08707
1.09262
1.08312
1.08215
1.07616
1.07979
1.07527
1.08399
1.05509
1.06362
1.08444
1.07738
1.08741
1.08561
1.09495
0.88740
0.82863
1.05208
1.04897
0.80767
0.72348
0.87809
0.89548
0.79359
0.82621
0.92018
0.86058
0.73713
0.69209
0.60049
0.36262
0.30790
0.59516
0.75400
0.50683
0.23782
0.23912
0.26486
0.11112
-0.00173
0.12065
0.25441
0.17422
-0.00233
-0.02504
0.09058
0.09999
0.00488
0.04776
0.15019
0.11174
0.01268
-0.02751
-0.01192
0.02216
-0.01922
-0.10931
-0.06350
0.15128
0.27208
0.10676
-0.06184
0.06807
0.26985
0.25468
0.16916
0.25475
0.50335
0.60211
0.42389
0.29399
0.47140
0.69742
0.69049
0.52723
0.57604
0.80796
0.87155
0.84189
0.82558
0.79709
0.65449
0.57004
0.64143
0.60886
0.36024
0.18924
0.27802
0.32799
0.15438
-0.02647
-0.06159
-0.15808
-0.34594
-0.32823
-0.14981
-0.22301
-0.50999
-0.64921
-0.63474
-0.70413
-0.87159
-0.95199
-0.89468
-0.85760
-0.91891
-1.02145
-1.12775
-1.17916
-1.15638
-1.12998
-1.13132
-1.11308
-1.04429
-1.04624
-1.17441
-1.14186
-0.90945
-0.75919
-0.61002
-0.42045
-0.45938
-0.63807
-0.69601
-0.62424
-0.48714
-0.39986
-0.40580
-0.37027
-0.29180
-0.30234
-0.40744
-0.52814
-0.54786
-0.39612
-0.23815
-0.27040
-0.38216
-0.35611
-0.27725
-0.33887
-0.39736
-0.32576
-0.34048
-0.50867
-0.61264
-0.54098
-0.39876
-0.30805
-0.28853
-0.38895
-0.57546
-0.64202
-0.61715
-0.68024
-0.74633
-0.67621
-0.53023
-0.48139
-0.58252
-0.69394
-0.72231
-0.64556
-0.43699
-0.23045
-0.18758
-0.17934
-0.05092
0.06849
0.05558
0.00537
0.06249
0.22717
0.34625
0.33547
0.25417
0.20236
0.22622
0.24568
0.23881
0.27493
0.35679
0.44297
0.39825
0.23085
0.16897
0.19200
0.20407
0.25780
0.25747
0.14512
0.06237
0.05697
0.04236
-0.02346
-0.09491
-0.11496
-0.07606
-0.03547
-0.08422
-0.21963
-0.26772
-0.18592
-0.20984
-0.31880
-0.23741
-0.09678
-0.18276
-0.40789
-0.45986
-0.21237
0.03423
0.04567
-0.01893
-0.04449
-0.04504
0.04390
0.22980
0.36044
0.37224
0.44769
0.57140
0.54687
0.49935
0.62782
0.80090
0.80136
0.68353
0.71655
0.93133
1.08085
1.05122
1.01175
1.06907
1.07684
1.06924
1.07046
1.03538
0.99024
1.00438
1.05317
1.05694
1.04983
1.05628
1.02397
0.89692
0.81478
0.83588
0.90520
0.87615
0.76628
0.77666
0.83743
0.78583
0.60767
0.42726
0.39619
0.46442
0.48865
0.47140
0.44783
0.45273
0.49148
0.46172
0.30503
0.22248
0.29736
0.28896
0.17517
0.14075
0.14575
0.09139
0.03279
0.03247
0.01672
-0.03976
-0.06470
-0.10544
-0.19582
-0.33406
-0.49427
-0.53642
-0.49850
-0.47823
-0.36691
-0.21358
-0.22698
-0.35990
-0.35124
-0.20684
-0.15811
-0.18109
-0.15102
-0.11195
-0.13626
-0.17914
-0.11063
-0.02241
-0.14232
-0.33189
-0.28553
-0.13986
-0.20381
-0.26333
-0.05061
0.08522
-0.06747
-0.16928
-0.06093
0.03219
0.00380
0.01785
0.11676
0.24114
0.36951
0.39097
0.38085
0.52316
0.64818
0.56984
0.39807
0.29511
0.22285
0.08680
-0.03672
-0.04507
0.01062
-0.01176
-0.12881
-0.17813
-0.21576
-0.38479
-0.50597
-0.45027
-0.40258
-0.49865
-0.58033
-0.59730
-0.67096
-0.77965
-0.83869
-0.88002
-0.89464
-0.91591
-0.89189
-0.94077
-1.08130
-1.12065
-1.07271
-0.96974
-0.97959
-1.01042
-0.98616
-0.98029
-1.00460
-1.03982
-1.00838
-0.83610
-0.65153
-0.56671
-0.50515
-0.49750
-0.57241
-0.67281
-0.63469
-0.40788
-0.20181
-0.18699
-0.25384
-0.24031
-0.16085
-0.07742
0.02783
0.08192
0.05996
0.02743
-0.07196
-0.17621
-0.13857
-0.02983
-0.00530
-0.10993
-0.21082
-0.17472
-0.09437
-0.16784
-0.39143
-0.53449
-0.56588
-0.58307
-0.55702
-0.54267
-0.59587
-0.68929
-0.81422
-0.87767
-0.81550
-0.74629
-0.80835
-0.89437
-0.80057
-0.65482
-0.66308
-0.70012
-0.56615
-0.32266
-0.20722
-0.22409
-0.22374
-0.20056
-0.14283
-0.03164
0.06038
0.07384
0.00376
-0.03572
0.01276
0.04362
-0.01845
-0.11526
-0.10652
0.00608
0.09455
0.03696
-0.09168
-0.06851
0.10369
0.22149
0.22497
0.17501
0.13148
0.08502
-0.00291
-0.02560
0.02906
0.07673
0.11688
0.16316
0.18362
0.10661
0.02633
0.02691
-0.00055
-0.00904
0.06198
0.07783
-0.03594
-0.13028
-0.06420
0.03877
0.04377
0.00973
0.04532
0.08979
0.07881
0.10379
0.18280
0.20883
0.27626
0.46591
0.60975
0.56792
0.47441
0.56323
0.73550
0.74078
0.68119
0.74536
0.82042
0.79579
0.68377
0.77893
0.96679
0.99431
0.87760
0.77614
0.84694
0.80102
0.72700
0.80849
0.82628
0.71845
0.69561
0.70652
0.68894
0.74568
0.78898
0.69249
0.56202
0.55704
0.61638
0.66218
0.58069
0.48146
0.51954
0.56679
0.53318
0.47114
0.43172
0.38664
0.42342
0.56082
0.62854
0.52275
0.39234
0.35057
0.36350
0.34363
0.24951
0.18754
0.14174
0.10339
0.18578
0.23422
0.08628
-0.05895
-0.12676
-0.19672
-0.21184
-0.11139
-0.08883
-0.14496
-0.13782
-0.02050
0.15560
0.21061
0.11393
-0.00856
-0.01456
0.03665
0.01323
-0.03154
0.00282
0.02737
-0.00605
-0.03941
-0.04474
0.04041
0.10553
-0.01493
-0.16394
-0.12791
-0.01455
-0.03490
0.00081
0.16379
0.21265
0.06081
-0.10653
-0.14422
-0.02697
0.20576
0.35595
0.33925
0.22571
0.21969
0.30930
0.31164
0.18749
0.11774
0.14476
0.11954
0.06253
0.05600
0.07530
0.06314
0.07615
0.11685
-0.01045
-0.27707
-0.40411
-0.36193
-0.24832
-0.18050
-0.19746
-0.28736
-0.38994
-0.41021
-0.41477
-0.53537
-0.67440
-0.66242
-0.57707
-0.51529
-0.55777
-0.69506
-0.67188
-0.53700
-0.55148
-0.60939
-0.47426
-0.27377
-0.27280
-0.43436
-0.55278
-0.42863
-0.23744
-0.12511
-0.03502
0.05040
0.01730
-0.17867
-0.29237
-0.23852
-0.11219
0.04708
0.18142
0.11150
-0.07547
-0.14701
-0.10551
-0.05925
-0.05923
-0.12225
-0.22605
-0.28338
-0.25609
-0.24808
-0.29708
-0.34331
-0.31362
-0.24502
-0.20454
-0.23978
-0.35015
-0.45946
-0.49808
-0.46638
-0.50989
-0.64417
-0.76470
-0.74698
-0.59554
-0.51649
-0.66239
-0.76568
-0.63816
-0.47388
-0.42756
-0.38019
-0.28269
-0.25073
-0.31568
-0.30145
-0.13753
-0.04301
-0.01092
0.04061
0.16481
0.26305
0.26474
0.29978
0.41407
0.44890
0.38412
0.41884
0.47231
0.45183
0.44010
0.47969
0.55161
0.50800
0.39402
0.36542
0.45219
0.58081
0.65627
0.58184
0.40822
0.35733
0.42117
0.48568
0.46786
0.40136
0.35693
0.31314
0.23501
0.15711
0.10193
0.07083
0.01319
-0.02817
0.03816
0.07452
-0.11851
-0.37843
-0.40157
-0.28307
-0.23960
-0.27011
-0.22432
-0.16397
-0.11073
-0.06674
-0.11290
-0.17877
-0.09864
0.09628
0.17662
0.15830
0.16342
0.29715
0.42684
0.44149
0.38554
0.38857
0.47303
0.46250
0.40297
0.35082
0.30410
0.30721
0.44259
0.51141
0.45064
0.44726
0.44268
0.40958
0.39450
0.44291
0.54221
0.63721
0.60944
0.49645
0.45079
0.46297
0.45674
0.37641
0.29423
0.24101
0.29364
0.50252
0.69543
0.64722
0.42038
0.26256
0.31926
0.49074
0.45228
0.35343
0.45237
0.56841
0.47706
0.37629
0.43829
0.51024
0.49183
0.39544
0.33922
0.33936
0.43176
0.54082
0.53382
0.44579
0.32392
0.25807
0.29374
0.24663
0.01718
-0.17325
-0.17339
-0.11057
-0.07797
-0.05891
-0.01023
-0.01134
-0.16662
-0.28123
-0.26830
-0.22823
-0.24426
-0.29721
-0.36622
-0.39427
-0.28793
-0.18490
-0.26544
-0.47171
-0.50270
-0.30723
-0.14276
-0.18122
-0.25797
-0.17295
-0.05366
0.03835
0.10337
0.04796
-0.08990
-0.15656
-0.11818
0.03068
0.23517
0.34685
0.41261
0.40837
0.26762
0.06727
-0.05260
-0.07260
-0.00209
0.14491
0.18513
0.07087
-0.03920
-0.03431
-0.07315
-0.16288
-0.25956
-0.36802
-0.39830
-0.31419
-0.26625
-0.28617
-0.28878
-0.36304
-0.49174
-0.57618
-0.59213
-0.55558
-0.43665
-0.36748
-0.44920
-0.59911
-0.67104
-0.70538
-0.80685
-0.78517
-0.52874
-0.38715
-0.54986
-0.76607
-0.80751
-0.72795
-0.64872
-0.57712
-0.41652
-0.23700
-0.18294
-0.20961
-0.33747
-0.49864
-0.50149
-0.28501
-0.10522
-0.20103
-0.42782
-0.45660
-0.34400
-0.39418
-0.50835
-0.49668
-0.55420
-0.67670
-0.66054
-0.57766
-0.69086
-0.81962
-0.81327
-0.68276
-0.63698
-0.79366
-0.82624
-0.81373
-0.76478
-0.78242
-0.70712
-0.55546
-0.68648
-0.82543
-0.82214
-0.82250
-0.64882
-0.35757
-0.24622
-0.32913
-0.40800
-0.39706
-0.39399
-0.38542
-0.36759
-0.25633
-0.06080
0.04193
-0.05519
-0.11862
-0.01589
0.09676
0.09651
0.09994
0.24845
0.38158
0.41139
0.36637
0.37136
0.43399
0.50712
0.53593
0.48928
0.48676
0.51472
0.50594
0.48856
0.52792
0.56489
0.58911
0.60798
0.59111
0.53461
0.38580
0.27698
0.33015
0.38573
0.35079
0.27120
0.17173
0.09219
0.01887
-0.03659
0.01169
0.07852
0.03673
-0.03513
-0.17387
-0.38719
-0.41509
-0.21125
-0.10252
-0.14228
-0.11458
-0.06373
-0.16361
-0.30224
-0.25234
-0.03766
0.11640
0.10137
0.14766
0.28275
0.30982
0.23056
0.29750
0.50013
0.59428
0.60610
0.65330
0.72831
0.71485
0.69019
0.71238
0.76089
0.75721
0.71977
0.77244
0.78864
0.78057
0.77994
0.77409
0.77188
0.77266
0.77779
0.78138
0.78547
0.78764
0.79412
0.79720
0.81319
0.78091
0.80312
0.83126
0.82876
0.84429
0.85131
0.86116
0.81045
0.78355
0.78867
0.74783
0.66789
0.63684
0.63073
0.56732
0.53221
0.56088
0.54478
0.41856
0.23950
0.17236
0.26337
0.25610
0.16083
0.26067
0.33898
0.12935
-0.12904
-0.16835
-0.14768
-0.21901
-0.29356
-0.30457
-0.28085
-0.30232
-0.29669
-0.26422
-0.25149
-0.28956
-0.27791
-0.26081
-0.32729
-0.40301
-0.45802
-0.46647
-0.40330
-0.27053
-0.20284
-0.24528
-0.33285
-0.31435
-0.21472
-0.13781
-0.13315
-0.16258
-0.12911
-0.00358
0.09665
0.05187
-0.09281
-0.15833
-0.05503
0.09398
0.16546
0.18307
0.24183
0.28081
0.27663
0.27394
0.28027
0.22415
0.25058
0.36080
0.36206
0.22951
0.12548
0.13631
0.16903
0.17297
0.14723
0.08392
-0.07028
-0.21576
-0.18282
-0.03240
-0.03497
-0.20028
-0.33730
-0.42761
-0.53354
-0.60602
-0.65459
-0.63467
-0.60499
-0.65157
-0.71054
-0.75521
-0.82406
-0.83858
-0.81553
-0.88153
-0.93969
-0.91326
-0.86685
-0.90745
-0.94179
-0.92580
-0.78187
-0.58325
-0.55457
-0.60453
-0.56990
-0.45854
-0.40323
-0.41312
-0.41158
-0.32126
-0.16099
-0.16405
-0.35385
-0.45320
-0.36986
-0.29977
-0.33338
-0.37212
-0.33384
-0.26487
-0.29795
-0.38903
-0.37435
-0.26451
-0.26381
-0.39615
-0.48208
-0.51807
-0.58199
-0.55173
-0.37578
-0.32261
-0.47689
-0.62517
-0.71550
-0.72549
-0.60473
-0.46045
-0.41208
-0.40019
-0.36504
-0.31717
-0.32039
-0.34850
-0.26581
-0.16106
-0.17053
-0.18987
-0.08869
0.07859
0.17099
0.18691
0.22099
0.27070
0.29385
0.29278
0.29498
0.29942
0.28646
0.22220
0.18388
0.18528
0.23459
0.34353
0.40548
0.34038
0.16389
-0.04889
-0.10925
0.06691
0.22393
0.21408
0.14555
0.09100
0.01372
-0.06883
-0.10497
-0.08592
-0.07476
-0.07417
-0.08048
-0.12949
-0.20907
-0.25257
-0.27841
-0.30166
-0.32807
-0.39618
-0.43617
-0.39572
-0.35874
-0.38244
-0.38104
-0.34750
-0.31518
-0.27726
-0.21247
-0.15710
-0.13666
-0.09607
-0.02022
0.06270
0.12805
0.14600
0.16645
0.29528
0.47798
0.54127
0.48334
0.44082
0.53142
0.61883
0.58260
0.53621
0.64069
0.80162
0.81644
0.81132
0.81400
0.81048
0.81229
0.80653
0.80334
0.79845
0.79803
0.79344
0.79149
0.78927
0.78697
0.78740
0.78654
0.78984
0.75459
0.74772
0.77627
0.73365
0.67642
0.64571
0.58885
0.45675
0.36117
0.37869
0.39964
0.35023
0.34367
0.42509
0.49004
0.51815
0.54725
0.50523
0.34625
0.19342
0.16502
0.24670
0.33065
0.35199
0.34667
0.34384
0.28415
0.18595
0.13225
0.10466
0.08072
0.10952
0.14143
0.11204
0.10172
0.14434
0.16053
0.14719
0.13182
0.10158
0.06791
0.02947
-0.02857
-0.04570
0.01334
0.05711
0.04549
0.03596
0.03260
-0.01829
-0.09419
-0.11421
-0.06404
-0.03892
-0.05043
0.02397
0.12709
0.10292
0.03456
0.02815
0.01591
-0.00916
0.04326
0.18774
0.31792
0.32546
0.25483
0.21205
0.19404
0.18777
0.21544
0.24739
0.23007
0.18102
0.14432
0.09275
0.01083
-0.01627
0.06124
0.09180
-0.06309
-0.26433
-0.31182
-0.23663
-0.19367
-0.23837
-0.32587
-0.43266
-0.53731
-0.60389
-0.66296
-0.76236
-0.88909
-0.95754
-0.96332
-0.97331
-0.98060
-0.98071
-0.97777
-0.97838
-0.97811
-0.98024
-0.98326
-0.98482
-0.98420
-0.98132
-0.97477
-0.96148
-0.94835
-0.82202
-0.60782
-0.51461
-0.54197
-0.52551
-0.46967
-0.45249
-0.39842
-0.28959
-0.28370
-0.36669
-0.32580
-0.18705
-0.15027
-0.23922
-0.31278
-0.31243
-0.33326
-0.39066
-0.34504
-0.20679
-0.14315
-0.17947
-0.21282
-0.22090
-0.27655
-0.33652
-0.29238
-0.23998
-0.27179
-0.33570
-0.44002
-0.53170
-0.55438
-0.57346
-0.54552
-0.47314
-0.47549
-0.49077
-0.43735
-0.40811
-0.41958
-0.38325
-0.30523
-0.23509
-0.16434
-0.07633
-0.04088
-0.04464
0.00269
0.09325
0.19261
0.29869
0.39001
0.41757
0.39084
0.32688
0.26651
0.27590
0.35582
0.47205
0.55682
0.53125
0.39008
0.20911
0.08033
0.10641
0.27011
0.44165
0.51963
0.46000
0.36037
0.25713
0.13975
0.12790
0.22162
0.25907
0.22230
0.20045
0.18694
0.13625
0.03476
-0.05633
-0.08197
-0.03501
0.01366
-0.03964
-0.13981
-0.18138
-0.15609
-0.10633
-0.08322
-0.08151
-0.06661
-0.04698
-0.00619
0.06865
0.14563
0.18688
0.20192
0.23731
0.32696
0.44713
0.51407
0.49831
0.50252
0.57955
0.66067
0.70102
0.65649
0.57106
0.61420
0.77505
0.82767
0.81546
0.78449
0.69208
0.62531
0.59779
0.62225
0.67727
0.73291
0.74293
0.68377
0.57042
0.51282
0.56096
0.58253
0.49745
0.40804
0.42612
0.49059
0.49787
0.44387
0.42031
0.36203
0.21908
0.10253
0.11334
0.21271
0.24633
0.18714
0.16358
0.22006
0.32100
0.43404
0.46238
0.40589
0.32034
0.23433
0.21971
0.26176
0.26637
0.23371
0.20541
0.15068
0.00829
-0.15861
-0.25065
-0.24768
-0.23280
-0.28325
-0.33237
-0.32649
-0.35485
-0.44109
-0.44517
-0.32286
-0.17741
-0.12001
-0.13072
-0.15895
-0.24423
-0.31016
-0.18588
0.05268
0.21674
0.26574
0.25145
0.12748
-0.06941
-0.15639
-0.09408
0.00444
0.03974
0.05339
0.06540
0.00694
-0.08987
-0.07023
0.04563
0.13686
0.19891
0.26727
0.30399
0.26764
0.20071
0.15552
0.11483
0.09031
0.12523
0.18100
0.17460
0.07264
-0.00011
-0.00763
-0.09272
-0.21174
-0.17632
-0.08570
-0.15548
-0.33372
-0.40655
-0.38531
-0.40379
-0.45117
-0.47558
-0.51946
-0.65932
-0.75509
-0.68213
-0.60687
-0.70275
-0.84005
-0.87108
-0.84900
-0.83010
-0.77552
-0.67540
-0.67075
-0.76197
-0.77160
-0.67317
-0.57859
-0.56401
-0.60378
-0.57951
-0.40978
-0.24685
-0.22887
-0.25776
-0.19118
-0.09784
-0.05444
-0.01430
-0.01628
-0.03560
-0.01219
0.04921
0.07380
0.06528
0.05641
0.08071
0.13442
0.07706
-0.10587
-0.24434
-0.23140
-0.15442
-0.07631
-0.03119
-0.07880
-0.20063
-0.29778
-0.30689
-0.29575
-0.30803
-0.30046
-0.30487
-0.37326
-0.48662
-0.58565
-0.61975
-0.61467
-0.58297
-0.50870
-0.45568
-0.47783
-0.50639
-0.47593
-0.41666
-0.37168
-0.31052
-0.22975
-0.20384
-0.17851
-0.07029
0.02871
0.03544
0.03243
0.11286
0.24524
0.32821
0.34495
0.35276
0.35361
0.33870
0.34572
0.40098
0.47375
0.50101
0.47241
0.40883
0.31014
0.23420
0.24423
0.31407
0.35797
0.36951
0.38599
0.38807
0.32503
0.24910
0.26473
0.29064
0.25529
0.21670
0.17460
0.08869
-0.00115
-0.04923
-0.06020
-0.06818
-0.09655
-0.09043
-0.10080
-0.18572
-0.24020
-0.19601
-0.12947
-0.11804
-0.13699
-0.11607
-0.03176
0.02541
0.04810
0.10900
0.20133
0.24194
0.24761
0.29624
0.35584
0.39120
0.42568
0.44470
0.41771
0.45071
0.55863
0.57944
0.45692
0.36495
0.44780
0.61438
0.70343
0.69775
0.67339
0.62105
0.53940
0.48645
0.50501
0.55879
0.61515
0.67936
0.72438
0.70866
0.65352
0.61616
0.61160
0.62794
0.61055
0.56170
0.53928
0.56817
0.59311
0.53132
0.41924
0.35018
0.32005
0.30099
0.32215
0.35193
0.34878
0.34094
0.36931
0.44179
0.47338
0.39552
0.27856
0.22348
0.23641
0.28815
0.32379
0.28640
0.23577
0.21455
0.16766
0.10455
0.07391
0.05361
0.03573
0.03367
0.00642
-0.06123
-0.11794
-0.14570
-0.14471
-0.11691
-0.10834
-0.14030
-0.16789
-0.18820
-0.20861
-0.18747
-0.16722
-0.18983
-0.17299
-0.11723
-0.11783
-0.13626
-0.13061
-0.17292
-0.22522
-0.17027
-0.06211
-0.02916
-0.06770
-0.07787
-0.01105
0.06344
0.07133
0.04217
0.03813
0.08994
0.16606
0.18461
0.14792
0.12297
0.13105
0.14442
0.16210
0.18539
0.17100
0.10570
0.02733
0.00321
0.05630
0.11237
0.07310
0.00117
-0.00447
0.00073
-0.03940
-0.11107
-0.17954
-0.20819
-0.21694
-0.26523
-0.32411
-0.35794
-0.39784
-0.43845
-0.47519
-0.54685
-0.61033
-0.60022
-0.57984
-0.60356
-0.60205
-0.53694
-0.48609
-0.50091
-0.52869
-0.51517
-0.48339
-0.47128
-0.45871
-0.41371
-0.34523
-0.25858
-0.16061
-0.10889
-0.11600
-0.12190
-0.10900
-0.06671
-0.00532
-0.00152
-0.03330
-0.01962
-0.00459
-0.01892
-0.00294
0.03711
0.04529
0.02374
-0.00233
-0.02409
-0.03053
-0.03616
-0.04998
-0.04982
-0.05745
-0.10864
-0.16680
-0.20508
-0.24788
-0.24417
-0.17954
-0.17875
-0.26152
-0.31935
-0.33457
-0.37026
-0.43306
-0.45036
-0.38640
-0.32638
-0.32681
-0.34127
-0.35470
-0.36972
-0.35161
-0.30269
-0.24083
-0.14639
-0.05628
-0.03598
-0.05865
-0.04954
0.02112
0.12403
0.20167
0.20760
0.15115
0.08709
0.05342
0.05238
0.07185
0.09226
0.12448
0.16079
0.12413
0.02502
-0.03054
-0.03249
-0.04271
-0.03216
0.05793
0.14019
0.08092
-0.03473
-0.01447
0.08608
0.07648
-0.01802
-0.06207
-0.05805
-0.07397
-0.11480
-0.14893
-0.19406
-0.27004
-0.31550
-0.30169
-0.30658
-0.36367
-0.38963
-0.35514
-0.34251
-0.36840
-0.36528
-0.34431
-0.34753
-0.34150
-0.29939
-0.23995
-0.19675
-0.17836
-0.14018
-0.07976
-0.04875
-0.01174
0.06185
0.07952
0.04279
0.09354
0.22196
0.25531
0.16625
0.12480
0.22254
0.34064
0.35952
0.33221
0.33825
0.32500
0.26148
0.25097
0.31452
0.33812
0.31719
0.33038
0.35209
0.35411
0.37360
0.40311
0.39567
0.35237
0.33302
0.37640
0.41927
0.38664
0.32689
0.31936
0.35955
0.37918
0.32106
0.22922
0.20174
0.23808
0.26308
0.24953
0.21639
0.20016
0.22912
0.25309
0.18356
0.06682
0.03536
0.07935
0.10349
0.09947
0.08369
0.05139
0.02365
0.00917
-0.00476
-0.03119
-0.07383
-0.10806
-0.11671
-0.12818
-0.16650
-0.20405
-0.21957
-0.20458
-0.15651
-0.12927
-0.18813
-0.29396
-0.31153
-0.24604
-0.24357
-0.30886
-0.33013
-0.28214
-0.24698
-0.27842
-0.32280
-0.31090
-0.26467
-0.24159
-0.22537
-0.16664
-0.09266
-0.08242
-0.12095
-0.11194
-0.05858
-0.03987
-0.02347
0.05273
0.12643
0.14387
0.15370
0.16584
0.13222
0.10083
0.13814
0.17876
0.14829
0.08092
0.04170
0.04331
0.03236
-0.02649
-0.06309
-0.03825
-0.03621
-0.09854
-0.15082
-0.15265
-0.15872
-0.19766
-0.22448
-0.21953
-0.24725
-0.34125
-0.41373
-0.39116
-0.34804
-0.39607
-0.49652
-0.52658
-0.48778
-0.46386
-0.45977
-0.45268
-0.46492
-0.49035
-0.48380
-0.44995
-0.43624
-0.43466
-0.39895
-0.34341
-0.32242
-0.32116
-0.26054
-0.16562
-0.15597
-0.19126
-0.12938
-0.02454
-0.01234
-0.04789
-0.03867
-0.00505
0.02550
0.07477
0.13535
0.16782
0.16502
0.14987
0.12826
0.09992
0.09803
0.12958
0.13924
0.09716
0.02079
-0.07587
-0.16561
-0.19382
-0.15445
-0.12351
-0.16384
-0.24331
-0.29436
-0.31387
-0.33815
-0.35462
-0.32424
-0.25865
-0.18998
-0.13348
-0.10641
-0.10634
-0.09349
-0.03194
0.07009
0.15146
0.14323
0.07213
0.04387
0.08711
0.13772
0.16427
0.21045
0.28753
0.32145
0.30261
0.30936
0.34678
0.35088
0.32660
0.34517
0.41848
0.47149
0.43557
0.34072
0.26207
0.20404
0.14847
0.12587
0.13892
0.14773
0.14514
0.12393
0.06837
0.02020
0.02878
0.05216
0.03243
-0.00900
-0.03613
-0.04492
-0.06248
-0.12046
-0.19300
-0.22586
-0.21163
-0.19563
-0.19874
-0.20620
-0.20740
-0.19993
-0.18609
-0.16719
-0.12812
-0.05838
-0.00786
0.00039
0.02683
0.09186
0.13097
0.14442
0.17573
0.20301
0.20349
0.22819
0.28342
0.32395
0.33966
0.34778
0.34652
0.33931
0.35181
0.40491
0.49308
0.51876
0.50544
0.50025
0.49577
0.49729
0.49855
0.46796
0.40975
0.39110
0.41717
0.44705
0.41596
0.34120
0.30551
0.32451
0.33942
0.33592
0.31251
0.26905
0.25258
0.28489
0.31597
0.30886
0.27978
0.27054
0.30223
0.32292
0.28900
0.25656
0.27094
0.29470
0.31296
0.32930
0.31842
0.28432
0.27228
0.27142
0.27898
0.29924
0.31099
0.30626
0.29390
0.24110
0.15174
0.11944
0.14889
0.13350
0.05663
0.02299
0.04059
0.02374
-0.03137
-0.04848
-0.02428
-0.01997
-0.05000
-0.06784
-0.04972
-0.03797
-0.06801
-0.09036
-0.07550
-0.06761
-0.06950
-0.03972
-0.01318
-0.03571
-0.05898
-0.04038
-0.00062
0.03678
0.07623
0.11763
0.15782
0.16900
0.15086
0.13309
0.13387
0.14372
0.15917
0.17960
0.19974
0.23614
0.27244
0.27650
0.25298
0.24917
0.27795
0.30655
0.30860
0.29381
0.27882
0.26922
0.26891
0.26030
0.23678
0.21512
0.18240
0.12581
0.10713
0.13030
0.10710
0.01583
-0.04904
-0.05150
-0.06368
-0.11684
-0.16879
-0.16017
-0.13994
-0.18618
-0.27144
-0.31771
-0.32157
-0.30097
-0.26409
-0.26391
-0.32057
-0.36615
-0.35484
-0.31939
-0.28370
-0.24619
-0.21168
-0.21031
-0.23406
-0.23296
-0.18758
-0.14854
-0.13476
-0.10997
-0.07716
-0.05594
-0.03129
-0.00624
-0.00190
0.00312
0.04679
0.07835
0.04800
0.01452
0.03539
0.05349
0.01860
0.01213
0.04924
0.04062
-0.03390
-0.08143
-0.09743
-0.13735
-0.18511
-0.18519
-0.15138
-0.16213
-0.22420
-0.27958
-0.30522
-0.35370
-0.42375
-0.45905
-0.44358
-0.42111
-0.42426
-0.44059
-0.44121
-0.42122
-0.40073
-0.37432
-0.33180
-0.28435
-0.24835
-0.22540
-0.21947
-0.21139
-0.17647
-0.12959
-0.08677
-0.03665
0.02232
0.03113
-0.03250
-0.10384
-0.11139
-0.06776
-0.01520
0.03466
0.03960
-0.00622
-0.05501
-0.08721
-0.12314
-0.14210
-0.11037
-0.06837
-0.06389
-0.07748
-0.08339
-0.10154
-0.14558
-0.15157
-0.09828
-0.07856
-0.11468
-0.12459
-0.10618
-0.15827
-0.22834
-0.23889
-0.23870
-0.23756
-0.22957
-0.22316
-0.18547
-0.17267
-0.21452
-0.23294
-0.24299
-0.24269
-0.22995
-0.19519
-0.14218
-0.12140
-0.12484
-0.11561
-0.08707
-0.06132
-0.03191
0.00646
0.04349
0.07566
0.10074
0.09400
0.06406
0.04839
0.07416
0.15387
0.23483
0.25074
0.23643
0.24896
0.25490
0.23457
0.24836
0.29056
0.31151
0.32031
0.33078
0.32767
0.30454
0.28609
0.27798
0.28751
0.28809
0.26351
0.23289
0.22236
0.23799
0.25195
0.25131
0.23132
0.21940
0.23435
0.26270
0.25240
0.19383
0.14861
0.15283
0.19236
0.23214
0.23922
0.19392
0.13724
0.12140
0.11863
0.09030
0.06358
0.07963
0.12287
0.12783
0.07838
0.01747
-0.04228
-0.10740
-0.13757
-0.11996
-0.13055
-0.18888
-0.22777
-0.23082
-0.24755
-0.29238
-0.32454
-0.34180
-0.37272
-0.38997
-0.35376
-0.31232
-0.33263
-0.36301
-0.34373
-0.31451
-0.31350
-0.32390
-0.31236
-0.28554
-0.25488
-0.22002
-0.17372
-0.13333
-0.12202
-0.10977
-0.07931
-0.05489
-0.05988
-0.06222
-0.02149
0.02823
0.05774
0.10066
0.15358
0.16292
0.13296
0.12095
0.12923
0.14755
0.16377
0.16063
0.14603
0.13968
0.12051
0.06561
0.02455
0.02126
0.02626
0.01589
-0.00427
-0.04808
-0.09836
-0.12682
-0.14698
-0.17644
-0.20995
-0.23853
-0.26431
-0.29178
-0.33610
-0.38073
-0.40262
-0.40528
-0.41318
-0.42555
-0.42182
-0.40610
-0.40332
-0.41404
-0.42659
-0.43856
-0.43279
-0.38991
-0.33326
-0.30979
-0.30332
-0.28752
-0.26789
-0.23864
-0.19413
-0.14145
-0.09066
-0.06334
-0.05764
-0.05035
-0.04945
-0.06623
-0.06765
-0.03942
-0.00581
0.00365
-0.02397
-0.06332
-0.09465
-0.09489
-0.07247
-0.06269
-0.06249
-0.04646
-0.04941
-0.10451
-0.14787
-0.14696
-0.14874
-0.16346
-0.14246
-0.10123
-0.11321
-0.18153
-0.24851
-0.27272
-0.24437
-0.21519
-0.22424
-0.22390
-0.18980
-0.17193
-0.19334
-0.21749
-0.21103
-0.17742
-0.14402
-0.11612
-0.09117
-0.07216
-0.05702
-0.04173
-0.01887
0.02263
0.06805
0.10330
0.13932
0.16926
0.16643
0.13556
0.12481
0.15005
0.19674
0.23982
0.26136
0.26766
0.26260
0.23426
0.19960
0.19422
0.21295
0.24173
0.26530
0.26264
0.22081
0.15297
0.11601
0.15369
0.19565
0.16577
0.11997
0.12680
0.15475
0.13491
0.06995
0.04583
0.08542
0.11212
0.10612
0.11260
0.13999
0.17654
0.20760
0.19328
0.14100
0.11512
0.15781
0.22451
0.25271
0.23988
0.22812
0.25041
0.28310
0.29270
0.29961
0.32313
0.34265
0.34227
0.32550
0.31323
0.32049
0.33684
0.35946
0.39910
0.42195
0.41411
0.40271
0.41272
0.42820
0.42931
0.41246
0.43180
0.47380
0.48209
0.47231
0.44608
0.43331
0.41244
0.38724
0.37022
0.34877
0.31828
0.28143
0.26150
0.26193
0.25031
0.22836
0.24317
0.27927
0.30505
0.31116
0.30391
0.31022
0.33810
0.35663
0.37258
0.40156
0.42834
0.46002
0.49198
0.48889
0.44904
0.40465
0.39050
0.40624
0.41194
0.38694
0.34154
0.28280
0.21410
0.15544
0.13012
0.12831
0.10829
0.06802
0.03172
0.00327
-0.02066
-0.04243
-0.06757
-0.09885
-0.11960
-0.12485
-0.13568
-0.16929
-0.21060
-0.22799
-0.21182
-0.17314
-0.14336
-0.13894
-0.14305
-0.12411
-0.08181
-0.04963
-0.02883
0.00224
0.04185
0.06423
0.06515
0.05623
0.04562
0.03354
0.02833
0.05561
0.10109
0.13397
0.15300
0.16164
0.15537
0.14435
0.14259
0.14636
0.14265
0.13027
0.13023
0.14281
0.13969
0.09538
0.04355
0.04752
0.07269
0.05087
0.00773
-0.01937
-0.04523
-0.06536
-0.07188
-0.07594
-0.09593
-0.15244
-0.21176
-0.22908
-0.23908
-0.29136
-0.35999
-0.40417
-0.41993
-0.41565
-0.42132
-0.45930
-0.50143
-0.52491
-0.55342
-0.58438
-0.58255
-0.56146
-0.54573
-0.52215
-0.49560
-0.48414
-0.47571
-0.45998
-0.43580
-0.38886
-0.32644
-0.28300
-0.27027
-0.28667
-0.31997
-0.31949
-0.26632
-0.22138
-0.20541
-0.17995
-0.16676
-0.19520
-0.22567
-0.22411
-0.20668
-0.20300
-0.21272
-0.20740
-0.19275
-0.19855
-0.22308
-0.25894
-0.30899
-0.34090
-0.32110
-0.28288
-0.29270
-0.35037
-0.39822
-0.42365
-0.45518
-0.47730
-0.46242
-0.43721
-0.43756
-0.44292
-0.42056
-0.41431
-0.43061
-0.41743
-0.36342
-0.31575
-0.29784
-0.28057
-0.25534
-0.23768
-0.22984
-0.18314
-0.09700
-0.05200
-0.06290
-0.05768
-0.03177
-0.03501
-0.05103
-0.02808
0.03336
0.09121
0.11622
0.10645
0.08280
0.06706
0.07135
0.09509
0.12133
0.14926
0.18371
0.19192
0.16632
0.14797
0.15093
0.15039
0.14347
0.14895
0.15687
0.13578
0.10094
0.09195
0.09333
0.09707
0.11861
0.12792
0.10872
0.09358
0.09386
0.08931
0.07331
0.05562
0.05479
0.07921
0.09758
0.08073
0.05851
0.07508
0.10501
0.10577
0.09132
0.09109
0.11339
0.14033
0.14204
0.11969
0.10583
0.11287
0.13144
0.15398
0.17188
0.18094
0.17567
0.16502
0.17023
0.18052
0.17960
0.18309
0.19581
0.20148
0.21214
0.23266
0.23786
0.22205
0.19789
0.17784
0.17170
0.19119
0.21058
0.19400
0.16843
0.17184
0.19840
0.21284
0.21475
0.23684
0.27097
0.28184
0.26889
0.26551
0.28672
0.30136
0.27643
0.25131
0.26937
0.30204
0.31468
0.31072
0.30152
0.27802
0.24664
0.23914
0.26495
0.28102
0.26106
0.24288
0.23323
0.18968
0.12622
0.11183
0.13513
0.12319
0.07630
0.04905
0.05337
0.04315
-0.00118
-0.03898
-0.04073
-0.03395
-0.04069
-0.04990
-0.06808
-0.10007
-0.12351
-0.12072
-0.10304
-0.09007
-0.08689
-0.07394
-0.05609
-0.05913
-0.05801
-0.02455
0.00422
0.00763
0.02270
0.06004
0.08184
0.07603
0.07189
0.09902
0.14274
0.16806
0.17899
0.17619
0.16870
0.14394
0.13310
0.13575
0.12247
0.11752
0.10644
0.09734
0.08487
0.07701
0.06890
0.06743
0.06087
0.04404
0.05444
0.05952
0.02824
-0.01157
-0.00464
0.00680
-0.03094
-0.08000
-0.09380
-0.09893
-0.13716
-0.19127
-0.22214
-0.22084
-0.21209
-0.21273
-0.22096
-0.23533
-0.25289
-0.26036
-0.27950
-0.32188
-0.33911
-0.30397
-0.26748
-0.25513
-0.24371
-0.23050
-0.22104
-0.22097
-0.22556
-0.20370
-0.14917
-0.11256
-0.11839
-0.12625
-0.11973
-0.12386
-0.14001
-0.15032
-0.15039
-0.14533
-0.12746
-0.10383
-0.11148
-0.15763
-0.18983
-0.18713
-0.19859
-0.22903
-0.23238
-0.21601
-0.22978
-0.28478
-0.34687
-0.38657
-0.40922
-0.42525
-0.41752
-0.40595
-0.43753
-0.49644
-0.52688
-0.52053
-0.51511
-0.51421
-0.49180
-0.44737
-0.40350
-0.38891
-0.39728
-0.39686
-0.38340
-0.36305
-0.32917
-0.28431
-0.26018
-0.25577
-0.24093
-0.20840
-0.18058
-0.16968
-0.15930
-0.13679
-0.10990
-0.09518
-0.09231
-0.08626
-0.05710
-0.01586
0.01536
0.03388
0.04069
0.02827
0.00223
-0.01056
-0.00093
0.02067
0.04690
0.06670
0.06744
0.05000
0.03426
0.03743
0.04316
0.04321
0.03732
0.01921
0.00747
0.01591
0.02443
0.02034
0.02233
0.04013
0.06490
0.07617
0.05631
0.02928
0.02507
0.03863
0.05415
0.06435
0.07486
0.07878
0.06627
0.03920
0.01586
0.00823
0.01468
0.04163
0.06272
0.05611
0.04358
0.04987
0.06079
0.06536
0.08121
0.11156
0.13609
0.13547
0.12748
0.13369
0.14872
0.16262
0.18129
0.19927
0.19833
0.19601
0.20937
0.23244
0.24647
0.24638
0.25440
0.28074
0.31018
0.31560
0.30612
0.30482
0.31284
0.31831
0.32793
0.35193
0.37343
0.38617
0.40297
0.42708
0.43835
0.43112
0.42080
0.41774
0.42636
0.44541
0.47462
0.50950
0.52737
0.51639
0.49552
0.47857
0.45504
0.42987
0.41981
0.42325
0.42739
0.42143
0.39663
0.35591
0.33869
0.34527
0.33348
0.30363
0.27928
0.25777
0.22896
0.20243
0.17606
0.14867
0.12220
0.10344
0.09616
0.07555
0.02350
-0.02207
-0.03075
-0.02917
-0.04251
-0.05407
-0.04517
-0.03320
-0.02621
-0.02726
-0.02815
-0.02111
-0.00841
0.00359
0.01623
0.03110
0.04064
0.04963
0.07072
0.09943
0.12041
0.14301
0.16534
0.17659
0.18168
0.18021
0.16928
0.16888
0.17876
0.17460
0.15573
0.14599
0.15086
0.15122
0.13292
0.10157
0.08275
0.07796
0.07292
0.05041
0.01143
-0.02510
-0.04319
-0.05382
-0.08142
-0.11393
-0.13701
-0.14830
-0.16466
-0.19303
-0.21396
-0.22144
-0.23002
-0.24516
-0.26036
-0.27100
-0.27461
-0.28115
-0.30276
-0.32647
-0.33532
-0.33175
-0.32843
-0.34302
-0.36024
-0.35095
-0.32417
-0.32109
-0.33589
-0.32347
-0.28255
-0.25721
-0.26264
-0.26025
-0.23772
-0.22158
-0.21950
-0.21744
-0.20679
-0.18564
-0.15708
-0.13606
-0.13463
-0.14497
-0.15323
-0.15781
-0.16902
-0.18394
-0.19476
-0.19953
-0.20591
-0.22687
-0.25708
-0.27608
-0.29132
-0.31752
-0.33932
-0.34740
-0.36577
-0.39825
-0.42593
-0.44280
-0.44255
-0.43727
-0.42173
-0.39811
-0.38458
-0.39129
-0.40253
-0.38832
-0.36029
-0.33719
-0.31873
-0.29292
-0.26824
-0.25362
-0.22841
-0.19369
-0.17886
-0.17501
-0.15688
-0.13222
-0.11973
-0.11072
-0.09684
-0.09566
-0.09945
-0.07424
-0.01734
0.02182
0.02931
0.03305
0.03150
0.00918
0.00377
0.04163
0.07447
0.07847
0.07889
0.09505
0.11036
0.10989
0.10490
0.10826
0.11560
0.10752
0.08846
0.08770
0.10567
0.11894
0.11308
0.11024
0.11848
0.12043
0.11630
0.10734
0.09021
0.06791
0.06081
0.06337
0.06030
0.04331
0.01683
-0.00981
-0.03559
-0.04572
-0.03200
-0.00735
-0.00009
-0.01079
-0.02319
-0.02718
-0.01997
-0.00510
0.02149
0.04375
0.04283
0.03058
0.02701
0.03374
0.03761
0.04257
0.05654
0.07066
0.07763
0.08186
0.09698
0.11675
0.13191
0.14411
0.17065
0.21306
0.24449
0.24935
0.23686
0.23152
0.24387
0.27074
0.29276
0.30688
0.32996
0.36120
0.38090
0.39589
0.42049
0.43843
0.43897
0.43232
0.42898
0.43010
0.43394
0.44799
0.47626
0.49993
0.50588
0.48857
0.45393
0.42065
0.39671
0.37763
0.36256
0.34811
0.32902
0.31226
0.29150
0.25626
0.22322
0.20183
0.18114
0.16250
0.14565
0.12314
0.09326
0.06387
0.04558
0.03372
0.01624
-0.00983
-0.03229
-0.04842
-0.07188
-0.10171
-0.11645
-0.10973
-0.09974
-0.09259
-0.08027
-0.06416
-0.04844
-0.03063
-0.02071
-0.02224
-0.01881
-0.00762
0.00170
0.00687
0.01360
0.03251
0.06438
0.07820
0.06229
0.04960
0.05880
0.07287
0.07297
0.06464
0.05633
0.05287
0.04967
0.04591
0.04192
0.03494
0.03172
0.02846
0.01875
0.00722
0.00295
-0.00909
-0.03581
-0.05220
-0.05418
-0.06233
-0.08662
-0.11543
-0.13575
-0.14900
-0.16294
-0.18871
-0.22550
-0.25490
-0.26144
-0.26239
-0.28133
-0.30792
-0.32172
-0.31842
-0.31739
-0.32659
-0.33000
-0.32419
-0.32984
-0.33945
-0.33311
-0.32152
-0.30969
-0.29617
-0.27807
-0.25377
-0.23136
-0.22401
-0.22324
-0.21536
-0.20532
-0.19239
-0.17964
-0.17915
-0.18553
-0.17955
-0.17325
-0.17722
-0.17411
-0.16230
-0.16267
-0.17217
-0.17620
-0.17881
-0.18255
-0.18654
-0.18321
-0.18092
-0.19426
-0.21388
-0.22235
-0.22953
-0.24686
-0.25782
-0.25894
-0.26542
-0.28227
-0.29616
-0.29811
-0.29179
-0.27981
-0.26376
-0.24819
-0.23876
-0.23212
-0.22299
-0.21637
-0.21376
-0.20826
-0.19794
-0.18836
-0.17525
-0.15049
-0.12049
-0.09964
-0.08960
-0.06894
-0.03386
-0.01568
-0.02171
-0.01962
0.00625
0.03517
0.05394
0.07664
0.10633
0.12148
0.11581
0.10727
0.10429
0.09869
0.09626
0.11584
0.14810
0.16511
0.16514
0.16712
0.17269
0.17889
0.19169
0.20308
0.20126
0.18575
0.17136
0.17526
0.18856
0.19411
0.19883
0.21550
0.23716
0.25077
0.25337
0.24496
0.23300
0.23603
0.25077
0.25156
0.23779
0.22372
0.20432
0.17454
0.14996
0.14852
0.16410
0.17653
0.17610
0.16709
0.15176
0.13383
0.12461
0.12907
0.14018
0.14582
0.13927
0.12029
0.10179
0.09218
0.08962
0.08977
0.08690
0.08347
0.07965
0.07690
0.08206
0.10127
0.12704
0.15347
0.18566
0.21730
0.22785
0.21457
0.20342
0.19993
0.19790
0.20268
0.21554
0.22584
0.22714
0.22455
0.22623
0.23475
0.23945
0.24380
0.25631
0.27028
0.28031
0.29457
0.31643
0.34261
0.36590
0.37682
0.38081
0.37784
0.36459
0.34589
0.32778
0.30716
0.28268
0.25961
0.23528
0.21329
0.20010
0.18414
0.15405
0.12276
0.09740
0.06840
0.03173
-0.00301
-0.02953
-0.05323
-0.07531
-0.09284
-0.11122
-0.14318
-0.18185
-0.20955
-0.22645
-0.24519
-0.26473
-0.26906
-0.25777
-0.25156
-0.25661
-0.25686
-0.25106
-0.24730
-0.23869
-0.21893
-0.20157
-0.19788
-0.20282
-0.20251
-0.18294
-0.15233
-0.12815
-0.11262
-0.10847
-0.11280
-0.10491
-0.08618
-0.07861
-0.08421
-0.08547
-0.08094
-0.08662
-0.10007
-0.10732
-0.10839
-0.11527
-0.12339
-0.12063
-0.12119
-0.13883
-0.16043
-0.17633
-0.18815
-0.19753
-0.21173
-0.22455
-0.22950
-0.23712
-0.25130
-0.27157
-0.29603
-0.31560
-0.32382
-0.32628
-0.33529
-0.34870
-0.35431
-0.35117
-0.34613
-0.34400
-0.34085
-0.33008
-0.31211
-0.29578
-0.28898
-0.28777
-0.27495
-0.25067
-0.23596
-0.22546
-0.20480
-0.18379
-0.17616
-0.17680
-0.17544
-0.17052
-0.16254
-0.15809
-0.15457
-0.14599
-0.13966
-0.13892
-0.13850
-0.13411
-0.13589
-0.14162
-0.13908
-0.13419
-0.14221
-0.15887
-0.16121
-0.15225
-0.15318
-0.16119
-0.16273
-0.16015
-0.16300
-0.16870
-0.17337
-0.17936
-0.18686
-0.19232
-0.20121
-0.21954
-0.22118
-0.21227
-0.20014
-0.18883
-0.18611
-0.17715
-0.16546
-0.15316
-0.14063
-0.13409
-0.13184
-0.12971
-0.12433
-0.10315
-0.08226
-0.06115
-0.03105
-0.00222
0.01562
0.02741
0.04386
0.05831
0.07757
0.10636
0.14287
0.17769
0.20490
0.22044
0.22421
0.23058
0.24761
0.26293
0.26811
0.27725
0.29419
0.31278
0.32545
0.32573
0.32669
0.33781
0.35079
0.35167
0.33903
0.32380
0.31275
0.31114
0.31479
0.31931
0.33107
0.34671
0.35004
0.33988
0.33027
0.31910
0.30510
0.30086
0.30722
0.31482
0.31433
0.29850
0.26471
0.23368
0.21999
0.21261
0.20924
0.21009
0.20794
0.19668
0.18146
0.16714
0.15399
0.15035
0.15969
0.16672
0.15810
0.14161
0.12487
0.10844
0.10082
0.10679
0.11483
0.11662
0.11699
0.11797
0.11762
0.12286
0.13742
0.15841
0.18413
0.20446
0.21573
0.22284
0.22352
0.21782
0.21748
0.23140
0.25037
0.26706
0.28645
0.30311
0.31000
0.31889
0.33194
0.33788
0.33968
0.34312
0.34597
0.34580
0.34765
0.35987
0.37519
0.38070
0.37281
0.35582
0.33776
0.31612
0.29360
0.27531
0.25129
0.22023
0.19292
0.17271
0.15218
0.12898
0.10659
0.08366
0.05418
0.01970
-0.01357
-0.04535
-0.07584
-0.10392
-0.12167
-0.13637
-0.16316
-0.19759
-0.22902
-0.25150
-0.27394
-0.29899
-0.30931
-0.30029
-0.29098
-0.29095
-0.29039
-0.29005
-0.29629
-0.29978
-0.28763
-0.26710
-0.25546
-0.25263
-0.24950
-0.24163
-0.23062
-0.21434
-0.19048
-0.17188
-0.16671
-0.16816
-0.16795
-0.17211
-0.18108
-0.18502
-0.18819
-0.19368
-0.20070
-0.20802
-0.21700
-0.22689
-0.23105
-0.22955
-0.23058
-0.23963
-0.25229
-0.26493
-0.27837
-0.29157
-0.29773
-0.29952
-0.30550
-0.31588
-0.32774
-0.34197
-0.36019
-0.37544
-0.38285
-0.38427
-0.38198
-0.37935
-0.38382
-0.39477
-0.39843
-0.38997
-0.38269
-0.38107
-0.37523
-0.36615
-0.35748
-0.34936
-0.34067
-0.32818
-0.30854
-0.28163
-0.25993
-0.25172
-0.24817
-0.24320
-0.23881
-0.23236
-0.22296
-0.21598
-0.20717
-0.19562
-0.18881
-0.18568
-0.18526
-0.18556
-0.18295
-0.17583
-0.17252
-0.17760
-0.18817
-0.20182
-0.21565
-0.22556
-0.22706
-0.23019
-0.23498
-0.23362
-0.22994
-0.22903
-0.23180
-0.23387
-0.23549
-0.23739
-0.24089
-0.24506
-0.23922
-0.23081
-0.22102
-0.20705
-0.19184
-0.17209
-0.15392
-0.13303
-0.11077
-0.09344
-0.07918
-0.06449
-0.04843
-0.02980
-0.00467
0.02477
0.05185
0.06816
0.07976
0.09252
0.10014
0.10637
0.11988
0.14703
0.18268
0.21470
0.24078
0.26164
0.27299
0.27798
0.28591
0.29916
0.31268
0.32421
0.34026
0.35642
0.36945
0.37756
0.38232
0.39198
0.40195
0.40188
0.38885
0.37133
0.35678
0.35020
0.35322
0.36316
0.37827
0.39563
0.40712
0.40617
0.39644
0.38550
0.38040
0.38365
0.39016
0.39874
0.40450
0.39668
0.37327
0.34099
0.31475
0.30256
0.29939
0.29517
0.28649
0.27076
0.24994
0.23205
0.21503
0.20246
0.19845
0.19854
0.19152
0.17418
0.14886
0.12113
0.10734
0.10803
0.11393
0.12118
0.12703
0.12789
0.12830
0.13695
0.15293
0.17322
0.19727
0.21906
0.23207
0.23758
0.24021
0.24308
0.24637
0.25631
0.28005
0.30784
0.32963
0.34755
0.36115
0.37547
0.39021
0.40029
0.41084
0.41895
0.42160
0.42412
0.43168
0.44292
0.44992
0.45022
0.44601
0.43603
0.42095
0.40470
0.38640
0.36517
0.34090
0.31364
0.28676
0.26584
0.24744
0.22851
0.21275
0.19437
0.17132
0.14232
0.10705
0.06770
0.02532
-0.01224
-0.04524
-0.08049
-0.11963
-0.16109
-0.20488
-0.24776
-0.28214
-0.30524
-0.31463
-0.31306
-0.31088
-0.30985
-0.30892
-0.30861
-0.30550
-0.29767
-0.28270
-0.26461
-0.24887
-0.23676
-0.23330
-0.22839
-0.21133
-0.18792
-0.15911
-0.12674
-0.09962
-0.08348
-0.08150
-0.08888
-0.09697
-0.10280
-0.10431
-0.10583
-0.10961
-0.12026
-0.13986
-0.15783
-0.17056
-0.17501
-0.17536
-0.17845
-0.18491
-0.19868
-0.21746
-0.23687
-0.25128
-0.25761
-0.26158
-0.26632
-0.27785
-0.30007
-0.32925
-0.36103
-0.38656
-0.39678
-0.39141
-0.38143
-0.37365
-0.36854
-0.36508
-0.36476
-0.36890
-0.36979
-0.36561
-0.36233
-0.36621
-0.37654
-0.39123
-0.40592
-0.41433
-0.41413
-0.40707
-0.40078
-0.39398
-0.38579
-0.37532
-0.36024
-0.34790
-0.33332
-0.31086
-0.28819
-0.26729
-0.25448
-0.24636
-0.23595
-0.22976
-0.22370
-0.21692
-0.21308
-0.21302
-0.21988
-0.23261
-0.24564
-0.25774
-0.26876
-0.27557
-0.27847
-0.27685
-0.27051
-0.26431
-0.26186
-0.26045
-0.26303
-0.26946
-0.27609
-0.27760
-0.27072
-0.25921
-0.24443
-0.23244
-0.22151
-0.20973
-0.19685
-0.18073
-0.16607
-0.15795
-0.15330
-0.14999
-0.14714
-0.13520
-0.11502
-0.08742
-0.05672
-0.02991
-0.00960
0.00070
0.00443
0.00915
0.02348
0.04484
0.07184
0.10138
0.12884
0.15163
0.16318
0.17038
0.17980
0.19139
0.20546
0.21919
0.23228
0.24378
0.25164
0.25760
0.26560
0.27780
0.28753
0.28901
0.28325
0.27417
0.26529
0.26217
0.26984
0.28383
0.30131
0.31635
0.32320
0.32154
0.31334
0.30412
0.29910
0.30101
0.30587
0.30913
0.30574
0.29304
0.27197
0.25067
0.23776
0.23375
0.23761
0.24084
0.23752
0.22893
0.21756
0.20551
0.19550
0.19015
0.18901
0.18690
0.17671
0.15957
0.13637
0.11637
0.11021
0.11268
0.11917
0.12546
0.13000
0.13517
0.14420
0.15915
0.17792
0.19972
0.22117
0.23750
0.24816
0.25612
0.26461
0.27639
0.29173
0.31204
0.33854
0.36655
0.39064
0.40829
0.42455
0.44264
0.45924
0.46992
0.47273
0.47114
0.46818
0.46743
0.47261
0.48247
0.48727
0.48179
0.46857
0.44888
0.42896
0.40816
0.38633
0.36601
0.34267
0.31947
0.29918
0.28122
0.26463
0.25035
0.23766
0.22090
0.20048
0.17646
0.14867
0.11882
0.09035
0.06761
0.04882
0.02828
0.00436
-0.02442
-0.05648
-0.08324
-0.10292
-0.11490
-0.11881
-0.12071
-0.12664
-0.13393
-0.13758
-0.13996
-0.14034
-0.13439
-0.12444
-0.11717
-0.11424
-0.11522
-0.11683
-0.11603
-0.10970
-0.09495
-0.07887
-0.06816
-0.06411
-0.06511
-0.06956
-0.07522
-0.07911
-0.08098
-0.08382
-0.09065
-0.09806
-0.10884
-0.12423
-0.13450
-0.13997
-0.14230
-0.14463
-0.15351
-0.16820
-0.18815
-0.20560
-0.21412
-0.21714
-0.21717
-0.21968
-0.23276
-0.25165
-0.27295
-0.29828
-0.31839
-0.32911
-0.33132
-0.33270
-0.33779
-0.34342
-0.34946
-0.35207
-0.35126
-0.34718
-0.33824
-0.32720
-0.31767
-0.31105
-0.30610
-0.29909
-0.28828
-0.27353
-0.25905
-0.24977
-0.24548
-0.24646
-0.24931
-0.25058
-0.24868
-0.24574
-0.24353
-0.24070
-0.23900
-0.23905
-0.23942
-0.23886
-0.23791
-0.23640
-0.23523
-0.23720
-0.24136
-0.24597
-0.25357
-0.26335
-0.27188
-0.27764
-0.28125
-0.28412
-0.28517
-0.28381
-0.28075
-0.27841
-0.27899
-0.28365
-0.28970
-0.29545
-0.29795
-0.29280
-0.28211
-0.27020
-0.25851
-0.24641
-0.23565
-0.22311
-0.20819
-0.19609
-0.19011
-0.18790
-0.18647
-0.18517
-0.17752
-0.16254
-0.13958
-0.11327
-0.09222
-0.07669
-0.06722
-0.05768
-0.04435
-0.02476
0.00538
0.03890
0.07101
0.10142
0.12333
0.13603
0.14464
0.15233
0.16425
0.17908
0.19420
0.20710
0.21562
0.22267
0.22679
0.23068
0.23740
0.24239
0.23904
0.22898
0.21654
0.20255
0.19520
0.19887
0.21015
0.22455
0.23887
0.24719
0.24378
0.23337
0.22201
0.21348
0.21447
0.22055
0.22553
0.22764
0.21843
0.19807
0.17212
0.15030
0.13814
0.13482
0.13446
0.12935
0.12046
0.10516
0.08825
0.07616
0.07112
0.07436
0.07889
0.07620
0.06498
0.04587
0.02578
0.01752
0.01847
0.02636
0.03739
0.04559
0.05375
0.06457
0.08026
0.09744
0.11759
0.14280
0.16314
0.17618
0.18534
0.18756
0.18879
0.19510
0.20865
0.23384
0.26094
0.28308
0.30203
0.31693
0.33388
0.35210
0.36616
0.37612
0.38109
0.38380
0.38827
0.39905
0.41210
0.41881
0.41903
0.41380
0.40573
0.39728
0.38827
0.37975
0.36948
0.35355
0.33357
0.31468
0.29812
0.28421
0.27161
0.25700
0.24019
0.21198
0.17552
0.14027
0.10352
0.07256
0.04895
0.02848
0.00729
-0.02090
-0.05471
-0.08922
-0.11786
-0.13722
-0.15133
-0.15654
-0.15477
-0.15541
-0.15868
-0.16430
-0.16539
-0.16453
-0.16059
-0.14773
-0.13459
-0.12728
-0.12926
-0.13482
-0.13679
-0.12801
-0.10811
-0.08439
-0.05960
-0.04015
-0.03060
-0.02834
-0.02898
-0.02704
-0.01980
-0.01452
-0.01216
-0.01496
-0.02808
-0.04721
-0.06497
-0.07392
-0.07473
-0.07295
-0.07885
-0.09496
-0.11754
-0.14387
-0.16803
-0.18476
-0.19171
-0.19668
-0.20236
-0.21234
-0.22934
-0.25033
-0.27169
-0.28416
-0.28737
-0.28565
-0.28509
-0.28506
-0.28453
-0.28437
-0.28330
-0.28011
-0.26959
-0.25802
-0.24813
-0.23959
-0.23473
-0.23190
-0.22779
-0.22044
-0.21037
-0.19891
-0.19115
-0.18629
-0.18445
-0.18370
-0.18287
-0.18385
-0.18188
-0.17724
-0.17245
-0.16941
-0.16511
-0.15802
-0.14940
-0.14005
-0.13387
-0.13043
-0.12907
-0.12920
-0.13179
-0.13609
-0.13896
-0.14203
-0.14559
-0.14928
-0.15169
-0.15238
-0.15301
-0.15021
-0.14724
-0.14863
-0.15608
-0.16875
-0.18305
-0.19521
-0.20182
-0.20521
-0.20850
-0.21262
-0.21766
-0.21903
-0.21289
-0.20443
-0.19566
-0.18977
-0.18753
-0.18350
-0.17223
-0.15303
-0.12240
-0.08664
-0.04941
-0.01789
0.00348
0.01993
0.03132
0.04796
0.07144
0.10013
0.13504
0.17127
0.20391
0.22889
0.24517
0.25839
0.26774
0.27974
0.28862
0.29704
0.30451
0.31184
0.31647
0.31872
0.32020
0.32207
0.32046
0.31227
0.29830
0.28306
0.27489
0.26943
0.27671
0.29164
0.31129
0.32249
0.32657
0.31754
0.30359
0.28006
0.26333
0.25110
0.24723
0.24827
0.25000
0.24554
0.23545
0.21923
0.20229
0.19533
0.18514
0.17924
0.15644
0.13229
0.09149
0.05813
0.01646
-0.00437
-0.02745
-0.03214
-0.05446
-0.06452
-0.09188
-0.10703
