sample-data.txt   1 channel (mono)
Sample Rate: 22050 Hz. Sample values on linear scale.
Length processed: 9625 samples 0.43651 seconds.


0.01775
0.03926
0.05959
0.06367
0.06091
0.06672
0.08845
0.11284
0.14017
0.17063
0.18284
0.18003
0.18379
0.18704
0.19036
0.20186
0.21751
0.23123
0.24112
0.25544
0.26229
0.25086
0.24061
0.24082
0.23892
0.23459
0.23592
0.23727
0.22617
0.21869
0.23056
0.24534
0.25243
0.25925
0.24906
0.21557
0.20007
0.18228
0.14150
0.12217
0.11745
0.10707
0.09721
0.07642
0.02939
-0.02656
-0.06514
-0.09876
-0.13039
-0.13985
-0.14518
-0.16093
-0.16680
-0.17507
-0.19243
-0.18279
-0.14877
-0.12373
-0.10533
-0.08632
-0.08613
-0.10895
-0.13232
-0.13090
-0.10376
-0.07422
-0.05156
-0.03241
-0.01966
-0.00918
0.02199
0.06414
0.08060
0.07095
0.06645
0.08515
0.12226
0.16475
0.18596
0.19026
0.18531
0.18709
0.22167
0.25904
0.27673
0.26560
0.23248
0.21773
0.23589
0.26183
0.27701
0.27439
0.25167
0.22187
0.20422
0.21017
0.20184
0.18979
0.19922
0.17624
0.13092
0.09861
0.07324
0.07282
0.10835
0.12120
0.07255
0.00608
-0.05636
-0.09731
-0.08928
-0.06492
-0.05680
-0.04954
-0.05215
-0.06955
-0.07967
-0.09102
-0.11520
-0.14781
-0.17272
-0.19001
-0.19442
-0.17670
-0.14989
-0.12558
-0.12542
-0.14627
-0.16947
-0.18517
-0.19753
-0.20668
-0.20868
-0.21969
-0.23084
-0.23476
-0.22831
-0.20953
-0.19349
-0.18996
-0.19878
-0.20774
-0.21322
-0.21138
-0.20288
-0.19217
-0.17351
-0.14837
-0.12921
-0.11913
-0.10858
-0.09555
-0.06904
-0.02548
0.00771
0.00986
-0.00002
0.00049
0.01169
0.04268
0.09036
0.12407
0.13624
0.15394
0.17415
0.17682
0.17443
0.17956
0.18644
0.19235
0.21729
0.25203
0.25945
0.24293
0.21152
0.16525
0.12761
0.11954
0.12083
0.10461
0.08023
0.05691
0.01893
-0.02743
-0.04984
-0.05925
-0.07729
-0.07892
-0.07042
-0.09443
-0.13288
-0.15336
-0.16687
-0.18071
-0.18466
-0.18070
-0.18139
-0.17001
-0.15428
-0.17016
-0.20398
-0.22345
-0.21363
-0.18398
-0.15668
-0.13850
-0.13689
-0.15200
-0.14318
-0.10223
-0.07358
-0.04691
-0.00947
-0.00375
-0.01628
-0.02769
-0.05563
-0.05637
-0.00683
0.06603
0.13165
0.15694
0.15396
0.13709
0.11410
0.09769
0.07990
0.07173
0.08709
0.09979
0.07575
0.03285
0.00016
-0.01539
0.01405
0.07180
0.10064
0.09798
0.07342
0.02317
-0.00642
0.00888
0.03363
0.07095
0.11006
0.10970
0.08545
0.07139
0.06526
0.07055
0.09731
0.12923
0.14323
0.14168
0.14459
0.15198
0.16227
0.17443
0.18455
0.18632
0.18445
0.18103
0.17305
0.17620
0.17382
0.17103
0.19018
0.20935
0.22053
0.23483
0.22480
0.17410
0.12669
0.09051
0.04201
0.00979
0.01339
0.00601
-0.01941
-0.03196
-0.06568
-0.13592
-0.17863
-0.19444
-0.21952
-0.22375
-0.23673
-0.29206
-0.33682
-0.35544
-0.37045
-0.36119
-0.33108
-0.30785
-0.28733
-0.27448
-0.26246
-0.24405
-0.23891
-0.26152
-0.29195
-0.30639
-0.30860
-0.27879
-0.20980
-0.15549
-0.12663
-0.10337
-0.10446
-0.09895
-0.05292
0.01717
0.09069
0.12406
0.09737
0.04861
0.02306
0.05560
0.14852
0.24297
0.28460
0.26919
0.21550
0.16262
0.15840
0.21403
0.27575
0.29059
0.27130
0.21654
0.14639
0.14536
0.18929
0.20188
0.19329
0.15231
0.06588
0.00279
-0.01146
-0.01169
0.01504
0.05794
0.04688
-0.01175
-0.07486
-0.14190
-0.17732
-0.17372
-0.17525
-0.18364
-0.18180
-0.17599
-0.16645
-0.14941
-0.15751
-0.19726
-0.23651
-0.27367
-0.29466
-0.28145
-0.26111
-0.24946
-0.25134
-0.27804
-0.31548
-0.33484
-0.33404
-0.32792
-0.32284
-0.32857
-0.35067
-0.37401
-0.37619
-0.34988
-0.28642
-0.21586
-0.18387
-0.19090
-0.22657
-0.26095
-0.26328
-0.22740
-0.18245
-0.15398
-0.13893
-0.14495
-0.14937
-0.11843
-0.06618
-0.00025
0.06943
0.09879
0.09375
0.08580
0.08744
0.11723
0.17342
0.22352
0.23662
0.22948
0.22774
0.23724
0.26093
0.28243
0.28019
0.26438
0.27280
0.30523
0.33120
0.33990
0.33722
0.31498
0.27312
0.23728
0.20438
0.17813
0.16136
0.14515
0.12699
0.09934
0.06435
0.02620
-0.00123
-0.01808
-0.01464
0.00681
0.01566
0.00375
-0.02806
-0.06691
-0.09195
-0.09583
-0.08173
-0.05685
-0.05700
-0.09204
-0.12924
-0.15020
-0.14893
-0.11686
-0.07844
-0.05500
-0.03367
-0.04595
-0.07339
-0.06311
-0.02743
0.02386
0.09060
0.13901
0.16025
0.16054
0.11285
0.05762
0.03178
0.02589
0.07689
0.18391
0.26152
0.28217
0.25624
0.18690
0.13003
0.10877
0.12717
0.16904
0.16810
0.10351
0.01193
-0.06436
-0.07113
-0.00338
0.08383
0.14313
0.13178
0.06384
-0.01997
-0.06964
-0.05080
-0.00018
0.04176
0.06150
0.05484
0.04204
0.04551
0.06613
0.10051
0.12362
0.13854
0.14415
0.14200
0.16182
0.18507
0.21078
0.23588
0.23207
0.22074
0.22326
0.21956
0.20261
0.18413
0.17391
0.17052
0.18304
0.22552
0.27978
0.31892
0.32845
0.30476
0.23066
0.13838
0.08141
0.05733
0.06488
0.08987
0.09788
0.07149
0.01918
-0.05156
-0.11523
-0.14713
-0.16188
-0.17080
-0.19109
-0.22687
-0.28140
-0.32486
-0.30351
-0.24473
-0.18036
-0.14662
-0.19676
-0.30329
-0.39234
-0.40865
-0.33776
-0.27380
-0.31211
-0.39965
-0.46097
-0.42461
-0.24546
-0.01473
0.13655
0.16429
0.12734
0.10627
0.13179
0.23960
0.38863
0.44206
0.39596
0.28793
0.19058
0.22309
0.34909
0.47051
0.50629
0.42871
0.27730
0.13533
0.08846
0.14271
0.22434
0.25272
0.20429
0.10522
0.01520
-0.02087
0.02872
0.11955
0.15811
0.10567
-0.01182
-0.11858
-0.15958
-0.11690
-0.03965
0.01708
0.02545
-0.01877
-0.08677
-0.14628
-0.17955
-0.20079
-0.19080
-0.16281
-0.13815
-0.09456
-0.04800
-0.01811
-0.02291
-0.08490
-0.17097
-0.22396
-0.24305
-0.23986
-0.22897
-0.23030
-0.24563
-0.26223
-0.27001
-0.27431
-0.27622
-0.28071
-0.29343
-0.33133
-0.38448
-0.43473
-0.45410
-0.42049
-0.36798
-0.31256
-0.28453
-0.30003
-0.33156
-0.35237
-0.33998
-0.30083
-0.26899
-0.26488
-0.28861
-0.32483
-0.33172
-0.29686
-0.23480
-0.18204
-0.15922
-0.15771
-0.15397
-0.11723
-0.06265
-0.01101
0.02430
0.05169
0.08969
0.15465
0.22559
0.25650
0.25032
0.22163
0.19818
0.20738
0.24889
0.29827
0.33350
0.33274
0.29427
0.24543
0.20077
0.16600
0.13330
0.10471
0.07987
0.06056
0.05253
0.05047
0.03898
-0.00720
-0.07195
-0.12556
-0.15636
-0.14670
-0.10039
-0.07558
-0.11781
-0.19968
-0.26525
-0.28051
-0.24086
-0.16605
-0.11085
-0.09878
-0.11448
-0.15221
-0.18091
-0.19428
-0.18402
-0.13861
-0.10222
-0.06793
-0.04457
-0.06502
-0.06450
-0.01370
0.04718
0.11099
0.16060
0.16005
0.12637
0.08485
0.01711
-0.04336
-0.02735
0.06819
0.21455
0.31695
0.28662
0.16520
0.04241
0.02415
0.11504
0.18351
0.17921
0.10511
-0.04362
-0.16461
-0.19508
-0.15523
-0.02292
0.13726
0.19635
0.13746
0.01835
-0.10795
-0.16055
-0.10963
-0.02408
0.02971
0.03210
-0.00164
-0.03466
-0.02569
0.01399
0.06252
0.10287
0.12257
0.13963
0.15105
0.15914
0.16996
0.19030
0.23716
0.28357
0.30179
0.30083
0.27335
0.22898
0.20631
0.19973
0.18932
0.21807
0.30025
0.36829
0.40395
0.40768
0.35971
0.27258
0.17569
0.12594
0.12490
0.11918
0.09555
0.03746
-0.03570
-0.08636
-0.14030
-0.19722
-0.21185
-0.21920
-0.27006
-0.33141
-0.40662
-0.48754
-0.53392
-0.54814
-0.52524
-0.50223
-0.50719
-0.48877
-0.44255
-0.38512
-0.30535
-0.23240
-0.18938
-0.23817
-0.38907
-0.49783
-0.47932
-0.35497
-0.18699
-0.09128
-0.12483
-0.20865
-0.24193
-0.12438
0.10329
0.27062
0.32595
0.25001
0.10625
0.01106
0.01951
0.18317
0.40820
0.53864
0.54468
0.45441
0.35650
0.36564
0.45284
0.54765
0.58110
0.50656
0.41351
0.34305
0.29360
0.31706
0.41535
0.48063
0.42479
0.26058
0.08010
0.01534
0.06681
0.13065
0.13617
0.10000
0.05407
0.00754
-0.04702
-0.11678
-0.16813
-0.20995
-0.24672
-0.26103
-0.24753
-0.19772
-0.14276
-0.14747
-0.22112
-0.31667
-0.37057
-0.35584
-0.31596
-0.28727
-0.29741
-0.32964
-0.36083
-0.38569
-0.39278
-0.37480
-0.34044
-0.34770
-0.40042
-0.46893
-0.51404
-0.50623
-0.45183
-0.36814
-0.29791
-0.26827
-0.30154
-0.35442
-0.38264
-0.37129
-0.29069
-0.18864
-0.12475
-0.13091
-0.16398
-0.14678
-0.07936
0.00978
0.07194
0.07232
0.05236
0.08327
0.16000
0.22598
0.26212
0.28732
0.32394
0.36887
0.40977
0.44108
0.43671
0.38853
0.34559
0.34642
0.37657
0.40181
0.42165
0.44036
0.42085
0.36485
0.32265
0.30056
0.28222
0.23265
0.16852
0.15285
0.14541
0.10267
0.05611
0.02171
-0.05795
-0.16161
-0.21323
-0.23762
-0.23616
-0.19857
-0.17632
-0.23955
-0.34147
-0.36565
-0.30622
-0.21025
-0.15459
-0.18052
-0.24461
-0.30300
-0.32087
-0.29770
-0.25164
-0.20766
-0.19806
-0.18581
-0.12237
-0.07721
-0.10099
-0.10354
-0.02061
0.08142
0.12981
0.16593
0.18919
0.16324
0.09678
-0.01633
-0.12234
-0.10564
0.07642
0.29635
0.41353
0.36425
0.20770
0.10505
0.11594
0.16082
0.17821
0.16673
0.08891
-0.04705
-0.18667
-0.23309
-0.13463
0.02295
0.15718
0.21533
0.15390
0.03494
-0.05662
-0.09633
-0.04152
0.05887
0.12002
0.12834
0.13242
0.14655
0.14473
0.15844
0.18405
0.18344
0.17832
0.20021
0.20349
0.19272
0.20987
0.25653
0.32635
0.39452
0.42491
0.41703
0.38357
0.29748
0.18777
0.16027
0.20233
0.23755
0.33527
0.46767
0.50907
0.46387
0.41968
0.34738
0.19793
0.10989
0.09945
0.07536
0.04698
0.01777
-0.04921
-0.09314
-0.10269
-0.18287
-0.25103
-0.25758
-0.32885
-0.43721
-0.48762
-0.57063
-0.66896
-0.65329
-0.59450
-0.57662
-0.54265
-0.45983
-0.39836
-0.31397
-0.18000
-0.08593
-0.11513
-0.31899
-0.53192
-0.57488
-0.47507
-0.32695
-0.16172
-0.06990
-0.10656
-0.13949
-0.07652
0.07135
0.20713
0.27952
0.29861
0.26799
0.19861
0.14973
0.23305
0.42960
0.58337
0.61254
0.59171
0.52867
0.43752
0.41684
0.48446
0.58393
0.60451
0.52978
0.47242
0.44749
0.37913
0.39626
0.54134
0.54259
0.37916
0.24089
0.13707
0.06733
0.09090
0.12578
0.10841
0.14812
0.16515
0.05868
-0.05249
-0.14935
-0.26579
-0.32373
-0.30644
-0.31136
-0.26290
-0.12960
-0.04877
-0.07617
-0.18146
-0.28501
-0.35017
-0.37214
-0.38208
-0.37872
-0.34753
-0.32124
-0.30445
-0.28064
-0.26287
-0.25728
-0.26314
-0.30261
-0.36716
-0.45397
-0.52225
-0.50290
-0.41487
-0.32580
-0.25715
-0.21689
-0.24529
-0.32388
-0.34393
-0.27993
-0.18887
-0.10895
-0.09177
-0.11064
-0.11040
-0.09420
-0.03760
0.07407
0.16694
0.17323
0.17037
0.21004
0.24612
0.27499
0.33263
0.44210
0.60241
0.78396
0.82408
0.61087
0.33766
0.20353
0.09180
0.10429
0.24321
0.13376
0.10201
0.31300
0.39685
0.48004
0.60482
0.65148
0.71049
0.72714
0.59756
0.41470
0.33332
0.35803
0.36364
0.33160
0.26519
0.11718
0.00980
-0.03765
-0.11508
-0.13328
-0.14580
-0.23745
-0.33533
-0.46943
-0.61070
-0.66172
-0.63023
-0.56660
-0.52663
-0.54608
-0.65038
-0.71557
-0.71888
-0.71825
-0.62085
-0.53108
-0.49687
-0.40994
-0.36128
-0.36803
-0.26733
-0.14102
-0.09205
0.00289
0.07921
0.08427
0.12795
0.10550
-0.00836
-0.00793
0.09458
0.24871
0.46659
0.53891
0.46673
0.37711
0.29948
0.29485
0.27695
0.23690
0.20387
0.08644
-0.09360
-0.18824
-0.23375
-0.17416
0.04640
0.23432
0.28521
0.19931
0.05292
-0.13585
-0.23133
-0.15723
-0.07506
-0.02155
0.05077
0.07264
0.03769
0.01595
0.01276
0.02020
0.02847
0.07793
0.07180
0.00648
-0.02529
-0.04663
-0.01721
0.05395
0.13878
0.17713
0.16896
0.16289
0.11094
0.08657
0.07220
0.07086
0.18459
0.30147
0.37508
0.42521
0.43513
0.38043
0.23435
0.12488
0.07477
-0.03806
-0.09095
-0.08904
-0.15441
-0.18981
-0.22572
-0.32734
-0.36686
-0.37271
-0.46317
-0.50513
-0.56752
-0.66582
-0.74881
-0.82652
-0.77825
-0.74271
-0.71487
-0.62178
-0.54795
-0.50458
-0.36436
-0.23627
-0.15352
-0.08892
-0.24994
-0.40747
-0.44905
-0.41960
-0.27383
-0.09318
-0.01605
0.02794
0.01937
0.02767
0.17528
0.26732
0.42278
0.51726
0.48318
0.34456
0.16129
0.19828
0.36485
0.52951
0.64859
0.69212
0.63551
0.55652
0.47675
0.51200
0.61614
0.60447
0.57512
0.50048
0.35403
0.27233
0.34617
0.44215
0.48273
0.43748
0.24345
0.11373
0.10158
0.05847
-0.00469
0.01856
0.02448
-0.06911
-0.11666
-0.13539
-0.16848
-0.21120
-0.25896
-0.32189
-0.39260
-0.41280
-0.34905
-0.27418
-0.24446
-0.28605
-0.39508
-0.48004
-0.53748
-0.53048
-0.49074
-0.43951
-0.40946
-0.41122
-0.42829
-0.46586
-0.43333
-0.40410
-0.36466
-0.33866
-0.41313
-0.48986
-0.54711
-0.54707
-0.44578
-0.30379
-0.19975
-0.15743
-0.16835
-0.23383
-0.27431
-0.24268
-0.17317
-0.09130
-0.01194
0.01921
-0.01870
-0.02367
0.03378
0.11244
0.17688
0.20679
0.21431
0.22620
0.28947
0.37135
0.43534
0.44107
0.42997
0.46312
0.47810
0.48190
0.50177
0.46860
0.40650
0.41730
0.42085
0.42159
0.47605
0.48878
0.45496
0.38230
0.27972
0.20386
0.12655
0.07156
0.04270
0.03463
0.03817
0.00567
-0.02284
-0.10897
-0.24573
-0.34508
-0.34163
-0.28462
-0.23895
-0.16415
-0.18587
-0.35393
-0.43465
-0.39377
-0.33391
-0.16890
-0.08278
-0.16606
-0.26725
-0.35968
-0.40492
-0.33718
-0.23843
-0.17575
-0.01378
0.03096
-0.01432
0.07801
0.06170
0.06881
0.20760
0.26749
0.32944
0.42001
0.38589
0.28964
0.21197
0.02305
-0.09474
0.04203
0.21546
0.44037
0.64771
0.54475
0.37836
0.27519
0.17524
0.19559
0.20031
0.12396
0.03689
-0.13451
-0.33245
-0.31778
-0.20421
-0.02562
0.18327
0.22900
0.13629
-0.03583
-0.17374
-0.24579
-0.18187
-0.06495
-0.01817
0.02998
0.09086
0.13255
0.15649
0.20045
0.24960
0.24919
0.21728
0.23795
0.26166
0.25470
0.27953
0.31403
0.34534
0.35208
0.31425
0.32939
0.33985
0.26580
0.17789
0.13802
0.10251
0.10441
0.30586
0.47307
0.48615
0.49508
0.42003
0.24084
0.00445
-0.11077
-0.03783
-0.11112
-0.15273
-0.04399
-0.17099
-0.28189
-0.28986
-0.39469
-0.43163
-0.41833
-0.50344
-0.61169
-0.68710
-0.81249
-0.89609
-0.88738
-0.80371
-0.74766
-0.74352
-0.56333
-0.46383
-0.41096
-0.17671
-0.09396
-0.12583
-0.37700
-0.68112
-0.65959
-0.54397
-0.37535
-0.12481
-0.03565
-0.11692
-0.09938
-0.03372
0.13933
0.28014
0.35426
0.45219
0.29743
0.12707
0.08609
0.17492
0.42881
0.60619
0.66628
0.67936
0.45598
0.30424
0.39405
0.41530
0.60425
0.71177
0.51378
0.38960
0.33974
0.24910
0.25849
0.45822
0.45375
0.19243
0.07408
0.03473
-0.07060
-0.08330
-0.00831
-0.01178
0.04704
0.02560
-0.10558
-0.13263
-0.16924
-0.18853
-0.27980
-0.38337
-0.39405
-0.30087
-0.09720
-0.00366
-0.11077
-0.27296
-0.30933
-0.30217
-0.35014
-0.40827
-0.38053
-0.29459
-0.29271
-0.29933
-0.25075
-0.24513
-0.24327
-0.20280
-0.19935
-0.23121
-0.25096
-0.30258
-0.37385
-0.33523
-0.20430
-0.07046
0.03302
0.08120
-0.02369
-0.11393
-0.05405
-0.03838
0.01759
0.11019
0.12630
0.15090
0.17936
0.19704
0.21850
0.30157
0.35031
0.26997
0.27494
0.37269
0.46813
0.55156
0.52258
0.41813
0.41215
0.50570
0.66656
0.77625
0.72127
0.67541
0.57901
0.46679
0.48497
0.55339
0.63326
0.67138
0.61804
0.53362
0.48992
0.43052
0.34121
0.26920
0.22156
0.18279
0.17320
0.20557
0.23728
0.15181
-0.02008
-0.14667
-0.18604
-0.21588
-0.19100
0.02809
0.08679
-0.11619
-0.29160
-0.43241
-0.50838
-0.30051
-0.02840
0.06581
0.11639
-0.04197
-0.18880
-0.16441
-0.26298
-0.23893
-0.00189
0.02148
0.02620
0.21164
0.11863
0.07511
0.35647
0.41642
0.37497
0.44493
0.36257
0.25284
0.20719
-0.03246
-0.25276
-0.23582
-0.04381
0.39669
0.68503
0.64191
0.42011
0.03913
0.00977
0.27840
0.22909
0.16428
0.19892
-0.13874
-0.43940
-0.46995
-0.39640
-0.10645
0.10544
0.24905
0.29829
0.03064
-0.18052
-0.29270
-0.24376
0.02019
0.07351
0.03115
0.04339
0.04367
0.05057
0.05543
0.06510
0.05239
0.05607
0.08205
0.09450
0.08678
0.09951
0.09468
0.11834
0.15423
0.16039
0.20952
0.23643
0.19261
0.10705
0.06503
-0.03518
-0.06235
0.15885
0.48733
0.63616
0.38031
0.03488
-0.12785
-0.18499
-0.37260
-0.45476
-0.60298
-0.69703
-0.38298
-0.42063
-0.22928
0.01428
-0.15702
0.03296
0.07752
-0.16331
-0.33606
-0.37549
-0.38361
-0.52544
-0.55673
-0.44379
-0.51416
-0.56671
-0.41141
-0.37843
-0.33201
-0.35177
-0.39982
-0.28951
-0.45768
-0.76680
-0.86716
-0.87081
-0.81295
-0.62348
-0.43727
-0.41884
-0.45495
-0.42426
-0.26339
-0.13504
-0.05513
0.07480
0.04819
-0.08325
-0.16418
-0.10759
0.05615
0.17290
0.22410
0.31596
0.37924
0.36537
0.40868
0.43999
0.55773
0.62551
0.41720
0.33749
0.41324
0.32110
0.26933
0.49859
0.56918
0.27494
0.13882
0.14610
0.10296
0.05851
-0.01870
-0.05449
-0.05365
-0.08133
-0.13007
-0.14937
-0.20968
-0.25481
-0.27117
-0.30678
-0.34844
-0.38558
-0.37465
-0.34559
-0.36868
-0.43570
-0.43374
-0.44770
-0.45485
-0.46961
-0.50682
-0.52892
-0.56647
-0.60358
-0.60467
-0.54856
-0.51315
-0.40039
-0.29465
-0.27073
-0.33105
-0.45513
-0.53610
-0.51079
-0.34801
-0.15161
0.05408
0.12774
0.03990
-0.09023
-0.20115
-0.19084
-0.05282
0.08033
0.11500
0.13072
0.14737
0.13057
0.17529
0.25219
0.23832
0.15572
0.10388
0.17297
0.27665
0.39768
0.47099
0.44256
0.42019
0.43244
0.56409
0.71284
0.75881
0.68397
0.55950
0.46146
0.44449
0.53577
0.64523
0.72113
0.65947
0.61107
0.56962
0.52675
0.44440
0.30008
0.34106
0.33926
0.26862
0.27059
0.23523
0.07333
-0.06860
-0.15025
-0.23991
-0.23803
-0.09715
0.05777
-0.01945
-0.18361
-0.30366
-0.34894
-0.25167
-0.06601
0.03682
-0.00656
-0.18403
-0.30126
-0.26271
-0.29229
-0.19570
-0.07848
-0.09301
0.00647
0.14891
0.08311
0.03877
0.11854
0.13244
0.20898
0.33947
0.43700
0.45390
0.42093
0.21020
-0.06537
-0.23332
-0.30243
-0.03925
0.39587
0.65079
0.59328
0.30739
0.02391
-0.01922
0.08768
0.15472
0.19740
0.07100
-0.19647
-0.41928
-0.50723
-0.40519
-0.15541
0.14315
0.28511
0.23014
0.02902
-0.24948
-0.36039
-0.30033
-0.18607
-0.05646
0.01671
0.00949
0.00045
0.04956
0.10417
0.08168
0.04559
0.08287
0.10406
0.12149
0.14934
0.17053
0.20015
0.20189
0.20978
0.26695
0.30508
0.27280
0.18991
0.04754
-0.11933
-0.28718
-0.20912
0.07959
0.26022
0.38621
0.40572
0.24378
-0.07876
-0.18750
-0.10627
-0.18797
-0.21533
-0.24800
-0.28840
-0.31894
-0.35244
-0.36934
-0.41020
-0.43233
-0.46887
-0.47977
-0.52421
-0.60866
-0.78173
-0.90204
-0.86675
-0.81686
-0.77674
-0.68864
-0.60165
-0.49409
-0.34664
-0.19180
0.11680
0.14671
-0.18991
-0.47435
-0.61024
-0.62976
-0.43930
-0.19837
-0.08991
-0.04589
-0.19608
-0.08742
0.14376
0.28196
0.52185
0.54913
0.41225
0.11598
-0.07387
0.16703
0.47785
0.69385
0.87757
0.81839
0.63281
0.48004
0.37704
0.55936
0.72361
0.65395
0.56250
0.47947
0.36603
0.19500
0.22367
0.34490
0.27570
0.14527
0.06238
0.04526
-0.00233
-0.07392
-0.12421
-0.06873
-0.04104
-0.09827
-0.12282
-0.21097
-0.24516
-0.27643
-0.38412
-0.52953
-0.69165
-0.57918
-0.22661
0.03113
0.02028
-0.24479
-0.41683
-0.39789
-0.40387
-0.46194
-0.45282
-0.34878
-0.29541
-0.28478
-0.26492
-0.24092
-0.19859
-0.16398
-0.14615
-0.18728
-0.27283
-0.35638
-0.45997
-0.43597
-0.29471
-0.13365
0.04270
0.07468
-0.00488
-0.07992
-0.15418
-0.15271
-0.05341
-0.02495
-0.01349
0.02547
0.03740
0.07789
0.10327
0.10809
0.09014
0.05586
0.11325
0.23316
0.30608
0.37271
0.30603
0.20240
0.20320
0.22928
0.39891
0.57276
0.59779
0.50548
0.34406
0.26250
0.26790
0.35325
0.49905
0.54448
0.52584
0.47808
0.43573
0.41159
0.31587
0.26359
0.24168
0.22026
0.22376
0.24184
0.23250
0.10645
-0.00874
-0.07102
-0.11717
-0.16089
-0.07912
0.08712
0.07988
-0.05880
-0.25908
-0.40111
-0.44800
-0.31827
-0.10719
0.00811
0.02845
-0.05353
-0.13124
-0.28376
-0.37128
-0.33637
-0.29602
-0.18781
-0.03413
0.00039
-0.05426
-0.01039
0.07612
0.18888
0.30440
0.34763
0.38252
0.42328
0.27023
0.04801
-0.15100
-0.28224
-0.03653
0.35273
0.59762
0.62252
0.39598
0.16950
0.13797
0.17926
0.21749
0.25277
0.12021
-0.07736
-0.27558
-0.49301
-0.48077
-0.27134
-0.01235
0.23021
0.32886
0.21884
-0.01592
-0.21306
-0.26735
-0.26459
-0.21755
-0.10785
-0.00401
0.10183
0.07902
0.08167
0.06642
0.00281
0.07443
0.14728
0.18356
0.15318
0.12333
0.10018
0.08746
0.09861
0.14855
0.24536
0.31998
0.28270
0.21710
0.06773
-0.22530
-0.22654
-0.02983
0.17181
0.35524
0.52071
0.57485
0.33438
0.08540
-0.02779
-0.04930
-0.04719
-0.08808
-0.14035
-0.17311
-0.22529
-0.27693
-0.30033
-0.35277
-0.38528
-0.35398
-0.38741
-0.49576
-0.62840
-0.80742
-0.86188
-0.83879
-0.79430
-0.65871
-0.56474
-0.48175
-0.35875
-0.28756
-0.11705
0.08227
-0.02306
-0.26334
-0.42066
-0.55661
-0.55856
-0.30204
-0.15456
-0.06821
-0.01038
-0.10134
0.09421
0.23126
0.33520
0.53379
0.53622
0.46865
0.20324
0.05353
0.20562
0.41237
0.61175
0.77445
0.71628
0.57838
0.53254
0.39627
0.48811
0.58668
0.42840
0.39821
0.36777
0.22641
0.15832
0.24650
0.31982
0.27470
0.16398
-0.00130
-0.04067
-0.06260
-0.17757
-0.27003
-0.27884
-0.18222
-0.16599
-0.21578
-0.29974
-0.37560
-0.42648
-0.54643
-0.70840
-0.80591
-0.63865
-0.38451
-0.21380
-0.17259
-0.30908
-0.46528
-0.55253
-0.54334
-0.49597
-0.44018
-0.39581
-0.40874
-0.41672
-0.38836
-0.33566
-0.19984
-0.08736
-0.04558
-0.02105
-0.12044
-0.27825
-0.38102
-0.35179
-0.26092
-0.07766
0.26228
0.56566
0.65170
0.39220
0.06726
-0.17803
-0.40271
-0.48241
-0.46086
-0.49315
-0.45252
-0.21298
-0.08336
-0.00376
0.09475
0.16257
0.35048
0.57192
0.74669
0.72126
0.57484
0.46998
0.40599
0.45690
0.55205
0.59481
0.56407
0.49879
0.38465
0.25939
0.17766
0.13307
0.15936
0.17772
0.10683
-0.00800
-0.11639
-0.19601
-0.22242
-0.23570
-0.18044
-0.07689
-0.03309
-0.01340
-0.05743
-0.18179
-0.29463
-0.32644
-0.29740
-0.17010
-0.00738
-0.02472
-0.15422
-0.27965
-0.36274
-0.33411
-0.23576
-0.09409
0.05806
0.11230
0.02373
-0.05838
-0.06472
-0.07038
0.02059
0.11978
0.15336
0.23757
0.25351
0.19689
0.17700
0.16067
0.17130
0.25270
0.36397
0.46171
0.56677
0.60873
0.43425
0.14706
-0.09544
-0.22277
-0.08954
0.18566
0.37531
0.41604
0.28356
0.15408
0.15589
0.15362
0.16037
0.15426
-0.01205
-0.24564
-0.48617
-0.67021
-0.64745
-0.42948
-0.15694
-0.00580
0.04735
0.05675
-0.05706
-0.16343
-0.16564
-0.19089
-0.15699
-0.03589
0.02421
0.06667
0.09955
0.09089
0.06353
0.02638
0.05067
0.09024
0.09244
0.11733
0.12462
0.10825
0.12375
0.14244
0.16907
0.22278
0.22447
0.16408
0.04514
-0.15446
-0.36130
-0.40478
-0.21216
0.01911
0.24261
0.46988
0.55088
0.42525
0.20702
0.04812
-0.04754
-0.06374
-0.04130
-0.06195
-0.09934
-0.14239
-0.20551
-0.24664
-0.22703
-0.20049
-0.22269
-0.29832
-0.37469
-0.45239
-0.59234
-0.72337
-0.74420
-0.69939
-0.60937
-0.51529
-0.45169
-0.33412
-0.18760
-0.02380
0.06062
-0.03931
-0.19095
-0.33616
-0.42805
-0.39782
-0.27843
-0.16782
-0.09948
-0.03168
0.03406
0.14421
0.25438
0.34605
0.42848
0.43733
0.36889
0.24854
0.28033
0.44084
0.55995
0.66597
0.71955
0.69157
0.62217
0.58138
0.56768
0.59294
0.60047
0.55689
0.51074
0.42111
0.29665
0.19579
0.22884
0.28346
0.21231
0.07501
-0.01399
-0.04002
-0.10889
-0.21937
-0.29154
-0.23781
-0.16706
-0.13138
-0.16089
-0.31555
-0.41516
-0.44372
-0.56713
-0.75112
-0.74131
-0.51047
-0.25215
-0.08244
-0.05684
-0.16116
-0.29096
-0.34712
-0.34857
-0.32303
-0.28205
-0.25622
-0.26866
-0.24145
-0.14294
-0.05686
0.03962
0.13762
0.15344
0.05426
-0.07619
-0.15167
-0.22335
-0.21715
-0.06965
0.10321
0.20513
0.18907
0.10717
0.01071
-0.06544
-0.10516
-0.13869
-0.16364
-0.16291
-0.14827
-0.15245
-0.14586
-0.14884
-0.19646
-0.23226
-0.19909
-0.11092
-0.01871
0.04275
0.03965
-0.00956
-0.02906
0.03524
0.17041
0.32434
0.39792
0.35582
0.25695
0.18139
0.18858
0.27171
0.40202
0.51682
0.58135
0.57436
0.49722
0.39752
0.31104
0.24012
0.20421
0.21682
0.21199
0.18860
0.16544
0.12956
0.06718
0.00170
-0.03721
-0.06364
-0.07116
-0.03935
0.01519
-0.01044
-0.10728
-0.20037
-0.24331
-0.20796
-0.10197
0.03571
0.10044
0.08082
0.00326
-0.08310
-0.12944
-0.12745
-0.10166
-0.08371
-0.06576
-0.05382
-0.02517
0.00439
0.05337
0.15096
0.26085
0.35420
0.43399
0.49336
0.46891
0.35163
0.17263
-0.00354
-0.06857
0.00853
0.17904
0.36174
0.42822
0.37865
0.32824
0.31177
0.35893
0.41202
0.37863
0.29096
0.11951
-0.11394
-0.28483
-0.33482
-0.22643
-0.03635
0.11142
0.16169
0.11673
0.02114
-0.07718
-0.13759
-0.12574
-0.08218
-0.07824
-0.07533
-0.08292
-0.09462
-0.09139
-0.09395
-0.07419
-0.03555
0.01307
0.05656
0.06697
0.04111
0.01241
-0.00958
-0.00633
0.02850
0.06969
0.09913
0.09550
0.04022
-0.07068
-0.17123
-0.20133
-0.10588
0.07578
0.24328
0.36629
0.36595
0.24510
0.09466
-0.03578
-0.09485
-0.10177
-0.10085
-0.09710
-0.12981
-0.22657
-0.30634
-0.32776
-0.31409
-0.24832
-0.24413
-0.33452
-0.42653
-0.54442
-0.65894
-0.71449
-0.72471
-0.68679
-0.62275
-0.54637
-0.46309
-0.42412
-0.37369
-0.26448
-0.15512
-0.10529
-0.13870
-0.25614
-0.37823
-0.41558
-0.41291
-0.31979
-0.19735
-0.14281
-0.06162
0.01371
0.11113
0.24859
0.35286
0.45201
0.45475
0.36028
0.30430
0.29019
0.35168
0.45290
0.49141
0.51777
0.54296
0.53015
0.56391
0.58496
0.53300
0.48001
0.39521
0.31275
0.24932
0.19960
0.18973
0.21241
0.19123
0.08247
0.02122
0.00213
-0.03269
-0.05841
-0.08632
-0.11433
-0.13609
-0.15250
-0.16980
-0.18459
-0.19809
-0.21011
-0.23552
-0.28472
-0.34361
-0.32082
-0.18153
-0.06865
-0.04746
-0.07386
-0.10701
-0.12352
-0.09060
-0.04034
-0.02068
-0.01401
-0.03208
-0.02379
0.04404
0.14169
0.24673
0.34497
0.40174
0.35576
0.25608
0.16673
0.10491
0.10101
0.17430
0.27117
0.31924
0.32010
0.25584
0.16398
0.11320
0.08641
0.07870
0.08026
0.08649
0.08573
0.07412
0.05803
0.00229
-0.05667
-0.08849
-0.08866
-0.02865
0.07189
0.14612
0.15410
0.12188
0.10084
0.13042
0.21089
0.29085
0.28569
0.21023
0.12834
0.10095
0.15928
0.27099
0.39785
0.47062
0.48673
0.45832
0.37892
0.29773
0.25863
0.26190
0.29836
0.34289
0.36390
0.36016
0.31147
0.24381
0.18441
0.10416
0.04700
0.03909
0.02466
-0.00175
-0.04053
-0.11802
-0.20020
-0.23551
-0.22097
-0.16777
-0.10693
-0.09213
-0.13784
-0.20681
-0.27030
-0.29142
-0.24302
-0.20707
-0.18630
-0.14691
-0.15033
-0.16542
-0.14481
-0.13246
-0.11111
-0.03078
0.06741
0.16970
0.26295
0.28352
0.22258
0.09826
-0.06424
-0.14826
-0.10355
0.01427
0.16801
0.24688
0.22560
0.18143
0.14056
0.13147
0.16820
0.17788
0.11738
0.01621
-0.13035
-0.26765
-0.31898
-0.27144
-0.16677
-0.06502
-0.00326
-0.01755
-0.08351
-0.14702
-0.20806
-0.22882
-0.14440
-0.00311
0.10819
0.14260
0.02043
-0.21234
-0.36101
-0.41755
-0.40829
-0.33829
-0.32964
-0.32541
-0.26038
-0.20236
-0.13548
-0.05880
0.01652
0.12367
0.24940
0.32955
0.30368
0.17623
0.06346
0.03673
0.06551
0.14194
0.21324
0.24095
0.19848
0.05749
-0.08109
-0.14530
-0.17497
-0.20783
-0.24925
-0.29030
-0.33231
-0.40134
-0.48871
-0.54256
-0.54462
-0.50789
-0.45091
-0.43697
-0.49786
-0.60169
-0.70890
-0.78175
-0.83809
-0.85918
-0.83553
-0.79347
-0.71410
-0.59539
-0.46379
-0.32201
-0.17215
-0.06470
-0.00338
-0.01837
-0.10086
-0.15507
-0.15247
-0.09232
-0.02081
0.03720
0.10146
0.17061
0.25133
0.33682
0.40073
0.42338
0.39534
0.30809
0.24179
0.25780
0.31913
0.41327
0.46373
0.44964
0.40317
0.34909
0.33824
0.33491
0.30046
0.23217
0.17429
0.10895
0.04838
0.02617
0.00304
-0.01793
-0.06994
-0.13900
-0.19090
-0.21769
-0.24021
-0.28265
-0.32631
-0.32565
-0.29093
-0.27734
-0.27584
-0.31702
-0.35848
-0.39651
-0.47301
-0.49612
-0.41941
-0.29252
-0.17045
-0.07978
-0.05283
-0.05800
-0.06279
-0.05061
-0.01030
0.02441
0.04794
0.04872
0.04607
0.04868
0.06722
0.12741
0.18852
0.23042
0.24632
0.21272
0.13885
0.06364
0.01309
0.00888
0.05364
0.11973
0.15811
0.15193
0.12946
0.06985
0.00471
-0.01392
0.01482
0.06879
0.11663
0.13737
0.10519
0.04842
-0.01734
-0.06339
-0.05972
-0.01193
0.06867
0.15157
0.21812
0.24049
0.22238
0.19477
0.18347
0.19395
0.21668
0.23115
0.23308
0.23291
0.25387
0.32481
0.43851
0.54625
0.58442
0.56249
0.50270
0.43746
0.38748
0.36276
0.37429
0.40429
0.43624
0.44837
0.45067
0.43769
0.39505
0.33142
0.27700
0.22790
0.19820
0.19448
0.18907
0.17209
0.11886
0.05761
-0.00249
-0.04519
-0.04572
-0.02014
-0.00472
-0.00297
-0.01297
-0.05246
-0.09879
-0.14623
-0.18130
-0.20965
-0.22205
-0.20848
-0.18980
-0.17954
-0.16446
-0.13119
-0.08594
-0.00475
0.10404
0.19762
0.23437
0.21262
0.13671
0.01861
-0.07111
-0.07661
-0.01273
0.10324
0.20895
0.23854
0.22259
0.18741
0.18012
0.20634
0.23939
0.25334
0.19725
0.07079
-0.07195
-0.19272
-0.26066
-0.24865
-0.20095
-0.14184
-0.10696
-0.11647
-0.14652
-0.19252
-0.23511
-0.26335
-0.28645
-0.28519
-0.26845
-0.27927
-0.27590
-0.27026
-0.26659
-0.22288
-0.17240
-0.13048
-0.10954
-0.11285
-0.13279
-0.17647
-0.19977
-0.17407
-0.13197
-0.07259
-0.01982
-0.00365
-0.01657
-0.05555
-0.07506
-0.03304
0.04301
0.12654
0.21748
0.27569
0.25406
0.17653
0.10596
0.05154
0.02150
0.02561
0.04380
0.03534
-0.03375
-0.13010
-0.22026
-0.29156
-0.32928
-0.34096
-0.35420
-0.36517
-0.41781
-0.51201
-0.57846
-0.62324
-0.62457
-0.58194
-0.51347
-0.43707
-0.38654
-0.33027
-0.22980
-0.11981
-0.03738
-0.01019
-0.07017
-0.16012
-0.24018
-0.28086
-0.22779
-0.15123
-0.10686
-0.04257
0.00901
0.08185
0.21847
0.33659
0.45483
0.49425
0.41468
0.30342
0.20885
0.23123
0.31800
0.38346
0.44123
0.44400
0.37394
0.31354
0.28261
0.26568
0.25543
0.19965
0.13190
0.04244
-0.03629
-0.01798
0.04422
0.10848
0.12022
0.06083
-0.04237
-0.16607
-0.24198
-0.27791
-0.31723
-0.33831
-0.35737
-0.39529
-0.44483
-0.51325
-0.54906
-0.53158
-0.48969
-0.45340
-0.42407
-0.37385
-0.31802
-0.26625
-0.22992
-0.21898
-0.21961
-0.20311
-0.16284
-0.11587
-0.06562
-0.04375
-0.07558
-0.11734
-0.14296
-0.14086
-0.07399
0.01094
0.05151
0.05126
0.02690
-0.00810
-0.03330
-0.03176
0.00112
0.04061
0.04978
0.00591
-0.08457
-0.13947
-0.14710
-0.11967
-0.03506
0.03156
0.03832
-0.00040
-0.08204
-0.16806
-0.21442
-0.21190
-0.14795
-0.04637
0.04514
0.12932
0.19146
0.21208
0.19852
0.15376
0.11967
0.12451
0.15501
0.20464
0.23863
0.26687
0.31432
0.36464
0.42335
0.45887
0.46587
0.46637
0.43960
0.40787
0.37327
0.33149
0.33322
0.37008
0.39694
0.39639
0.36592
0.30807
0.23298
0.15458
0.09023
0.05669
0.04720
0.05146
0.03990
-0.00407
-0.05059
-0.07475
-0.06345
-0.02719
0.01983
0.06280
0.05946
0.01259
-0.04753
-0.11463
-0.15860
-0.17043
-0.15437
-0.10120
-0.04604
-0.01012
0.00361
-0.01608
-0.03366
-0.00790
0.05520
0.14026
0.23022
0.27379
0.25102
0.18806
0.10108
0.03453
0.02235
0.06503
0.14549
0.19371
0.17770
0.13062
0.07801
0.05420
0.07740
0.11476
0.13478
0.11771
0.04492
-0.06749
-0.17573
-0.24281
-0.24926
-0.19260
-0.10440
-0.04897
-0.05682
-0.10066
-0.16341
-0.21946
-0.22099
-0.19032
-0.14532
-0.08848
-0.07348
-0.09056
-0.10051
-0.09120
-0.04756
0.01198
0.06111
0.08280
0.07281
0.05312
0.02449
-0.00780
-0.01480
-0.00634
0.01852
0.05920
0.07439
0.05215
0.01226
-0.01825
-0.01919
0.01738
0.08097
0.14609
0.17952
0.16053
0.10218
0.02828
-0.02074
-0.01065
0.02663
0.04883
0.04662
-0.02042
-0.12577
-0.20041
-0.25144
-0.26610
-0.24866
-0.22861
-0.22483
-0.25813
-0.31655
-0.38297
-0.43041
-0.44021
-0.42699
-0.39279
-0.33621
-0.28583
-0.22636
-0.14296
-0.08744
-0.07438
-0.11549
-0.19983
-0.25055
-0.26582
-0.24850
-0.17079
-0.11021
-0.06942
0.00476
0.09155
0.20224
0.29104
0.32543
0.31098
0.23020
0.14135
0.11002
0.14937
0.24912
0.33995
0.35897
0.33536
0.25635
0.16018
0.12308
0.12193
0.14226
0.14949
0.11272
0.03683
-0.03260
-0.05806
-0.02377
0.05523
0.10228
0.07557
-0.01827
-0.12783
-0.21742
-0.25671
-0.25846
-0.25661
-0.25077
-0.26511
-0.28730
-0.28851
-0.23883
-0.16762
-0.11820
-0.10483
-0.15025
-0.19956
-0.19434
-0.17636
-0.20197
-0.24387
-0.30227
-0.34272
-0.27663
-0.15710
-0.06044
0.02554
0.07359
0.05835
0.06249
0.11049
0.17738
0.24893
0.29874
0.29765
0.21677
0.12453
0.05168
0.00158
-0.00900
-0.02653
-0.07059
-0.14145
-0.23902
-0.33216
-0.38239
-0.40065
-0.37564
-0.31709
-0.28600
-0.31162
-0.38145
-0.44116
-0.46890
-0.46117
-0.42958
-0.38496
-0.32472
-0.24451
-0.16968
-0.12603
-0.09925
-0.07351
0.00167
0.11947
0.25252
0.37298
0.45441
0.51590
0.56328
0.60089
0.62946
0.66529
0.70343
0.72487
0.70281
0.64627
0.58559
0.53715
0.51620
0.49043
0.46301
0.43028
0.37630
0.31074
0.23437
0.16290
0.12308
0.10868
0.08601
0.04939
0.00533
-0.02764
-0.05548
-0.10040
-0.14620
-0.16740
-0.15667
-0.11254
-0.06169
-0.05589
-0.09632
-0.15564
-0.20928
-0.22315
-0.19237
-0.14997
-0.10528
-0.06237
-0.04128
-0.02638
0.00173
0.04009
0.10207
0.17813
0.23455
0.26160
0.25922
0.24338
0.21952
0.18744
0.16040
0.15467
0.18457
0.24277
0.28791
0.28259
0.23814
0.18784
0.16597
0.16325
0.15859
0.13586
0.07889
0.00635
-0.08254
-0.18448
-0.25082
-0.25579
-0.21047
-0.14033
-0.11238
-0.14879
-0.21290
-0.27162
-0.28904
-0.25637
-0.19550
-0.12990
-0.07132
-0.04205
-0.04078
-0.04096
-0.01377
0.03814
0.07775
0.10019
0.10079
0.08806
0.09139
0.09476
0.08196
0.07721
0.09391
0.13071
0.16195
0.15926
0.12031
0.06040
0.01933
0.01485
0.03644
0.08497
0.14614
0.17567
0.15740
0.10961
0.05614
0.01450
0.01860
0.06065
0.08120
0.07123
0.03614
-0.02234
-0.07519
-0.09863
-0.10629
-0.09212
-0.06612
-0.06878
-0.11270
-0.17297
-0.21721
-0.24910
-0.24907
-0.22995
-0.21550
-0.19967
-0.17811
-0.15690
-0.13503
-0.08186
-0.02846
-0.01934
-0.06283
-0.15353
-0.23165
-0.22101
-0.14704
-0.04600
0.03641
0.05715
0.05723
0.05630
0.09539
0.13153
0.13024
0.11200
0.05546
0.02649
0.04871
0.09715
0.14284
0.16369
0.16012
0.12724
0.08272
0.04426
0.03407
0.03996
0.04252
0.03759
0.02506
0.00298
-0.01262
0.01612
0.06708
0.11075
0.11209
0.04611
-0.05704
-0.15211
-0.19928
-0.21477
-0.22421
-0.23210
-0.24157
-0.23969
-0.21147
-0.18400
-0.18965
-0.21746
-0.24802
-0.25120
-0.21942
-0.16444
-0.10723
-0.08072
-0.08757
-0.10274
-0.10337
-0.07805
-0.03434
0.00572
0.01359
-0.03589
-0.09795
-0.13056
-0.12615
-0.09622
-0.06322
-0.01957
-0.00311
-0.01678
-0.03817
-0.06963
-0.08039
-0.07632
-0.08181
-0.10557
-0.16035
-0.22178
-0.25405
-0.25582
-0.22873
-0.19770
-0.18822
-0.20054
-0.23472
-0.26929
-0.28848
-0.29208
-0.28130
-0.24092
-0.15283
-0.04072
0.06452
0.14345
0.17230
0.15378
0.13517
0.15117
0.20482
0.27701
0.33863
0.38356
0.40247
0.40048
0.40395
0.42854
0.46478
0.47884
0.45945
0.41172
0.35660
0.32927
0.33260
0.35587
0.38533
0.39313
0.37291
0.33120
0.28397
0.23701
0.18415
0.14678
0.12056
0.09226
0.06936
0.04655
0.01835
-0.01329
-0.04590
-0.06702
-0.06398
-0.03113
0.01559
0.04352
0.03902
-0.00509
-0.07420
-0.12688
-0.12005
-0.07153
-0.01391
0.04538
0.07107
0.06231
0.03327
0.00173
-0.01561
-0.02040
-0.00534
0.02608
0.05911
0.08667
0.09704
0.07338
0.02311
-0.03312
-0.06722
-0.07095
-0.04312
-0.00946
-0.01615
-0.05736
-0.11037
-0.14932
-0.14206
-0.10214
-0.08944
-0.11758
-0.18343
-0.26127
-0.30371
-0.30658
-0.26758
-0.22322
-0.19387
-0.18635
-0.22923
-0.29059
-0.32911
-0.32614
-0.27583
-0.19852
-0.12836
-0.08131
-0.05603
-0.04349
-0.03852
-0.04350
-0.04213
-0.03140
-0.00414
0.02699
0.03856
0.02898
-0.00833
-0.02761
-0.00247
0.05505
0.11315
0.12441
0.08054
-0.00324
-0.07836
-0.10231
-0.06451
0.01151
0.08982
0.14234
0.14822
0.10689
0.05538
0.03394
0.03795
0.06633
0.09435
0.09210
0.06842
0.03070
-0.01105
-0.04424
-0.06864
-0.08081
-0.08767
-0.10768
-0.13732
-0.17757
-0.21873
-0.24370
-0.25444
-0.23588
-0.18982
-0.14696
-0.11688
-0.11049
-0.11057
-0.08795
-0.05459
-0.02184
-0.01801
-0.06532
-0.13749
-0.18166
-0.16138
-0.07921
0.01194
0.07652
0.12328
0.13753
0.14087
0.15017
0.13749
0.10804
0.06828
0.03070
0.03785
0.07792
0.12643
0.17208
0.17945
0.15341
0.09834
0.04216
0.02921
0.04187
0.06291
0.07534
0.06833
0.05551
0.04287
0.05940
0.11755
0.17596
0.20666
0.18730
0.11080
0.01606
-0.05416
-0.07636
-0.05985
-0.03565
0.00760
0.08255
0.14441
0.16733
0.13746
0.06748
0.01050
-0.00934
0.02964
0.09326
0.13861
0.16918
0.15467
0.11323
0.08271
0.06041
0.05115
0.03625
-0.00227
-0.05082
-0.08890
-0.08791
-0.05129
-0.00507
0.03873
0.04522
-0.00955
-0.10407
-0.18635
-0.21957
-0.20881
-0.19053
-0.19406
-0.21494
-0.23848
-0.24184
-0.24239
-0.25787
-0.27613
-0.28627
-0.27375
-0.24926
-0.22146
-0.19051
-0.16229
-0.13585
-0.10858
-0.07928
-0.02485
0.06167
0.14514
0.19405
0.18987
0.15646
0.13863
0.15208
0.20116
0.27264
0.33218
0.36008
0.34577
0.30543
0.28242
0.29746
0.34146
0.37458
0.36972
0.33561
0.29149
0.26684
0.28171
0.31620
0.34424
0.34847
0.31706
0.26933
0.22116
0.17957
0.14452
0.10572
0.07292
0.05507
0.04208
0.03467
0.03540
0.03755
0.03733
0.03285
0.02780
0.01904
0.01191
0.00760
-0.00012
-0.01676
-0.04536
-0.05857
-0.03375
0.01575
0.06757
0.09498
0.07981
0.05302
0.04127
0.05072
0.07170
0.08452
0.09730
0.13656
0.21746
0.31311
0.37265
0.33595
0.20033
0.04124
-0.06597
-0.10494
-0.09378
-0.06783
-0.05995
-0.06232
-0.08247
-0.10022
-0.08742
-0.06333
-0.03269
-0.01816
-0.05147
-0.11184
-0.17251
-0.19150
-0.15380
-0.10535
-0.06712
-0.06795
-0.10981
-0.16554
-0.22835
-0.28136
-0.30764
-0.30793
-0.28905
-0.25001
-0.20825
-0.18299
-0.19016
-0.22668
-0.25832
-0.26693
-0.27816
-0.31935
-0.37244
-0.41212
-0.41439
-0.37870
-0.32010
-0.22911
-0.11921
-0.02384
0.03911
0.05970
0.05335
0.05067
0.05880
0.08166
0.11206
0.15272
0.21188
0.26511
0.28996
0.27787
0.26056
0.24792
0.22397
0.18939
0.13622
0.07962
0.03548
-0.01678
-0.07372
-0.09804
-0.09590
-0.06564
-0.04189
-0.07513
-0.14889
-0.23389
-0.28338
-0.28442
-0.25492
-0.21237
-0.17299
-0.15232
-0.14729
-0.15579
-0.15603
-0.11538
-0.07067
-0.04928
-0.07045
-0.14983
-0.23183
-0.24960
-0.19539
-0.07761
0.03471
0.07029
0.04920
-0.00836
-0.05602
-0.07293
-0.08012
-0.08114
-0.09483
-0.11337
-0.10500
-0.06562
-0.00598
0.04801
0.07414
0.08153
0.07037
0.05750
0.06617
0.07676
0.09070
0.10995
0.12304
0.15048
0.18519
0.20610
0.21831
0.22777
0.22416
0.19052
0.12540
0.04778
-0.00457
-0.00435
0.05930
0.16257
0.25645
0.30674
0.29257
0.22577
0.14527
0.08838
0.07178
0.08873
0.12092
0.14998
0.16625
0.16843
0.17069
0.17343
0.16782
0.14596
0.09393
0.02219
-0.04075
-0.06048
-0.03551
0.00964
0.04949
0.05505
0.01505
-0.05088
-0.10893
-0.14059
-0.15432
-0.18268
-0.23222
-0.28994
-0.32158
-0.29758
-0.23325
-0.16862
-0.14721
-0.16465
-0.18287
-0.17758
-0.14530
-0.08666
-0.02677
0.01531
0.03574
0.03682
0.05344
0.10648
0.17721
0.22213
0.23159
0.22565
0.21776
0.22704
0.24896
0.26107
0.26950
0.28256
0.29120
0.28540
0.27654
0.28573
0.31006
0.33915
0.35514
0.35083
0.32505
0.28865
0.26021
0.24535
0.25075
0.25945
0.24982
0.22816
0.20731
0.18593
0.16395
0.13812
0.10371
0.06490
0.03005
0.00986
0.01150
0.02970
0.05131
0.06396
0.05460
0.03472
0.02399
0.02726
0.03812
0.03959
0.01706
-0.01286
-0.02282
-0.00482
0.03935
0.08392
0.10412
0.09081
0.05206
0.01063
-0.01703
-0.02765
-0.02590
-0.01180
0.01162
0.02964
0.03420
0.02365
-0.01142
-0.05299
-0.08995
-0.12450
-0.13728
-0.12174
-0.08628
-0.05017
-0.03833
-0.05451
-0.07554
-0.09261
-0.10192
-0.10487
-0.11698
-0.13888
-0.17045
-0.20695
-0.23336
-0.23253
-0.21481
-0.19899
-0.18446
-0.18395
-0.20798
-0.23844
-0.25527
-0.25531
-0.23537
-0.20048
-0.16415
-0.13922
-0.13176
-0.13972
-0.15633
-0.16237
-0.15366
-0.14131
-0.12967
-0.12814
-0.14378
-0.15703
-0.13353
-0.06968
0.00224
0.05814
0.08537
0.07478
0.03723
-0.00924
-0.04244
-0.04232
-0.01349
0.03242
0.08515
0.13765
0.17895
0.19725
0.19734
0.17302
0.12689
0.08322
0.05803
0.05220
0.05925
0.06691
0.06141
0.06130
0.07620
0.08483
0.08440
0.07156
0.02502
-0.04582
-0.10901
-0.14616
-0.13941
-0.09209
-0.04150
-0.03055
-0.05959
-0.10504
-0.14568
-0.14214
-0.08998
-0.03993
-0.03786
-0.08705
-0.15667
-0.19792
-0.18421
-0.11632
-0.02756
0.01586
-0.00680
-0.07370
-0.14556
-0.18892
-0.19669
-0.18343
-0.19071
-0.22678
-0.26440
-0.27975
-0.26063
-0.22825
-0.20462
-0.19760
-0.20655
-0.22059
-0.24231
-0.25101
-0.22767
-0.18912
-0.14250
-0.09061
-0.03871
0.00959
0.05649
0.10138
0.13102
0.12866
0.08428
0.00666
-0.06684
-0.09201
-0.03972
0.08628
0.21784
0.28479
0.27348
0.21287
0.14989
0.10923
0.08215
0.05967
0.04966
0.05746
0.07909
0.11821
0.16150
0.17034
0.12992
0.05144
-0.03540
-0.10518
-0.13957
-0.14085
-0.12652
-0.09456
-0.06165
-0.04281
-0.05046
-0.08583
-0.12367
-0.14235
-0.14880
-0.18036
-0.23101
-0.26715
-0.25955
-0.19420
-0.10896
-0.05308
-0.04534
-0.08369
-0.14491
-0.18533
-0.18810
-0.15121
-0.08236
-0.01527
0.02528
0.04043
0.05631
0.07976
0.10700
0.13275
0.13831
0.13721
0.14467
0.15189
0.16475
0.19021
0.21632
0.23958
0.25533
0.25453
0.23651
0.21225
0.20141
0.20744
0.22743
0.24754
0.25219
0.23644
0.20964
0.19538
0.20148
0.22102
0.23530
0.22503
0.19484
0.16389
0.14200
0.12926
0.11605
0.09289
0.06510
0.04630
0.04053
0.04886
0.07299
0.09994
0.11633
0.10891
0.07527
0.02631
-0.01944
-0.04791
-0.05913
-0.05031
-0.02138
0.02269
0.06143
0.07433
0.06118
0.04025
0.02626
0.01706
0.01200
0.01010
0.01875
0.04890
0.09050
0.12084
0.13138
0.12018
0.09944
0.08343
0.06400
0.03147
-0.01216
-0.04130
-0.04949
-0.03740
-0.00760
0.00769
-0.00243
-0.03394
-0.07279
-0.10396
-0.12543
-0.13523
-0.13814
-0.15072
-0.18729
-0.23170
-0.26160
-0.26158
-0.22833
-0.18169
-0.14615
-0.13942
-0.16696
-0.21374
-0.24546
-0.24345
-0.20743
-0.14919
-0.09788
-0.07586
-0.07805
-0.08359
-0.08502
-0.07038
-0.03917
-0.02324
-0.03213
-0.05099
-0.05928
-0.03663
0.01236
0.06493
0.09580
0.09858
0.08971
0.07284
0.04563
0.01942
0.00706
0.01969
0.05714
0.10893
0.17125
0.23872
0.28819
0.29228
0.24909
0.18457
0.13135
0.10988
0.11584
0.12859
0.14166
0.15334
0.15695
0.15804
0.16323
0.16662
0.15445
0.11763
0.04769
-0.02992
-0.06339
-0.04835
-0.01048
0.02379
0.03197
0.00776
-0.03303
-0.06642
-0.07553
-0.04413
0.00347
0.01932
-0.00770
-0.07182
-0.13449
-0.14063
-0.08780
-0.01021
0.04283
0.03983
-0.01703
-0.09910
-0.14868
-0.14603
-0.11420
-0.08173
-0.08141
-0.11287
-0.14825
-0.16821
-0.16398
-0.14985
-0.13929
-0.14125
-0.17810
-0.22576
-0.24849
-0.23631
-0.18937
-0.11801
-0.02415
0.06942
0.14353
0.18499
0.19112
0.17811
0.14829
0.10404
0.04947
0.00433
0.00173
0.05819
0.15268
0.24672
0.28481
0.25046
0.18832
0.12781
0.09088
0.06978
0.03688
-0.02201
-0.08467
-0.10748
-0.08846
-0.06928
-0.09442
-0.16513
-0.25219
-0.31611
-0.34399
-0.33952
-0.30442
-0.25067
-0.17930
-0.10854
-0.06186
-0.03499
-0.01628
0.00197
0.01255
-0.00014
-0.04382
-0.10288
-0.14399
-0.14307
-0.08879
-0.00791
0.05114
0.05520
0.00092
-0.08413
-0.15334
-0.17320
-0.15229
-0.10458
-0.05924
-0.03698
-0.03158
-0.03070
-0.02530
-0.01925
-0.01083
0.00041
0.01942
0.04453
0.06639
0.07659
0.08387
0.09647
0.11449
0.13258
0.13399
0.13631
0.15022
0.17086
0.19079
0.19399
0.17896
0.16213
0.15912
0.15543
0.14027
0.12029
0.10334
0.09479
0.09020
0.08106
0.06737
0.05542
0.04298
0.02037
-0.01043
-0.03466
-0.04224
-0.02150
0.02457
0.07440
0.11308
0.13110
0.12597
0.10015
0.06682
0.03786
0.01273
-0.00566
-0.01224
-0.00006
0.02211
0.04367
0.05555
0.04341
0.01627
-0.01439
-0.04028
-0.05157
-0.04282
-0.01512
0.01401
0.03366
0.04030
0.03060
0.01319
-0.00592
-0.01608
-0.02186
-0.03965
-0.06799
-0.10279
-0.11766
-0.09857
-0.05997
-0.02361
-0.00624
-0.01074
-0.03817
-0.06961
-0.09310
-0.11177
-0.12444
-0.13519
-0.15809
-0.20301
-0.25835
-0.28826
-0.27145
-0.22517
-0.18301
-0.17148
-0.19000
-0.22482
-0.24661
-0.24072
-0.21085
-0.16508
-0.12203
-0.09204
-0.07797
-0.06304
-0.04201
-0.02248
-0.01239
-0.02147
-0.04025
-0.04837
-0.03104
0.00854
0.05717
0.09889
0.12209
0.12611
0.11704
0.10005
0.08340
0.07075
0.06311
0.07302
0.10174
0.14691
0.20812
0.27176
0.31743
0.32264
0.28648
0.22744
0.16912
0.13575
0.13571
0.16008
0.18972
0.21110
0.21625
0.21538
0.22268
0.23201
0.22384
0.18233
0.11468
0.04057
-0.00824
-0.02280
-0.01841
-0.01184
-0.01750
-0.03577
-0.06004
-0.07755
-0.07791
-0.05290
-0.01708
0.00118
-0.01667
-0.06586
-0.11457
-0.13483
-0.11618
-0.08232
-0.06777
-0.08463
-0.12810
-0.17462
-0.19620
-0.18784
-0.16138
-0.13790
-0.14552
-0.18961
-0.24297
-0.27350
-0.26490
-0.22338
-0.17123
-0.14250
-0.15928
-0.19563
-0.21251
-0.19103
-0.13171
-0.04936
0.03230
0.08710
0.10850
0.11544
0.13445
0.16933
0.19826
0.18983
0.14109
0.09214
0.08802
0.13631
0.20819
0.26765
0.28470
0.26401
0.22896
0.19002
0.14370
0.09621
0.05441
0.00538
-0.04238
-0.06410
-0.04591
-0.00015
0.03632
0.02834
-0.02372
-0.09009
-0.13696
-0.14478
-0.12522
-0.09035
-0.05922
-0.03967
-0.02808
-0.02812
-0.02058
-0.00085
0.01070
-0.01235
-0.08406
-0.16699
-0.20943
-0.19083
-0.12255
-0.05009
-0.01018
-0.01389
-0.05814
-0.11943
-0.16416
-0.16561
-0.12959
-0.07913
-0.03774
-0.01828
-0.01421
-0.01082
-0.00396
-0.00041
0.00001
0.00312
0.01751
0.03973
0.06971
0.10412
0.12973
0.14114
0.13436
0.11502
0.09696
0.09090
0.09299
0.10039
0.10561
0.10213
0.09920
0.09630
0.08841
0.07655
0.06272
0.04563
0.02840
0.00913
-0.01075
-0.01741
-0.01433
-0.01975
-0.04119
-0.06842
-0.09280
-0.11196
-0.11890
-0.10868
-0.08787
-0.06418
-0.04381
-0.02962
-0.02112
-0.02608
-0.04603
-0.07927
-0.11594
-0.12718
-0.10128
-0.05485
-0.01218
0.01014
0.00319
-0.03034
-0.06575
-0.08829
-0.09437
-0.07841
-0.04856
-0.01753
0.00477
0.02028
0.02882
0.02675
0.02239
0.02010
0.01953
0.01390
-0.00800
-0.04174
-0.07732
-0.10181
-0.10318
-0.09373
-0.07853
-0.06325
-0.06227
-0.07852
-0.10766
-0.13741
-0.16327
-0.17692
-0.18409
-0.20242
-0.23572
-0.27431
-0.29821
-0.29502
-0.25774
-0.20097
-0.15483
-0.14036
-0.16083
-0.19536
-0.22089
-0.23059
-0.22232
-0.20169
-0.18362
-0.17724
-0.18603
-0.19140
-0.17952
-0.15957
-0.13864
-0.12738
-0.12112
-0.09963
-0.05746
-0.01096
0.02339
0.04323
0.05388
0.06192
0.06342
0.05614
0.04815
0.05382
0.06989
0.08787
0.12262
0.17996
0.24509
0.29568
0.31458
0.29594
0.25366
0.20799
0.17713
0.17104
0.18248
0.20694
0.22783
0.22710
0.21564
0.21525
0.22449
0.22299
0.19581
0.15146
0.10888
0.07732
0.06178
0.05429
0.04471
0.03330
0.02221
0.00073
-0.02978
-0.04984
-0.04480
-0.02311
-0.01358
-0.02113
-0.04449
-0.07766
-0.10953
-0.12053
-0.09482
-0.05869
-0.04345
-0.06252
-0.09562
-0.11615
-0.10616
-0.06792
-0.03670
-0.02983
-0.04711
-0.06899
-0.07967
-0.07729
-0.04955
0.00155
0.05242
0.08747
0.10022
0.08535
0.06176
0.05181
0.07617
0.13303
0.19250
0.23480
0.24397
0.22767
0.20912
0.20343
0.19996
0.17759
0.14231
0.11796
0.12890
0.17182
0.21627
0.23375
0.22242
0.19776
0.17204
0.15583
0.14557
0.12737
0.09957
0.06872
0.04210
0.03173
0.05478
0.10451
0.14201
0.14179
0.10439
0.05562
0.02140
0.01179
0.03025
0.06295
0.09651
0.12086
0.12704
0.11674
0.10934
0.12182
0.13180
0.11021
0.05309
-0.01465
-0.05231
-0.04416
-0.00377
0.03301
0.03917
0.01851
-0.01846
-0.06003
-0.08817
-0.08694
-0.06333
-0.03744
-0.02104
-0.01743
-0.01611
-0.00189
0.02272
0.04233
0.04508
0.03715
0.03006
0.03220
0.04972
0.07361
0.09588
0.10357
0.09072
0.07403
0.07252
0.09055
0.11126
0.11881
0.11352
0.10344
0.09415
0.09282
0.09949
0.10487
0.10512
0.09763
0.08256
0.06677
0.05504
0.05411
0.05947
0.06253
0.05935
0.04021
0.00929
-0.01515
-0.01309
0.01235
0.03816
0.03885
0.00776
-0.03877
-0.08392
-0.11796
-0.14693
-0.17396
-0.18760
-0.17115
-0.12734
-0.07546
-0.03425
-0.01159
-0.01004
-0.02767
-0.05402
-0.08606
-0.10579
-0.09635
-0.06591
-0.03153
-0.00740
0.00066
-0.00231
-0.00831
-0.00686
0.00789
0.01717
0.00144
-0.04240
-0.09005
-0.12013
-0.14718
-0.18469
-0.23193
-0.27192
-0.28169
-0.26155
-0.23801
-0.23248
-0.23738
-0.23671
-0.22287
-0.20793
-0.21087
-0.23620
-0.27059
-0.29113
-0.28119
-0.23779
-0.18678
-0.15554
-0.15253
-0.16737
-0.19004
-0.22263
-0.24905
-0.26136
-0.26034
-0.24146
-0.21788
-0.20904
-0.21433
-0.21716
-0.20909
-0.19445
-0.17722
-0.15373
-0.11656
-0.07371
-0.04321
-0.02108
-0.00516
0.00599
0.01739
0.02931
0.04588
0.06054
0.07521
0.08632
0.09537
0.12210
0.17249
0.23379
0.27322
0.27221
0.24276
0.20272
0.16444
0.13903
0.13352
0.14453
0.15382
0.15325
0.14984
0.14138
0.13659
0.14065
0.13477
0.11415
0.09308
0.07428
0.05931
0.04838
0.03936
0.03341
0.02722
0.01870
0.00340
-0.01024
-0.01395
-0.01140
-0.00678
-0.01148
-0.02774
-0.04942
-0.07857
-0.10619
-0.11684
-0.11118
-0.10175
-0.10500
-0.12228
-0.13892
-0.13431
-0.10828
-0.08026
-0.06096
-0.05572
-0.06480
-0.08461
-0.10551
-0.11589
-0.10337
-0.06804
-0.02692
0.00858
0.03312
0.04482
0.05079
0.06662
0.10390
0.14977
0.18038
0.19055
0.18638
0.18310
0.18761
0.18640
0.16671
0.12508
0.08480
0.07156
0.08656
0.11567
0.13075
0.12369
0.10925
0.10141
0.11329
0.13359
0.14238
0.13606
0.11015
0.08053
0.06795
0.08356
0.13307
0.18233
0.20713
0.20653
0.17889
0.14414
0.12611
0.13103
0.15312
0.17912
0.19329
0.19211
0.18372
0.18494
0.20139
0.21599
0.19973
0.14531
0.07954
0.03129
0.01942
0.03287
0.04230
0.03841
0.02678
0.00815
-0.01499
-0.03010
-0.02676
-0.01232
0.00249
0.01242
0.01805
0.02763
0.04006
0.04834
0.04334
0.02492
0.00061
-0.02567
-0.03660
-0.02101
0.01022
0.04282
0.05746
0.04867
0.03068
0.02131
0.02832
0.04208
0.05036
0.05312
0.06037
0.06817
0.07378
0.07180
0.06127
0.05152
0.03617
0.01080
-0.02228
-0.05282
-0.07220
-0.07740
-0.07613
-0.08326
-0.10109
-0.12544
-0.14469
-0.14630
-0.13082
-0.11452
-0.10741
-0.10736
-0.11394
-0.11872
-0.11599
-0.11301
-0.11491
-0.12315
-0.12752
-0.11539
-0.08757
-0.05170
-0.02441
-0.01260
-0.00900
-0.01165
-0.01974
-0.02516
-0.01906
0.00143
0.02827
0.04612
0.05119
0.04144
0.01941
-0.00005
-0.00922
-0.01554
-0.02601
-0.04035
-0.06297
-0.09144
-0.12044
-0.14888
-0.17096
-0.17068
-0.14555
-0.11726
-0.10492
-0.11638
-0.14162
-0.16864
-0.18610
-0.19240
-0.20447
-0.23018
-0.26233
-0.28578
-0.29325
-0.28090
-0.25303
-0.22395
-0.19872
-0.18108
-0.17791
-0.18936
-0.20676
-0.21971
-0.22006
-0.20863
-0.19505
-0.18525
-0.17465
-0.15741
-0.13841
-0.13066
-0.13073
-0.11950
-0.08247
-0.02235
0.03341
0.06193
0.06552
0.06225
0.06485
0.07943
0.10493
0.13041
0.14706
0.15462
0.16078
0.17697
0.20958
0.24804
0.27494
0.27640
0.25710
0.22591
0.18770
0.15720
0.14536
0.14254
0.13153
0.11150
0.08908
0.07310
0.06798
0.06855
0.06235
0.04331
0.01728
-0.00781
-0.02581
-0.03801
-0.04882
-0.06236
-0.07579
-0.08015
-0.07907
-0.07375
-0.05966
-0.04627
-0.03811
-0.03155
-0.02683
-0.03232
-0.05170
-0.07970
-0.10881
-0.12712
-0.13107
-0.12971
-0.12869
-0.12614
-0.11878
-0.10149
-0.07495
-0.04991
-0.03883
-0.04110
-0.05460
-0.07497
-0.09097
-0.09392
-0.07665
-0.04419
-0.01137
0.01039
0.01223
0.00069
-0.00360
0.00918
0.04123
0.07219
0.08967
0.10109
0.10371
0.10546
0.10891
0.10485
0.09321
0.08416
0.08899
0.11442
0.14683
0.16623
0.16863
0.15639
0.14006
0.12993
0.13474
0.14353
0.14179
0.13072
0.10987
0.10203
0.12134
0.16060
0.20672
0.23783
0.24390
0.22952
0.21229
0.20523
0.20915
0.21855
0.22932
0.23151
0.21874
0.19701
0.17844
0.16758
0.15230
0.12256
0.06980
0.01200
-0.02468
-0.03534
-0.02770
-0.02149
-0.02917
-0.05151
-0.08154
-0.10364
-0.10549
-0.08742
-0.05898
-0.03965
-0.03364
-0.02961
-0.02380
-0.01317
0.00159
0.01504
0.01827
0.00997
0.00190
-0.00014
0.00995
0.03744
0.06584
0.07492
0.06086
0.03328
0.01168
0.01066
0.02523
0.04028
0.05038
0.05536
0.05598
0.05422
0.05145
0.05234
0.05376
0.04894
0.03523
0.01535
0.00134
0.00078
0.01461
0.03234
0.03426
0.01444
-0.01916
-0.04695
-0.05888
-0.05843
-0.05056
-0.04957
-0.05709
-0.06918
-0.07888
-0.07967
-0.07963
-0.08413
-0.09306
-0.09511
-0.08099
-0.05624
-0.02956
-0.01001
-0.00439
-0.00953
-0.01725
-0.02127
-0.01607
-0.00142
0.01743
0.03516
0.04533
0.04614
0.04110
0.03549
0.03665
0.04522
0.05526
0.05531
0.04527
0.03277
0.01664
-0.00617
-0.03193
-0.04695
-0.04228
-0.02315
-0.00738
-0.01060
-0.03063
-0.05182
-0.07143
-0.09151
-0.11320
-0.14316
-0.17765
-0.20987
-0.22586
-0.21954
-0.19885
-0.17380
-0.15101
-0.13203
-0.12173
-0.11920
-0.12813
-0.14639
-0.16476
-0.17800
-0.17900
-0.16980
-0.14808
-0.11677
-0.09321
-0.08620
-0.09000
-0.08557
-0.05611
-0.00159
0.05618
0.09074
0.09941
0.09030
0.07983
0.08606
0.10927
0.14144
0.16959
0.18746
0.19469
0.19818
0.20785
0.22440
0.24436
0.25853
0.25983
0.24942
0.23507
0.22020
0.20991
0.20174
0.18798
0.17565
0.16820
0.16768
0.17510
0.18086
0.17457
0.15585
0.12967
0.10430
0.08782
0.08115
0.07474
0.06097
0.04148
0.01322
-0.02233
-0.06055
-0.08876
-0.09627
-0.08854
-0.07602
-0.07012
-0.07094
-0.07589
-0.07918
-0.07450
-0.07003
-0.07003
-0.07114
-0.07684
-0.08894
-0.10488
-0.12213
-0.13012
-0.11749
-0.09426
-0.07910
-0.07688
-0.08522
-0.09539
-0.09619
-0.08470
-0.07061
-0.06097
-0.05051
-0.04503
-0.05805
-0.09054
-0.13365
-0.16230
-0.16195
-0.13768
-0.09711
-0.06480
-0.04755
-0.03472
-0.02658
-0.02267
-0.01148
0.01137
0.03895
0.06491
0.07199
0.05907
0.04321
0.03909
0.05123
0.07640
0.10415
0.11911
0.11582
0.09824
0.08502
0.08971
0.10903
0.13050
0.14933
0.16445
0.17268
0.17845
0.18134
0.18312
0.17823
0.16348
0.14438
0.12400
0.10685
0.09382
0.08927
0.08209
0.05966
0.02123
-0.02626
-0.06115
-0.07724
-0.08248
-0.08862
-0.10601
-0.12972
-0.15001
-0.16040
-0.15611
-0.13769
-0.11480
-0.10570
-0.11642
-0.13411
-0.14602
-0.14445
-0.13017
-0.11443
-0.10890
-0.10881
-0.10725
-0.09831
-0.07363
-0.03868
-0.00057
0.03066
0.04186
0.03328
0.01692
0.00565
0.00314
0.00590
0.00560
-0.00589
-0.02040
-0.03201
-0.03886
-0.03652
-0.02990
-0.02723
-0.03894
-0.06263
-0.08971
-0.10883
-0.11225
-0.10874
-0.11207
-0.13396
-0.16841
-0.19888
-0.21020
-0.20153
-0.18651
-0.17286
-0.16636
-0.17195
-0.18091
-0.17845
-0.16215
-0.13871
-0.11820
-0.10621
-0.09832
-0.08617
-0.06329
-0.03343
-0.01098
-0.00556
-0.01282
-0.02181
-0.02196
-0.01158
0.00295
0.02006
0.03405
0.03938
0.03755
0.03153
0.03135
0.04214
0.06041
0.07481
0.07437
0.06434
0.05117
0.03954
0.02238
-0.00530
-0.02440
-0.02765
-0.01626
-0.00157
-0.00119
-0.01668
-0.04218
-0.06781
-0.08844
-0.10346
-0.12031
-0.13953
-0.15856
-0.17530
-0.18004
-0.17055
-0.15066
-0.12069
-0.08387
-0.05932
-0.05865
-0.07632
-0.09930
-0.11443
-0.11226
-0.09849
-0.08564
-0.07421
-0.05977
-0.04474
-0.03869
-0.03265
-0.01335
0.02340
0.07287
0.11399
0.12726
0.11539
0.09948
0.09569
0.10404
0.11788
0.13518
0.14926
0.15731
0.16652
0.17963
0.19862
0.22319
0.24680
0.25978
0.25825
0.25086
0.24439
0.24056
0.23690
0.22733
0.21210
0.19400
0.17921
0.17633
0.17872
0.17455
0.16484
0.15113
0.13322
0.12240
0.12273
0.12166
0.11505
0.09569
0.06333
0.03536
0.01843
0.01499
0.02750
0.04786
0.06295
0.06631
0.06343
0.06343
0.06457
0.06278
0.05523
0.03919
0.01883
-0.00027
-0.01595
-0.02379
-0.02229
-0.01943
-0.01047
0.00670
0.01421
0.00190
-0.02244
-0.05213
-0.08664
-0.11499
-0.13048
-0.13552
-0.12953
-0.12240
-0.12542
-0.13510
-0.14275
-0.14015
-0.12729
-0.11233
-0.09419
-0.07447
-0.05634
-0.03973
-0.03316
-0.03280
-0.03115
-0.02054
0.00597
0.04009
0.07078
0.08948
0.09319
0.08702
0.08417
0.10192
0.13999
0.17256
0.18813
0.18424
0.16629
0.15598
0.16309
0.18808
0.21854
0.23889
0.24149
0.23013
0.21286
0.19934
0.19564
0.19461
0.19238
0.18211
0.16061
0.13447
0.11062
0.09536
0.08008
0.05121
0.01337
-0.02061
-0.04432
-0.05814
-0.06651
-0.07880
-0.09865
-0.12272
-0.14460
-0.15413
-0.15273
-0.14262
-0.12743
-0.12290
-0.13452
-0.15274
-0.16421
-0.16456
-0.16177
-0.16649
-0.18235
-0.20111
-0.21466
-0.21467
-0.19777
-0.17134
-0.14025
-0.11546
-0.10966
-0.12039
-0.13323
-0.13174
-0.11366
-0.08868
-0.07492
-0.08027
-0.08985
-0.09667
-0.09784
-0.09430
-0.09422
-0.10483
-0.12678
-0.15300
-0.17660
-0.18640
-0.18171
-0.17224
-0.17127
-0.18605
-0.20428
-0.21026
-0.20567
-0.20003
-0.19646
-0.19747
-0.20568
-0.21593
-0.21486
-0.20432
-0.19333
-0.18364
-0.18033
-0.18049
-0.17453
-0.16158
-0.14240
-0.12226
-0.11250
-0.11110
-0.10969
-0.10209
-0.08491
-0.06473
-0.04797
-0.03423
-0.02513
-0.02723
-0.03755
-0.04891
-0.05487
-0.04850
-0.04056
-0.04061
-0.04469
-0.04717
-0.05145
-0.06589
-0.08548
-0.10193
-0.10753
-0.10038
-0.09410
-0.09619
-0.10343
-0.11620
-0.12934
-0.14518
-0.16644
-0.18956
-0.21486
-0.23272
-0.24102
-0.24075
-0.23137
-0.21652
-0.19874
-0.18069
-0.16310
-0.15174
-0.15099
-0.15805
-0.16814
-0.17525
-0.17218
-0.15583
-0.12800
-0.09549
-0.06757
-0.04995
-0.04044
-0.02552
0.00896
0.05963
0.10168
0.11972
0.11574
0.09958
0.09118
0.10309
0.13084
0.15808
0.18017
0.19352
0.19544
0.19966
0.21203
0.23543
0.26268
0.28411
0.29336
0.28962
0.28617
0.28598
0.28685
0.28603
0.28072
0.27212
0.26781
0.27143
0.27843
0.28411
0.28197
0.27340
0.26352
0.25463
0.25002
0.24962
0.24481
0.22677
0.19585
0.16371
0.14179
0.13599
0.14372
0.15479
0.16161
0.15929
0.15299
0.14499
0.13973
0.13919
0.13254
0.11553
0.08770
0.05733
0.03657
0.03212
0.03616
0.04268
0.05097
0.05539
0.05274
0.03571
0.01095
-0.01676
-0.04079
-0.05202
-0.05558
-0.05588
-0.05593
-0.04977
-0.04026
-0.03535
-0.03063
-0.01775
0.00397
0.02852
0.05016
0.06667
0.08229
0.09464
0.10060
0.09943
0.09755
0.11106
0.13951
0.16975
0.19090
0.19792
0.19996
0.20114
0.21012
0.23689
0.26798
0.29809
0.31478
0.30908
0.29671
0.28953
0.29428
0.30833
0.32299
0.32654
0.31675
0.29859
0.27982
0.26996
0.26571
0.26133
0.24734
0.21931
0.18487
0.15416
0.13605
0.12917
0.12073
0.09702
0.05770
0.01505
-0.01817
-0.03798
-0.05326
-0.07477
-0.10438
-0.13287
-0.14870
-0.15147
-0.14018
-0.12151
-0.11259
-0.11333
-0.12215
-0.13545
-0.13567
-0.12224
-0.11088
-0.11178
-0.12180
-0.13068
-0.13067
-0.11676
-0.09406
-0.07268
-0.06127
-0.06704
-0.08914
-0.11272
-0.12458
-0.12317
-0.11243
-0.10961
-0.12503
-0.15166
-0.17645
-0.18435
-0.17550
-0.16319
-0.15635
-0.16068
-0.17776
-0.19622
-0.20355
-0.19560
-0.18479
-0.18345
-0.19555
-0.22715
-0.26226
-0.28413
-0.28806
-0.27376
-0.25710
-0.24697
-0.24023
-0.23336
-0.22325
-0.21179
-0.20462
-0.20423
-0.21009
-0.22105
-0.23690
-0.25318
-0.26080
-0.25279
-0.22822
-0.19968
-0.18005
-0.16483
-0.14137
-0.11240
-0.08610
-0.06547
-0.05771
-0.05810
-0.06053
-0.06973
-0.07936
-0.08307
-0.08235
-0.07753
-0.07861
-0.08789
-0.09973
-0.11462
-0.13425
-0.15890
-0.17892
-0.19082
-0.19288
-0.18618
-0.18317
-0.18992
-0.20331
-0.21932
-0.23348
-0.24371
-0.25785
-0.27563
-0.29349
-0.30669
-0.30750
-0.29528
-0.27336
-0.24646
-0.22058
-0.20415
-0.19745
-0.19661
-0.19666
-0.19790
-0.19679
-0.19224
-0.18658
-0.17389
-0.15429
-0.13100
-0.11188
-0.09719
-0.08186
-0.05503
-0.01641
0.01849
0.03785
0.04154
0.04334
0.05241
0.07390
0.09825
0.12557
0.15538
0.17982
0.20173
0.21711
0.23198
0.24866
0.26072
0.26358
0.25871
0.25392
0.25495
0.25763
0.25546
0.25095
0.24541
0.24348
0.24718
0.24757
0.24184
0.23344
0.22183
0.21425
0.21274
0.21131
0.20821
0.20257
0.18904
0.16863
0.15086
0.13726
0.13326
0.13571
0.14199
0.15214
0.15904
0.16433
0.16941
0.17569
0.18343
0.18594
0.17461
0.15086
0.12093
0.09474
0.07939
0.07386
0.07831
0.08219
0.07972
0.07449
0.06264
0.04798
0.03737
0.02669
0.01135
-0.00472
-0.01171
-0.01023
-0.00341
0.00932
0.02223
0.03689
0.05356
0.06728
0.07998
0.09266
0.10896
0.13149
0.15249
0.16663
0.16902
0.16558
0.18130
0.21346
0.24968
0.29311
0.33231
0.35725
0.36579
0.36866
0.38051
0.40193
0.43036
0.45431
0.46350
0.45535
0.43267
0.40803
0.39354
0.39263
0.39942
0.40285
0.39059
0.36484
0.34232
0.33379
0.33788
0.34416
0.33985
0.31515
0.27962
0.24098
0.19573
0.15316
0.11039
0.05828
0.00156
-0.04747
-0.08000
-0.09572
-0.09550
-0.09395
-0.10241
-0.11552
-0.12747
-0.13042
-0.12125
-0.10735
-0.09786
-0.09594
-0.09938
-0.10118
-0.09601
-0.08136
-0.06619
-0.06210
-0.06470
-0.07301
-0.08235
-0.08249
-0.06830
-0.04657
-0.02894
-0.02243
-0.03111
-0.04713
-0.05989
-0.06411
-0.06557
-0.06773
-0.07445
-0.09010
-0.10521
-0.11327
-0.11241
-0.10525
-0.10146
-0.10731
-0.12224
-0.14064
-0.15454
-0.15560
-0.14923
-0.15108
-0.16097
-0.17860
-0.19584
-0.20261
-0.20123
-0.19750
-0.20320
-0.21583
-0.23012
-0.24124
-0.24606
-0.24306
-0.23719
-0.23721
-0.24041
-0.24636
-0.24431
-0.23008
-0.20903
-0.18792
-0.17879
-0.17652
-0.17404
-0.16765
-0.15076
-0.13044
-0.11749
-0.11128
-0.10717
-0.10177
-0.09655
-0.09198
-0.08974
-0.09270
-0.09553
-0.10034
-0.10349
-0.09991
-0.09825
-0.10679
-0.12772
-0.15293
-0.17276
-0.17744
-0.17187
-0.16698
-0.16645
-0.17730
-0.19504
-0.21135
-0.22496
-0.23256
-0.23751
-0.24499
-0.25304
-0.26039
-0.26232
-0.25693
-0.24470
-0.23026
-0.21445
-0.19732
-0.18626
-0.17948
-0.17856
-0.17897
-0.17103
-0.15708
-0.14367
-0.13111
-0.12132
-0.11626
-0.11081
-0.10234
-0.08776
-0.07156
-0.05677
-0.05054
-0.06096
-0.07512
-0.07889
-0.06960
-0.05139
-0.02587
0.00086
0.02272
0.04074
0.05356
0.06712
0.08998
0.12090
0.15081
0.16436
0.16309
0.16360
0.16943
0.17858
0.18350
0.17753
0.16515
0.15660
0.15507
0.15823
0.16490
0.16660
0.16005
0.15061
0.14439
0.14165
0.14205
0.13959
0.12929
0.11660
0.10188
0.08965
0.08559
0.08891
0.09734
0.10226
0.09924
0.09558
0.09561
0.10297
0.11463
0.11809
0.10178
0.06808
0.03175
0.00216
-0.01270
-0.01515
-0.01644
-0.02104
-0.02859
-0.03676
-0.04121
-0.04482
-0.05253
-0.06425
-0.07775
-0.09003
-0.09408
-0.08707
-0.07236
-0.05057
-0.03389
-0.02613
-0.02204
-0.01653
-0.00537
0.01126
0.03712
0.06853
0.10081
0.12764
0.14272
0.15305
0.17288
0.20416
0.24230
0.28054
0.30557
0.31708
0.32009
0.32054
0.33042
0.34748
0.36002
0.36561
0.36016
0.34220
0.32415
0.31721
0.31809
0.32062
0.32505
0.32084
0.30663
0.29238
0.28018
0.27280
0.26569
0.25665
0.23677
0.20687
0.17163
0.13448
0.11983
0.11502
0.09782
0.06755
0.02980
-0.00159
-0.02138
-0.03250
-0.04497
-0.06245
-0.08170
-0.09945
-0.11032
-0.11096
-0.10334
-0.09440
-0.09167
-0.09174
-0.09090
-0.08722
-0.07570
-0.06797
-0.07016
-0.07724
-0.08385
-0.07870
-0.06035
-0.03875
-0.02247
-0.01459
-0.02043
-0.03547
-0.04728
-0.05202
-0.05236
-0.05264
-0.05450
-0.06343
-0.07611
-0.08563
-0.08836
-0.08327
-0.07663
-0.07419
-0.08039
-0.09241
-0.10738
-0.11955
-0.12335
-0.12341
-0.12422
-0.12933
-0.14099
-0.15550
-0.16801
-0.17381
-0.17316
-0.17216
-0.17173
-0.17246
-0.17363
-0.17337
-0.17160
-0.16576
-0.15763
-0.14849
-0.13538
-0.12391
-0.11188
-0.09686
-0.08427
-0.07264
-0.06529
-0.06143
-0.05711
-0.05006
-0.04184
-0.03450
-0.02862
-0.02833
-0.03079
-0.03099
-0.03210
-0.03518
-0.03539
-0.03895
-0.04359
-0.04254
-0.03970
-0.03864
-0.04318
-0.05542
-0.07530
-0.09672
-0.11442
-0.12354
-0.12409
-0.12396
-0.12846
-0.13731
-0.14729
-0.15544
-0.16088
-0.16617
-0.17319
-0.18487
-0.19845
-0.20598
-0.20521
-0.19821
-0.18666
-0.17323
-0.16247
-0.15577
-0.15112
-0.14947
-0.15021
-0.15126
-0.14932
-0.14344
-0.13740
-0.12515
-0.10803
-0.09081
-0.07600
-0.06258
-0.04581
-0.02545
-0.00066
0.01901
0.03056
0.03656
0.04315
0.05543
0.07171
0.08765
0.10079
0.11275
0.12056
0.12958
0.14301
0.16177
0.17616
0.17892
0.17445
0.16756
0.17044
0.18126
0.19111
0.19421
0.19037
0.18512
0.18194
0.18102
0.18152
0.18151
0.17650
0.16799
0.16050
0.15334
0.14876
0.14831
0.14606
0.14127
0.13639
0.13249
0.12833
0.11963
0.10633
0.09544
0.09056
0.08623
0.07605
0.05824
0.03640
0.02048
0.01324
0.00552
-0.01037
-0.03256
-0.04962
-0.05954
-0.06321
-0.06429
-0.06520
-0.06303
-0.06411
-0.07227
-0.08742
-0.10226
-0.11054
-0.11232
-0.11268
-0.11397
-0.11653
-0.12147
-0.11936
-0.10741
-0.08764
-0.06483
-0.03857
-0.00663
0.02265
0.05153
0.08457
0.11483
0.13703
0.15469
0.16973
0.18821
0.21691
0.25449
0.29454
0.32351
0.33731
0.33931
0.33785
0.34141
0.34826
0.35417
0.35394
0.34454
0.32654
0.30532
0.28608
0.27518
0.27123
0.26797
0.26154
0.24704
0.22844
0.21228
0.20354
0.19635
0.18579
0.16955
0.14455
0.11630
0.09114
0.07422
0.05882
0.03748
0.00894
-0.02314
-0.05161
-0.06916
-0.07748
-0.08568
-0.09643
-0.11210
-0.12867
-0.14166
-0.14764
-0.14776
-0.14876
-0.15087
-0.15243
-0.15148
-0.14579
-0.13532
-0.12512
-0.12128
-0.12273
-0.12192
-0.11525
-0.10515
-0.09443
-0.08168
-0.07268
-0.07323
-0.07783
-0.08239
-0.08222
-0.07669
-0.07056
-0.06853
-0.07220
-0.07710
-0.07855
-0.07563
-0.06840
-0.06311
-0.06596
-0.07308
-0.08376
-0.09782
-0.10941
-0.11683
-0.12480
-0.13595
-0.14972
-0.16540
-0.17853
-0.18239
-0.18006
-0.17424
-0.16632
-0.16419
-0.16443
-0.16235
-0.15787
-0.14972
-0.13635
-0.12260
-0.11721
-0.11605
-0.11281
-0.10493
-0.09066
-0.07354
-0.05998
-0.05104
-0.04540
-0.04163
-0.03536
-0.02697
-0.01893
-0.01266
-0.01034
-0.01014
-0.01014
-0.00875
-0.00516
-0.00424
-0.00815
-0.01349
-0.01676
-0.01852
-0.02040
-0.02626
-0.03980
-0.05849
-0.07642
-0.08904
-0.09627
-0.09870
-0.09713
-0.09581
-0.10235
-0.11342
-0.12527
-0.13994
-0.15169
-0.16116
-0.17262
-0.18244
-0.18558
-0.18461
-0.18151
-0.17392
-0.16276
-0.15063
-0.13877
-0.12739
-0.11863
-0.11468
-0.11388
-0.11068
-0.10338
-0.09285
-0.08019
-0.06633
-0.05103
-0.03547
-0.01958
-0.00273
0.01570
0.03450
0.04946
0.05912
0.06781
0.07939
0.09468
0.11164
0.12595
0.13774
0.14839
0.15826
0.17054
0.18359
0.19437
0.20602
0.21601
0.22099
0.22708
0.23478
0.24053
0.24473
0.24351
0.23698
0.22927
0.22505
0.22728
0.23267
0.23557
0.23320
0.22932
0.22252
0.21360
0.20388
0.19076
0.17492
0.15703
0.13897
0.12042
0.10307
0.08554
0.06800
0.05209
0.03835
0.02829
0.01908
0.01265
0.00752
0.00102
-0.00841
-0.02617
-0.05018
-0.07111
-0.08489
-0.09590
-0.10553
-0.11365
-0.11806
-0.11297
-0.10355
-0.09552
-0.08933
-0.08752
-0.08821
-0.09034
-0.08944
-0.08453
-0.07546
-0.06196
-0.04805
-0.02599
-0.00098
0.02221
0.04735
0.07179
0.09965
0.13027
0.16151
0.19008
0.21381
0.23489
0.25406
0.27440
0.29689
0.31713
0.32885
0.33042
0.32308
0.31375
0.31107
0.31576
0.32279
0.32804
0.33085
0.32701
0.31139
0.29156
0.27561
0.25786
0.23791
0.21186
0.17740
0.14374
0.11196
0.08266
0.05380
0.02393
-0.00528
-0.03650
-0.06889
-0.09731
-0.11762
-0.13205
-0.14695
-0.16562
-0.18565
-0.20204
-0.20661
-0.20170
-0.20257
-0.20861
-0.21431
-0.22238
-0.22800
-0.23011
-0.23258
-0.23155
-0.22684
-0.22369
-0.22103
-0.21771
-0.21212
-0.20287
-0.19850
-0.19779
-0.19204
-0.18346
-0.17562
-0.16882
-0.16554
-0.16678
-0.16988
-0.17119
-0.16895
-0.16841
-0.16797
-0.16780
-0.17267
-0.17861
-0.18352
-0.18643
-0.18522
-0.17936
-0.17560
-0.18006
-0.19059
-0.20193
-0.21339
-0.22604
-0.23765
-0.24739
-0.25593
-0.26455
-0.27136
-0.27782
-0.28211
-0.28041
-0.27491
-0.26822
-0.26315
-0.25998
-0.25901
-0.25833
-0.25554
-0.25067
-0.24227
-0.23138
-0.22457
-0.21764
-0.20637
-0.19407
-0.17865
-0.16355
-0.15075
-0.14063
-0.13364
-0.12698
-0.11975
-0.11190
-0.10445
-0.09737
-0.09170
-0.08803
-0.08754
-0.08860
-0.08840
-0.08749
-0.08493
-0.08333
-0.08302
-0.08198
-0.08209
-0.08399
-0.08966
-0.09786
-0.10421
-0.10578
-0.10282
-0.09898
-0.09661
-0.09765
-0.10030
-0.10466
-0.11120
-0.11524
-0.11725
-0.11875
-0.11834
-0.11798
-0.11781
-0.11326
-0.10238
-0.08675
-0.07051
-0.05790
-0.04859
-0.04303
-0.04042
-0.03477
-0.02757
-0.01878
-0.00433
0.01230
0.03010
0.04659
0.06086
0.07389
0.08661
0.10302
0.12132
0.14242
0.16277
0.17798
0.18887
0.19544
0.20281
0.21149
0.22253
0.23762
0.25322
0.26693
0.27988
0.29216
0.30356
0.31619
0.32530
0.32945
0.32985
0.32904
0.32720
0.32321
0.32180
0.31877
0.31439
0.31572
0.32073
0.32382
0.32518
0.32274
0.31524
0.30520
0.29619
0.29399
0.29582
0.29848
0.29413
0.27848
0.25699
0.23534
0.22045
0.21291
0.21001
0.20628
0.19693
0.18156
0.16532
0.15151
0.13808
0.12322
0.10221
0.07641
0.05399
0.03500
0.01761
0.00538
0.00092
0.00119
-0.00198
-0.00523
-0.00613
-0.00602
-0.00464
-0.00321
0.00096
0.00524
0.01788
0.03905
0.05798
0.07566
0.09105
0.10766
0.12923
0.15792
0.19321
0.22724
0.25393
0.27303
0.28855
0.30100
0.31227
0.32477
0.33685
0.34844
0.35803
0.36375
0.36483
0.36367
0.36003
0.35278
0.34685
0.34200
0.33423
0.32049
0.29989
0.27249
0.24481
0.22129
0.20370
0.19289
0.17896
0.16103
0.14092
0.11972
0.09926
0.08033
0.06088
0.03853
0.01356
-0.01889
-0.05026
-0.07822
-0.10595
-0.13435
-0.16468
-0.19148
-0.21174
-0.22182
-0.22681
-0.22871
-0.23299
-0.24323
-0.25467
-0.26267
-0.26070
-0.25244
-0.23959
-0.22756
-0.22165
-0.22205
-0.22282
-0.21643
-0.20714
-0.19746
-0.18810
-0.18072
-0.17647
-0.17427
-0.17436
-0.17373
-0.17317
-0.17331
-0.16885
-0.16648
-0.17022
-0.17902
-0.18935
-0.19758
-0.20175
-0.20423
-0.21042
-0.21659
-0.22362
-0.23272
-0.24072
-0.24664
-0.25122
-0.25315
-0.25426
-0.25744
-0.26058
-0.26898
-0.28169
-0.29196
-0.29840
-0.29981
-0.29794
-0.29656
-0.29805
-0.30116
-0.30634
-0.31395
-0.32008
-0.32050
-0.31492
-0.30738
-0.29996
-0.29444
-0.28926
-0.27876
-0.26226
-0.24337
-0.22847
-0.21900
-0.21410
-0.21228
-0.20861
-0.20300
-0.19609
-0.18825
-0.18024
-0.17657
-0.17689
-0.17780
-0.18095
-0.18291
-0.18287
-0.18050
-0.17541
-0.17154
-0.17234
-0.17717
-0.18352
-0.18921
-0.19237
-0.19388
-0.19200
-0.18624
-0.18082
-0.17884
-0.17765
-0.17818
-0.18224
-0.18670
-0.19023
-0.18922
-0.18250
-0.17378
-0.16583
-0.15719
-0.14600
-0.13398
-0.12156
-0.10769
-0.09504
-0.08585
-0.08042
-0.07702
-0.07299
-0.06697
-0.05398
-0.03803
-0.02355
-0.00705
0.00804
0.01949
0.02990
0.04182
0.05848
0.08079
0.10366
0.12383
0.14214
0.15658
0.16850
0.18050
0.19354
0.21142
0.23107
0.24959
0.26884
0.28671
0.30212
0.31651
0.33120
0.34540
0.35631
0.35982
0.36039
0.35966
0.35414
0.34981
0.34765
0.34835
0.35127
0.35253
0.35293
0.35072
0.34542
0.34004
0.33597
0.33361
0.33293
0.33236
0.32885
0.31857
0.30206
0.28338
0.26756
0.25876
0.25555
0.25097
0.24117
0.22644
0.21127
0.19829
0.18349
0.16753
0.15123
0.13544
0.12007
0.10459
0.09004
0.07856
0.07359
0.07520
0.07722
0.08050
0.09803
0.11475
0.12079
0.12460
0.12696
0.13237
0.13793
0.14885
0.16060
0.17151
0.18331
0.19351
0.21207
0.23227
0.25690
0.28499
0.30546
0.31897
0.32921
0.34086
0.35432
0.36892
0.38123
0.39301
0.40091
0.40678
0.41358
0.41948
0.42434
0.41953
0.40761
0.39164
0.37591
0.36147
0.34433
0.32526
0.30406
0.28136
0.25754
0.23645
0.21454
0.19315
0.17159
0.14742
0.12425
0.09794
0.06920
0.04092
0.01469
-0.01099
-0.03537
-0.05731
-0.08016
-0.10729
-0.13766
-0.16500
-0.18650
-0.20006
-0.20787
-0.21052
-0.21085
-0.21389
-0.21728
-0.21832
-0.21413
-0.20762
-0.20103
-0.19304
-0.18594
-0.18227
-0.17956
-0.17441
-0.16672
-0.15583
-0.14324
-0.13260
-0.12895
-0.13195
-0.14011
-0.15368
-0.16558
-0.17515
-0.18428
-0.18987
-0.19577
-0.20462
-0.21422
-0.22377
-0.23148
-0.23604
-0.23756
-0.23645
-0.23651
-0.24175
-0.24882
-0.25288
-0.25434
-0.25450
-0.25568
-0.26042
-0.26871
-0.27730
-0.28368
-0.28805
-0.28823
-0.28394
-0.27833
-0.27603
-0.27761
-0.28130
-0.28550
-0.28909
-0.29396
-0.29581
-0.29257
-0.28765
-0.28324
-0.27690
-0.26834
-0.25960
-0.24655
-0.23289
-0.22217
-0.21447
-0.21140
-0.21055
-0.21016
-0.20760
-0.20354
-0.20277
-0.20595
-0.21120
-0.21968
-0.22706
-0.22627
-0.21817
-0.20600
-0.19290
-0.18139
-0.17366
-0.17228
-0.17684
-0.18524
-0.19880
-0.21356
-0.22652
-0.24180
-0.25803
-0.27466
-0.29170
-0.30498
-0.31659
-0.32727
-0.33277
-0.33429
-0.32869
-0.31539
-0.29904
-0.28194
-0.26535
-0.24369
-0.21906
-0.19748
-0.18107
-0.17105
-0.16371
-0.15522
-0.14528
-0.13763
-0.12877
-0.11617
-0.10367
-0.09128
-0.07814
-0.06751
-0.06143
-0.05516
-0.04480
-0.02743
-0.00379
0.02375
0.04859
0.06739
0.08068
0.08690
0.09276
0.10207
0.11823
0.13556
0.15004
0.16622
0.17969
0.19307
0.20633
0.21738
0.22650
0.23061
0.23094
0.22899
0.22448
0.22016
0.21957
0.22056
0.22387
0.23095
0.23920
0.24523
0.24509
0.23840
0.23049
0.22519
0.22530
0.23189
0.23825
0.24008
0.23159
0.21295
0.19172
0.17400
0.16636
0.16530
0.16414
0.15539
0.13824
0.12026
0.10511
0.09672
0.09378
0.09207
0.08570
0.07010
0.04964
0.03180
0.02305
0.02524
0.03805
0.05078
0.05602
0.06123
0.06703
0.07622
0.09161
0.11135
0.13401
0.15915
0.18554
0.20647
0.22373
0.23912
0.25620
0.27723
0.30248
0.33155
0.35454
0.37177
0.38380
0.39255
0.40236
0.41283
0.42303
0.43177
0.44099
0.44995
0.45826
0.46229
0.46081
0.45400
0.43969
0.42381
0.40919
0.39516
0.38064
0.36338
0.34487
0.32550
0.30682
0.29016
0.27424
0.26167
0.24959
0.23261
0.21286
0.19084
0.16610
0.14176
0.11911
0.09508
0.07105
0.04824
0.02312
-0.00456
-0.03527
-0.06546
-0.09035
-0.10845
-0.11758
-0.12171
-0.12311
-0.12360
-0.12890
-0.13574
-0.14116
-0.14338
-0.13755
-0.12744
-0.11752
-0.11157
-0.11250
-0.11363
-0.11072
-0.09982
-0.07948
-0.05783
-0.04247
-0.03711
-0.03796
-0.04138
-0.04364
-0.04106
-0.03598
-0.03168
-0.03075
-0.03467
-0.04465
-0.05605
-0.06329
-0.06480
-0.06218
-0.06120
-0.06431
-0.07465
-0.09160
-0.10857
-0.12269
-0.13243
-0.13858
-0.14462
-0.15369
-0.16822
-0.18699
-0.20699
-0.22585
-0.23748
-0.23990
-0.23934
-0.23974
-0.24245
-0.24776
-0.25302
-0.25671
-0.26030
-0.26252
-0.26184
-0.26048
-0.25871
-0.25442
-0.24785
-0.24026
-0.22893
-0.21422
-0.20093
-0.19091
-0.18405
-0.18081
-0.17929
-0.17441
-0.16893
-0.16550
-0.16303
-0.16314
-0.16604
-0.17035
-0.17418
-0.17724
-0.17777
-0.17662
-0.17326
-0.16898
-0.16792
-0.16996
-0.17594
-0.18294
-0.18919
-0.19498
-0.19879
-0.19926
-0.19942
-0.20034
-0.19931
-0.20055
-0.20646
-0.21498
-0.22246
-0.22625
-0.22564
-0.22096
-0.21499
-0.21048
-0.20743
-0.20360
-0.19620
-0.18584
-0.17636
-0.16857
-0.16626
-0.16700
-0.16211
-0.15263
-0.13831
-0.11847
-0.09935
-0.08363
-0.07207
-0.06334
-0.05825
-0.05500
-0.04266
-0.02336
-0.00046
0.02566
0.04983
0.06800
0.07763
0.08171
0.08638
0.09633
0.11007
0.12538
0.13890
0.15017
0.15989
0.16856
0.17687
0.18348
0.18874
0.18762
0.18174
0.17496
0.16934
0.16883
0.17254
0.18085
0.19199
0.20412
0.21413
0.21648
0.21297
0.20584
0.19772
0.19579
0.19962
0.20452
0.20601
0.19862
0.17793
0.15076
0.12820
0.11196
0.10441
0.10253
0.09736
0.08547
0.07021
0.05629
0.04531
0.03685
0.03170
0.02534
0.01460
0.00347
-0.00918
-0.02027
-0.02245
-0.01425
-0.00396
0.00193
0.00575
0.01024
0.01866
0.03451
0.05633
0.07839
0.10119
0.12329
0.13957
0.15023
0.15988
0.17170
0.18509
0.20258
0.22701
0.25448
0.27856
0.29687
0.31100
0.32660
0.34437
0.35866
0.36922
0.37651
0.37850
0.37814
0.37806
0.38452
0.39412
0.39269
0.38175
0.36619
0.34905
0.33113
0.31208
0.29066
0.26780
0.24435
0.21862
0.19710
0.18054
0.16558
0.15092
0.13329
0.11214
0.09021
0.06457
0.03910
0.01867
-0.00066
-0.01648
-0.03199
-0.05258
-0.07696
-0.10072
-0.12202
-0.13988
-0.15043
-0.15305
-0.15135
-0.14947
-0.14919
-0.14891
-0.14595
-0.13984
-0.12918
-0.11737
-0.10771
-0.10184
-0.10163
-0.10417
-0.10420
-0.09907
-0.08845
-0.07177
-0.05612
-0.04669
-0.04333
-0.04257
-0.04209
-0.04226
-0.03972
-0.03606
-0.03473
-0.03752
-0.04333
-0.05083
-0.05805
-0.06078
-0.05974
-0.05798
-0.06146
-0.07082
-0.08315
-0.09984
-0.11485
-0.12411
-0.12793
-0.12973
-0.13618
-0.14878
-0.16571
-0.18323
-0.20101
-0.21471
-0.21856
-0.21425
-0.20951
-0.20981
-0.21387
-0.21866
-0.22072
-0.22017
-0.21889
-0.21526
-0.21035
-0.21167
-0.21423
-0.21311
-0.20847
-0.19639
-0.18051
-0.16579
-0.15502
-0.14926
-0.14894
-0.14932
-0.14733
-0.14161
-0.13447
-0.12950
-0.12498
-0.12444
-0.12721
-0.12900
-0.12696
-0.12239
-0.11605
-0.11142
-0.10739
-0.10172
-0.10121
-0.10554
-0.11277
-0.11807
-0.12161
-0.12502
-0.12798
-0.13032
-0.13108
-0.13317
-0.13683
-0.14389
-0.15282
-0.16183
-0.16832
-0.16896
-0.16373
-0.15335
-0.14370
-0.13760
-0.13278
-0.12640
-0.11597
-0.10243
-0.09137
-0.08579
-0.08225
-0.07824
-0.06962
-0.05238
-0.02995
-0.00798
0.00886
0.02140
0.03106
0.03568
0.03882
0.04642
0.06169
0.08331
0.10620
0.12670
0.14000
0.14215
0.13741
0.13149
0.12815
0.13127
0.13858
0.14521
0.15269
0.16203
0.16840
0.17419
0.18339
0.19356
0.20129
0.20426
0.20505
0.20452
0.20378
0.20642
0.21139
0.22021
0.23409
0.24712
0.25462
0.25475
0.25049
0.24845
0.24948
0.25341
0.26074
0.26344
0.25418
0.23304
0.20408
0.17660
0.15901
0.15271
0.15170
0.14955
0.13994
0.12070
0.09670
0.07478
0.06122
0.05609
0.05666
0.05674
0.04859
0.03129
0.01299
0.00142
-0.00080
0.00052
-0.00296
-0.00884
-0.01251
-0.00817
0.00806
0.03485
0.06614
0.09856
0.12591
0.14133
0.14615
0.14418
0.14344
0.14243
0.14342
0.15077
0.15925
0.16281
0.16290
0.16305
0.16429
0.17106
0.17980
0.18902
0.20094
0.21410
0.22617
0.24137
0.26167
0.28336
0.29738
0.29535
0.28536
0.27282
0.25995
0.24660
0.23115
0.21091
0.18489
0.15908
0.13512
0.11266
0.09323
0.07620
0.05784
0.03870
0.01729
-0.00774
-0.03442
-0.05986
-0.08260
-0.10215
-0.12045
-0.14360
-0.17002
-0.19770
-0.22600
-0.25041
-0.26636
-0.27464
-0.27627
-0.27374
-0.27477
-0.28004
-0.28411
-0.28522
-0.28229
-0.27157
-0.25589
-0.24133
-0.23417
-0.23551
-0.23857
-0.23740
-0.22739
-0.20764
-0.18372
-0.16280
-0.15062
-0.14687
-0.14671
-0.14917
-0.14896
-0.14564
-0.14400
-0.14567
-0.15310
-0.16485
-0.17808
-0.18611
-0.18566
-0.17949
-0.17170
-0.16993
-0.17799
-0.19169
-0.20836
-0.22267
-0.22700
-0.22735
-0.22718
-0.22851
-0.23695
-0.24953
-0.26489
-0.28061
-0.29124
-0.29499
-0.29280
-0.29140
-0.29414
-0.29726
-0.29919
-0.29889
-0.29657
-0.29160
-0.28158
-0.26878
-0.25741
-0.24531
-0.23242
-0.21950
-0.20318
-0.18580
-0.16928
-0.15621
-0.14801
-0.14338
-0.13881
-0.13284
-0.12883
-0.12361
-0.11703
-0.11043
-0.10605
-0.10507
-0.10344
-0.10110
-0.09744
-0.09494
-0.09198
-0.08684
-0.08344
-0.08284
-0.08652
-0.08983
-0.09132
-0.09315
-0.09403
-0.09240
-0.08863
-0.08591
-0.08582
-0.08936
-0.09464
-0.10162
-0.10846
-0.11438
-0.11589
-0.11084
-0.10284
-0.09148
-0.08368
-0.07818
-0.06880
-0.05758
-0.04550
-0.03343
-0.02706
-0.02526
-0.02311
-0.01906
-0.00624
0.01418
0.03902
0.06336
0.08311
0.09527
0.10239
0.10946
0.11634
0.13296
0.15881
0.18738
0.21348
0.23408
0.24774
0.25362
0.25844
0.26728
0.28038
0.29455
0.30987
0.32205
0.33366
0.34608
0.35360
0.36245
0.37266
0.37877
0.37723
0.36730
0.35407
0.34228
0.33597
0.33519
0.33940
0.34769
0.35405
0.35346
0.34456
0.33157
0.31787
0.30904
0.30858
0.31292
0.31681
0.31184
0.29684
0.27324
0.25004
0.23441
0.22560
0.22358
0.22032
0.21135
0.19609
0.17745
0.16182
0.15298
0.15053
0.15166
0.15029
0.14010
0.12272
0.10044
0.08085
0.07378
0.07633
0.07849
0.07764
0.07689
0.07695
0.08052
0.09242
0.10888
0.12579
0.14587
0.16357
0.17434
0.18085
0.18650
0.19385
0.20167
0.21418
0.23397
0.25376
0.26927
0.27992
0.28743
0.29928
0.31445
0.32340
0.32531
0.32311
0.31892
0.31612
0.31741
0.32236
0.32166
0.31232
0.29817
0.27962
0.26234
0.24422
0.22295
0.20201
0.17916
0.15459
0.12993
0.10702
0.08742
0.07164
0.05652
0.03854
0.01612
-0.01057
-0.04076
-0.07180
-0.09858
-0.12325
-0.14372
-0.16380
-0.19063
-0.22031
-0.25072
-0.27718
-0.29729
-0.31042
-0.31383
-0.31175
-0.31404
-0.32243
-0.32941
-0.33318
-0.33409
-0.32942
-0.31829
-0.30559
-0.29695
-0.29251
-0.29166
-0.28726
-0.27292
-0.25080
-0.22450
-0.20065
-0.18510
-0.18061
-0.18177
-0.18594
-0.19065
-0.19110
-0.19257
-0.19659
-0.20401
-0.21503
-0.22737
-0.23640
-0.23855
-0.23854
-0.24109
-0.24749
-0.25873
-0.27599
-0.29474
-0.30939
-0.31577
-0.31632
-0.31770
-0.32490
-0.33912
-0.35661
-0.37492
-0.38958
-0.39594
-0.39364
-0.38874
-0.38739
-0.38984
-0.39268
-0.39398
-0.39339
-0.39054
-0.38280
-0.37059
-0.36141
-0.35396
-0.34475
-0.33319
-0.31659
-0.29528
-0.27137
-0.25129
-0.23907
-0.23197
-0.22952
-0.22987
-0.22499
-0.21388
-0.20451
-0.19446
-0.18330
-0.17735
-0.17375
-0.16979
-0.16499
-0.16051
-0.15633
-0.15437
-0.15532
-0.15994
-0.16894
-0.17974
-0.19020
-0.19470
-0.19818
-0.20050
-0.19732
-0.19203
-0.18767
-0.18619
-0.18516
-0.18709
-0.19048
-0.19315
-0.19475
-0.18867
-0.17696
-0.16470
-0.15123
-0.13691
-0.11974
-0.09979
-0.07852
-0.05836
-0.04232
-0.02903
-0.01743
-0.00563
0.00967
0.03060
0.05403
0.07700
0.09334
0.10310
0.10863
0.10967
0.11531
0.12891
0.15172
0.18189
0.21182
0.23703
0.25635
0.26712
0.27212
0.27777
0.28825
0.30275
0.31797
0.33505
0.34782
0.35725
0.36548
0.37204
0.38053
0.38673
0.38451
0.37289
0.35837
0.34558
0.33804
0.33861
0.34656
0.36086
0.37796
0.38930
0.38880
0.38127
0.37365
0.37054
0.37416
0.38152
0.39157
0.39741
0.38920
0.36844
0.34176
0.31933
0.30637
0.29993
0.29284
0.28303
0.26749
0.24545
0.22415
0.20536
0.19427
0.19109
0.18877
0.17824
0.15929
0.13507
0.10870
0.09362
0.09185
0.09687
0.10301
0.10603
0.10609
0.10974
0.12151
0.13729
0.15603
0.17878
0.19886
0.21027
0.21513
0.21707
0.22018
0.22671
0.24031
0.26408
0.28968
0.31005
0.32671
0.33825
0.35036
0.36373
0.37326
0.38280
0.38932
0.39236
0.39690
0.40510
0.41541
0.42188
0.42060
0.41465
0.40479
0.39009
0.37402
0.35684
0.33760
0.31508
0.29032
0.26515
0.24373
0.22450
0.20595
0.19141
0.17522
0.15499
0.12738
0.09227
0.05415
0.01396
-0.02316
-0.05739
-0.09286
-0.13104
-0.17261
-0.21721
-0.25917
-0.29052
-0.31054
-0.31853
-0.31682
-0.31426
-0.31262
-0.31171
-0.31158
-0.30851
-0.30057
-0.28408
-0.26365
-0.24775
-0.23688
-0.23292
-0.22708
-0.21104
-0.18870
-0.15927
-0.12609
-0.09916
-0.08354
-0.08149
-0.08820
-0.09587
-0.10193
-0.10387
-0.10600
-0.11050
-0.12120
-0.14059
-0.15898
-0.17206
-0.17611
-0.17583
-0.17827
-0.18430
-0.19851
-0.21799
-0.23717
-0.25053
-0.25603
-0.25983
-0.26456
-0.27547
-0.29675
-0.32542
-0.35700
-0.38220
-0.39220
-0.38680
-0.37658
-0.36824
-0.36278
-0.35966
-0.35992
-0.36407
-0.36478
-0.36085
-0.35789
-0.36179
-0.37212
-0.38678
-0.40138
-0.40990
-0.40981
-0.40262
-0.39612
-0.38929
-0.38121
-0.37074
-0.35537
-0.34298
-0.32898
-0.30704
-0.28434
-0.26332
-0.25045
-0.24220
-0.23180
-0.22569
-0.21958
-0.21279
-0.20907
-0.20909
-0.21599
-0.22887
-0.24211
-0.25440
-0.26562
-0.27266
-0.27579
-0.27441
-0.26833
-0.26240
-0.26019
-0.25903
-0.26184
-0.26850
-0.27523
-0.27672
-0.26988
-0.25840
-0.24367
-0.23172
-0.22083
-0.20908
-0.19624
-0.18017
-0.16556
-0.15747
-0.15283
-0.14953
-0.14669
-0.13479
-0.11467
-0.08716
-0.05655
-0.02982
-0.00957
0.00070
0.00442
0.00913
0.02341
0.04470
0.07163
0.10108
0.12846
0.15118
0.16269
0.16987
0.17926
0.19083
0.20486
0.21855
0.23160
0.24306
0.25091
0.25685
0.26483
0.27700
0.28669
0.28817
0.28244
0.27338
0.26453
0.26142
0.26907
0.28302
0.30046
0.31545
0.32229
0.32064
0.31246
0.30326
0.29826
0.30017
0.30501
0.30827
0.30489
0.29223
0.27121
0.24998
0.23710
0.23311
0.23696
0.24018
0.23688
0.22830
0.21697
0.20495
0.19497
0.18963
0.18850
0.18640
0.17624
0.15914
0.13601
0.11606
0.10992
0.11238
0.11885
0.12512
0.12966
0.13482
0.14383
0.15873
0.17746
0.19920
0.22060
0.23688
0.24752
0.25546
0.26393
0.27568
0.29098
0.31124
0.33767
0.36561
0.38964
0.40725
0.42348
0.44152
0.45808
0.46874
0.47154
0.46996
0.46701
0.46626
0.47143
0.48127
0.48606
0.48060
0.46742
0.44778
0.42791
0.40716
0.38538
0.36512
0.34184
0.31869
0.29846
0.28054
0.26399
0.24975
0.23709
0.22038
0.20000
0.17604
0.14832
0.11854
0.09013
0.06745
0.04870
0.02822
0.00435
-0.02436
-0.05635
-0.08304
-0.10269
-0.11463
-0.11854
-0.12043
-0.12635
-0.13363
-0.13726
-0.13964
-0.14002
-0.13409
-0.12416
-0.11691
-0.11398
-0.11496
-0.11657
-0.11577
-0.10946
-0.09474
-0.07869
-0.06801
-0.06397
-0.06497
-0.06941
-0.07505
-0.07893
-0.08081
-0.08364
-0.09046
-0.09785
-0.10861
-0.12397
-0.13421
-0.13967
-0.14200
-0.14433
-0.15318
-0.16784
-0.18775
-0.20517
-0.21367
-0.21669
-0.21672
-0.21923
-0.23228
-0.25113
-0.27239
-0.29767
-0.31774
-0.32844
-0.33065
-0.33202
-0.33711
-0.34273
-0.34875
-0.35137
-0.35056
-0.34649
-0.33757
-0.32656
-0.31704
-0.31044
-0.30549
-0.29851
-0.28772
-0.27300
-0.25854
-0.24929
-0.24501
-0.24598
-0.24883
-0.25010
-0.24820
-0.24527
-0.24307
-0.24025
-0.23855
-0.23861
-0.23897
-0.23842
-0.23747
-0.23596
-0.23479
-0.23677
-0.24092
-0.24552
-0.25311
-0.26287
-0.27139
-0.27714
-0.28074
-0.28361
-0.28466
-0.28331
-0.28025
-0.27791
-0.27850
-0.28315
-0.28919
-0.29493
-0.29743
-0.29229
-0.28162
-0.26973
-0.25807
-0.24599
-0.23525
-0.22273
-0.20784
-0.19576
-0.18979
-0.18758
-0.18616
-0.18487
-0.17722
-0.16227
-0.13935
-0.11309
-0.09207
-0.07657
-0.06711
-0.05759
-0.04428
-0.02472
0.00537
0.03884
0.07090
0.10126
0.12314
0.13581
0.14442
0.15209
0.16400
0.17880
0.19390
0.20678
0.21529
0.22233
0.22645
0.23033
0.23704
0.24202
0.23868
0.22864
0.21621
0.20225
0.19491
0.19858
0.20984
0.22422
0.23852
0.24683
0.24342
0.23303
0.22169
0.21317
0.21417
0.22023
0.22522
0.22732
0.21812
0.19780
0.17188
0.15009
0.13795
0.13463
0.13428
0.12918
0.12030
0.10502
0.08813
0.07605
0.07103
0.07426
0.07878
0.07610
0.06490
0.04581
0.02574
0.01750
0.01845
0.02633
0.03735
0.04553
0.05368
0.06449
0.08016
0.09732
0.11745
0.14263
0.16294
0.17597
0.18511
0.18733
0.18856
0.19486
0.20840
0.23356
0.26063
0.28274
0.30167
0.31656
0.33349
0.35169
0.36573
0.37568
0.38065
0.38336
0.38783
0.39860
0.41163
0.41834
0.41856
0.41334
0.40528
0.39685
0.38785
0.37933
0.36908
0.35317
0.33321
0.31434
0.29780
0.28391
0.27133
0.25673
0.23994
0.21176
0.17534
0.14012
0.10342
0.07249
0.04890
0.02845
0.00728
-0.02088
-0.05466
-0.08913
-0.11774
-0.13709
-0.15118
-0.15639
-0.15462
-0.15526
-0.15853
-0.16414
-0.16523
-0.16438
-0.16045
-0.14759
-0.13447
-0.12716
-0.12915
-0.13470
-0.13667
-0.12789
-0.10802
-0.08432
-0.05955
-0.04011
-0.03058
-0.02831
-0.02896
-0.02701
-0.01978
-0.01451
-0.01215
-0.01495
-0.02806
-0.04717
-0.06492
-0.07387
-0.07467
-0.07289
-0.07878
-0.09489
-0.11745
-0.14377
-0.16790
-0.18463
-0.19156
-0.19654
-0.20221
-0.21219
-0.22917
-0.25015
-0.27150
-0.28396
-0.28717
-0.28545
-0.28490
-0.28486
-0.28434
-0.28417
-0.28312
-0.27992
-0.26942
-0.25784
-0.24798
-0.23943
-0.23459
-0.23174
-0.22766
-0.22029
-0.21025
-0.19878
-0.19104
-0.18618
-0.18434
-0.18359
-0.18276
-0.18376
-0.18177
-0.17716
-0.17234
-0.16934
-0.16500
-0.15796
-0.14929
-0.14001
-0.13377
-0.13040
-0.12897
-0.12916
-0.13169
-0.13604
-0.13888
-0.14197
-0.14552
-0.14920
-0.15163
-0.15229
-0.15297
-0.15010
-0.14723
-0.14850
-0.15608
-0.16859
-0.18305
-0.19504
-0.20183
-0.20503
-0.20851
-0.21246
-0.21765
-0.21888
-0.21285
-0.20432
-0.19560
-0.18971
-0.18743
-0.18349
-0.17209
-0.15307
-0.12223
-0.08675
-0.04923
-0.01806
0.00367
0.01972
0.03151
0.04774
0.07162
0.09992
0.13517
0.17107
0.20397
0.22874
0.24516
0.25832
0.26764
0.27975
0.28842
0.29714
0.30422
0.31202
0.31611
0.31897
0.31979
0.32236
0.32003
0.31257
0.29789
0.28333
0.27454
0.26964
0.27645
0.29174
0.31115
0.32246
0.32657
0.31738
0.30373
0.27977
0.26362
0.25070
0.24762
0.24779
0.25045
0.24502
0.23592
0.21873
0.20272
0.19491
0.18546
0.17897
0.15660
0.13223
0.09142
0.05830
0.01615
-0.00393
-0.02803
-0.03142
-0.05531
-0.06354
-0.09297
-0.10582
