sample-data.txt   1 channel (mono)
Sample Rate: 22050 Hz. Sample values on linear scale.
Length processed: 8773 samples 0.39787 seconds.


0.00014
-0.01020
-0.03979
-0.06218
-0.07858
-0.09073
-0.10296
-0.12634
-0.15065
-0.17952
-0.20327
-0.21199
-0.20944
-0.20580
-0.21511
-0.22458
-0.22702
-0.22431
-0.21102
-0.19256
-0.17930
-0.16427
-0.14440
-0.12960
-0.11376
-0.09619
-0.08197
-0.06934
-0.05991
-0.06167
-0.06936
-0.08270
-0.09210
-0.09146
-0.09368
-0.09426
-0.08831
-0.07820
-0.07172
-0.05647
-0.03500
-0.01304
0.00906
0.01843
0.02001
0.02258
0.03339
0.04725
0.06226
0.07536
0.08147
0.08742
0.09508
0.10244
0.10704
0.11163
0.11574
0.11124
0.10508
0.10202
0.09469
0.08810
0.08038
0.06935
0.06303
0.05980
0.05867
0.05766
0.05451
0.04834
0.03901
0.03062
0.01885
0.00963
0.00757
0.00767
0.01161
0.01425
0.01173
0.00445
-0.00125
-0.00531
-0.01401
-0.02173
-0.02745
-0.03298
-0.03535
-0.04340
-0.05095
-0.04770
-0.04926
-0.05930
-0.07505
-0.09142
-0.09665
-0.08973
-0.07817
-0.06357
-0.04541
-0.03277
-0.02617
-0.01531
-0.00149
0.00795
0.01836
0.03573
0.05429
0.07563
0.10761
0.14191
0.17389
0.19788
0.20710
0.20420
0.18824
0.16989
0.17653
0.20696
0.23695
0.27720
0.33739
0.38970
0.40953
0.42239
0.44240
0.45663
0.46057
0.46952
0.49413
0.49551
0.48211
0.45889
0.42208
0.39102
0.35349
0.31249
0.25644
0.19701
0.15036
0.10754
0.07506
0.03583
-0.01719
-0.07044
-0.12112
-0.16925
-0.21074
-0.24491
-0.26937
-0.28948
-0.32738
-0.37210
-0.40194
-0.42352
-0.44056
-0.45349
-0.46869
-0.48113
-0.48128
-0.47409
-0.46664
-0.45901
-0.45118
-0.44155
-0.42821
-0.41885
-0.40919
-0.39577
-0.38814
-0.37761
-0.35711
-0.33526
-0.30192
-0.25707
-0.22580
-0.20179
-0.17823
-0.15987
-0.14215
-0.11519
-0.08566
-0.06238
-0.03585
-0.00988
0.01477
0.04234
0.07958
0.11905
0.15778
0.19053
0.20897
0.22533
0.24182
0.26063
0.28082
0.29799
0.30599
0.31078
0.31125
0.30811
0.31146
0.32298
0.34623
0.36859
0.38195
0.38403
0.37261
0.35369
0.34062
0.32931
0.31617
0.30574
0.29072
0.27966
0.26972
0.25154
0.22725
0.19776
0.16392
0.13423
0.12393
0.12021
0.10897
0.09024
0.07294
0.06781
0.05384
0.03331
0.01496
-0.00022
-0.00102
0.00074
0.00002
-0.00731
-0.01538
-0.01367
-0.00594
-0.00033
-0.00144
-0.00252
-0.01183
-0.02423
-0.02396
-0.01711
-0.02257
-0.05927
-0.10995
-0.14570
-0.16211
-0.16916
-0.17028
-0.16630
-0.17162
-0.18872
-0.20839
-0.21909
-0.21829
-0.20912
-0.19956
-0.18871
-0.16778
-0.13879
-0.10308
-0.07296
-0.05297
-0.05373
-0.07172
-0.08653
-0.09185
-0.09170
-0.09257
-0.09044
-0.09576
-0.11718
-0.15215
-0.17711
-0.17397
-0.14762
-0.10982
-0.08779
-0.10285
-0.14225
-0.17449
-0.18072
-0.15452
-0.11225
-0.07599
-0.05660
-0.04844
-0.04869
-0.05209
-0.05428
-0.06858
-0.08344
-0.09828
-0.12506
-0.15727
-0.19460
-0.22783
-0.24874
-0.25915
-0.26764
-0.28408
-0.29898
-0.30321
-0.28548
-0.25723
-0.23100
-0.20813
-0.19971
-0.20624
-0.21836
-0.21615
-0.20335
-0.17796
-0.15265
-0.13648
-0.11864
-0.11689
-0.12652
-0.13041
-0.12758
-0.11710
-0.10366
-0.09814
-0.08793
-0.08278
-0.08649
-0.09903
-0.12158
-0.12291
-0.10423
-0.06542
-0.02053
0.01149
0.02794
0.03599
0.04949
0.06383
0.08301
0.10523
0.12445
0.14981
0.18180
0.20786
0.22982
0.24122
0.24282
0.24747
0.25604
0.27030
0.28881
0.30530
0.30145
0.28313
0.28605
0.30867
0.31743
0.32370
0.33519
0.33804
0.33823
0.33869
0.35207
0.35815
0.35455
0.34959
0.33085
0.31835
0.29508
0.27302
0.27035
0.25580
0.24294
0.24116
0.22978
0.20945
0.19081
0.17001
0.13733
0.09912
0.06829
0.03695
0.01725
0.00917
-0.01680
-0.05598
-0.08728
-0.10333
-0.11513
-0.12255
-0.13291
-0.15374
-0.17254
-0.18410
-0.20405
-0.22541
-0.22953
-0.24096
-0.26354
-0.29480
-0.33624
-0.37529
-0.39529
-0.39001
-0.36504
-0.34038
-0.33554
-0.33651
-0.33692
-0.32552
-0.30412
-0.27397
-0.24057
-0.21626
-0.19464
-0.17075
-0.13968
-0.10408
-0.06636
-0.03624
-0.01214
0.00197
0.01921
0.05135
0.09979
0.17142
0.22930
0.26159
0.28388
0.28990
0.28526
0.28969
0.30564
0.32110
0.32625
0.32702
0.32758
0.33189
0.34320
0.36196
0.38161
0.38827
0.37961
0.36045
0.34860
0.34725
0.35298
0.35358
0.34447
0.32540
0.30141
0.29385
0.29790
0.29748
0.28407
0.25899
0.21606
0.17379
0.14162
0.11932
0.10957
0.07829
0.02476
-0.02896
-0.06638
-0.07656
-0.06947
-0.05789
-0.06018
-0.08448
-0.11081
-0.11753
-0.09505
-0.06316
-0.04406
-0.03879
-0.04841
-0.06009
-0.05861
-0.04048
-0.02641
-0.03308
-0.06267
-0.12218
-0.17370
-0.18634
-0.16042
-0.10865
-0.07679
-0.09123
-0.14042
-0.17924
-0.18110
-0.14952
-0.10848
-0.08083
-0.06584
-0.05205
-0.02486
0.00040
0.02334
0.03909
0.03901
0.01613
-0.02164
-0.04942
-0.06300
-0.05956
-0.05569
-0.05516
-0.05339
-0.04843
-0.04241
-0.03662
-0.03866
-0.04892
-0.05782
-0.08572
-0.13167
-0.17837
-0.21008
-0.20120
-0.16292
-0.13664
-0.13248
-0.14833
-0.16837
-0.16875
-0.16127
-0.15964
-0.15798
-0.15943
-0.17209
-0.20473
-0.24960
-0.27726
-0.27989
-0.26436
-0.25369
-0.25377
-0.26479
-0.28678
-0.30308
-0.31366
-0.30731
-0.28884
-0.27819
-0.27320
-0.26255
-0.23373
-0.17886
-0.12628
-0.11474
-0.14436
-0.18317
-0.19184
-0.16323
-0.11596
-0.09463
-0.09815
-0.08443
-0.05941
-0.02956
-0.01542
-0.03069
-0.06965
-0.11642
-0.14788
-0.15881
-0.13773
-0.09715
-0.04498
-0.00991
-0.01528
-0.03698
-0.06144
-0.07764
-0.08303
-0.07615
-0.04372
0.01816
0.07817
0.11268
0.11772
0.10598
0.10518
0.13355
0.18525
0.23282
0.26263
0.27182
0.25782
0.24216
0.24800
0.24921
0.24372
0.24208
0.22729
0.19477
0.15864
0.12808
0.11640
0.11922
0.09699
0.05585
-0.00061
-0.05129
-0.07445
-0.08015
-0.06094
-0.04328
-0.03285
-0.01542
-0.00155
0.01210
0.01873
0.00265
-0.01594
-0.01461
0.01865
0.09419
0.17701
0.20216
0.14583
0.05482
-0.00321
-0.01546
-0.00538
0.01798
0.04579
0.05611
0.04815
0.02966
0.00737
-0.01252
-0.04097
-0.06783
-0.10020
-0.13704
-0.16116
-0.16716
-0.16352
-0.16987
-0.18052
-0.19029
-0.17522
-0.17142
-0.20895
-0.24919
-0.27199
-0.25667
-0.22138
-0.18520
-0.15328
-0.13010
-0.11080
-0.10094
-0.10130
-0.10700
-0.09765
-0.06226
0.00395
0.08688
0.13828
0.15009
0.15058
0.15444
0.16556
0.19149
0.23011
0.24937
0.24266
0.23618
0.21103
0.17461
0.18097
0.23179
0.28902
0.32977
0.32818
0.27327
0.21702
0.19677
0.22850
0.28512
0.33390
0.35590
0.35193
0.35394
0.33557
0.30865
0.29270
0.28734
0.27720
0.25945
0.25572
0.24639
0.20734
0.13375
0.05228
-0.00411
-0.01097
0.00468
0.02565
0.03987
0.03091
0.00848
-0.02248
-0.04048
-0.00399
0.06161
0.04675
-0.07366
-0.13622
-0.08002
-0.08933
-0.07197
0.05668
0.17197
0.22879
0.15780
0.05579
0.04021
0.10593
0.18857
0.24467
0.26638
0.23883
0.22111
0.26120
0.31346
0.32725
0.32936
0.32258
0.34118
0.41151
0.48985
0.51729
0.48922
0.44604
0.38432
0.33150
0.31026
0.33041
0.36045
0.34703
0.29230
0.23560
0.20633
0.20155
0.22757
0.27450
0.29752
0.27640
0.23295
0.13621
0.01351
-0.05297
-0.06125
-0.02704
0.00870
-0.00473
-0.05891
-0.11114
-0.14233
-0.16221
-0.18905
-0.18043
-0.15643
-0.17060
-0.19196
-0.25279
-0.34486
-0.38803
-0.39154
-0.38208
-0.35290
-0.32897
-0.31854
-0.34621
-0.38399
-0.38678
-0.39034
-0.37346
-0.32807
-0.28793
-0.26146
-0.21306
-0.14889
-0.11371
-0.12530
-0.15033
-0.13622
-0.09773
-0.06675
-0.06110
-0.06571
-0.07594
-0.06770
-0.01799
0.03482
0.02973
-0.03140
-0.11201
-0.19320
-0.21644
-0.15719
-0.05376
0.02460
0.05267
0.03571
0.03742
0.07787
0.07188
0.05223
0.07928
0.12218
0.16171
0.22160
0.26338
0.25737
0.23221
0.18667
0.14025
0.16858
0.27581
0.33313
0.31044
0.26928
0.21603
0.19694
0.22839
0.24453
0.22952
0.19996
0.14940
0.11536
0.11497
0.09453
0.06239
0.04268
0.02368
-0.01601
-0.06841
-0.11700
-0.16590
-0.15976
-0.12027
-0.11634
-0.11907
-0.09977
-0.06775
-0.03668
-0.07385
-0.24689
-0.46232
-0.52552
-0.37857
-0.15512
-0.06519
-0.19661
-0.35941
-0.39990
-0.32836
-0.15753
-0.00259
0.03420
0.08378
0.18538
0.17659
0.11599
0.10558
0.08483
0.04252
0.01479
-0.06545
-0.21940
-0.32038
-0.35508
-0.39406
-0.46321
-0.55208
-0.62859
-0.64258
-0.59646
-0.56652
-0.62213
-0.69066
-0.63957
-0.52937
-0.43248
-0.37966
-0.36782
-0.37285
-0.39826
-0.40427
-0.42474
-0.43867
-0.37151
-0.24411
-0.10636
-0.01884
0.00798
-0.03183
-0.11760
-0.13158
-0.09035
-0.04771
-0.00143
0.00742
0.00332
-0.01927
-0.04927
-0.02526
0.05731
0.15051
0.23072
0.27975
0.24654
0.19094
0.19217
0.25647
0.33336
0.40055
0.41693
0.36392
0.35955
0.38875
0.38217
0.34436
0.29629
0.23328
0.15188
0.13457
0.14720
0.07018
-0.06829
-0.18229
-0.27132
-0.27521
-0.19200
-0.13661
-0.11145
-0.12933
-0.19610
-0.27419
-0.31094
-0.29450
-0.26099
-0.18552
-0.11186
-0.13228
-0.21681
-0.22625
-0.16952
-0.11470
-0.10220
-0.21797
-0.38053
-0.48567
-0.51211
-0.43283
-0.31764
-0.27151
-0.25155
-0.21869
-0.17682
-0.09201
-0.01340
0.01949
0.01915
0.03882
0.13127
0.26669
0.40127
0.49039
0.51272
0.52545
0.49014
0.37792
0.34118
0.38754
0.43057
0.43176
0.38513
0.34764
0.31880
0.32561
0.36398
0.35905
0.36610
0.37480
0.29317
0.16397
0.02778
-0.05423
-0.05010
-0.03003
-0.00981
0.00822
-0.02533
-0.09162
-0.13021
-0.16583
-0.17551
-0.11416
-0.04523
-0.04588
-0.12077
-0.22856
-0.31702
-0.36430
-0.36416
-0.33191
-0.27945
-0.20530
-0.20885
-0.29292
-0.41052
-0.52118
-0.54587
-0.50002
-0.43476
-0.37682
-0.31321
-0.23556
-0.14304
-0.13150
-0.18772
-0.21557
-0.20204
-0.14666
-0.11917
-0.12971
-0.17683
-0.19529
-0.14937
-0.05882
0.07794
0.17173
0.12885
-0.04708
-0.17614
-0.17716
-0.10501
0.01448
0.12694
0.20574
0.27107
0.30232
0.26190
0.23141
0.22722
0.22144
0.30036
0.42484
0.54207
0.63529
0.62761
0.57109
0.56133
0.59970
0.62479
0.62090
0.61212
0.58609
0.51862
0.46785
0.49020
0.51395
0.52131
0.49906
0.42475
0.35032
0.30604
0.27276
0.20208
0.13531
0.15064
0.18943
0.19151
0.15981
0.07312
-0.04845
-0.12896
-0.13584
-0.15175
-0.13217
-0.02308
0.06045
0.08588
0.00582
-0.17919
-0.33395
-0.37036
-0.31287
-0.20435
-0.08922
-0.07329
-0.19133
-0.32544
-0.37134
-0.35215
-0.28699
-0.20628
-0.14592
-0.13728
-0.16945
-0.21154
-0.25947
-0.25373
-0.20482
-0.11569
-0.05768
-0.10028
-0.14830
-0.20113
-0.27673
-0.34656
-0.37911
-0.30053
-0.16217
-0.09321
-0.17694
-0.39904
-0.51387
-0.48108
-0.43453
-0.32938
-0.23023
-0.19176
-0.17357
-0.21790
-0.32363
-0.38229
-0.36855
-0.29451
-0.18825
-0.07622
0.03228
0.05252
0.02047
-0.05835
-0.15149
-0.11754
-0.01492
0.06055
0.09553
0.06748
-0.00981
-0.09640
-0.14115
-0.08654
0.05006
0.20002
0.26803
0.19926
0.05750
-0.05226
-0.04161
0.06506
0.18349
0.27653
0.30912
0.30235
0.26867
0.20719
0.15661
0.15347
0.15962
0.11221
0.09449
0.09627
0.00142
-0.17357
-0.30976
-0.39166
-0.41916
-0.36554
-0.33637
-0.35953
-0.42100
-0.48719
-0.56502
-0.63400
-0.59763
-0.50185
-0.40362
-0.33822
-0.35676
-0.38630
-0.33079
-0.28917
-0.27276
-0.25205
-0.33028
-0.46347
-0.50268
-0.40066
-0.26021
-0.23535
-0.27123
-0.25307
-0.22288
-0.11874
0.02913
0.11145
0.10439
-0.01711
-0.08972
0.02541
0.21490
0.41463
0.59711
0.64512
0.62928
0.57178
0.48120
0.48970
0.57111
0.70503
0.78363
0.70797
0.63985
0.64223
0.63341
0.63044
0.64414
0.68321
0.70918
0.60663
0.42391
0.25058
0.14890
0.16611
0.19378
0.15457
0.11975
0.10535
0.05106
-0.03512
-0.12843
-0.17792
-0.15920
-0.12843
-0.12710
-0.19608
-0.27104
-0.29158
-0.30239
-0.31458
-0.32379
-0.33501
-0.33010
-0.32450
-0.35871
-0.40404
-0.46434
-0.54997
-0.60299
-0.57440
-0.48336
-0.38379
-0.31404
-0.30519
-0.37457
-0.45506
-0.46065
-0.41606
-0.35440
-0.31573
-0.28956
-0.27586
-0.29504
-0.27944
-0.19658
-0.06235
0.02360
-0.02293
-0.16167
-0.27285
-0.26397
-0.14831
0.01256
0.15872
0.24533
0.27171
0.26715
0.26661
0.26330
0.25843
0.31354
0.38674
0.50341
0.66980
0.78018
0.82680
0.82123
0.79138
0.78313
0.83050
0.86144
0.86499
0.86775
0.86445
0.87764
0.86067
0.83163
0.76326
0.65835
0.57887
0.53516
0.51122
0.48372
0.44919
0.39112
0.35084
0.32379
0.30865
0.26669
0.18407
0.12891
0.05566
-0.03025
-0.04727
0.01034
0.10383
0.22119
0.26537
0.17813
0.00378
-0.17296
-0.22927
-0.15534
-0.03280
0.03057
0.01924
-0.06319
-0.19158
-0.27479
-0.30412
-0.26244
-0.14708
-0.05459
-0.03906
-0.07557
-0.13460
-0.17336
-0.16778
-0.16155
-0.17274
-0.17031
-0.17499
-0.17670
-0.18719
-0.23199
-0.28364
-0.32549
-0.28084
-0.15287
-0.06474
-0.11236
-0.26994
-0.41481
-0.45379
-0.41263
-0.32879
-0.17479
-0.03754
0.01805
-0.01436
-0.16107
-0.31414
-0.34783
-0.26160
-0.14631
-0.04800
0.05323
0.11277
0.08973
0.00123
-0.09220
-0.11268
-0.05653
0.00991
0.04772
0.03468
-0.01858
-0.07325
-0.11188
-0.08506
0.00396
0.11010
0.17681
0.16794
0.09730
0.02523
0.02518
0.07464
0.13639
0.18893
0.23089
0.23269
0.18378
0.11164
0.02648
-0.01544
-0.02752
-0.06067
-0.10180
-0.14814
-0.21394
-0.31030
-0.40513
-0.47983
-0.53561
-0.52474
-0.49180
-0.48510
-0.52591
-0.60444
-0.66515
-0.70959
-0.70687
-0.65427
-0.58013
-0.50298
-0.45341
-0.45348
-0.44598
-0.41341
-0.38837
-0.35152
-0.35256
-0.40626
-0.43980
-0.44330
-0.44940
-0.47971
-0.54728
-0.55266
-0.47283
-0.33907
-0.18268
-0.10809
-0.08152
-0.03610
0.04447
0.13140
0.20250
0.27162
0.34664
0.44153
0.56516
0.67704
0.71868
0.73668
0.79827
0.86111
0.85464
0.76454
0.65452
0.59146
0.52045
0.44328
0.39814
0.41397
0.44404
0.40268
0.31228
0.20024
0.16163
0.20480
0.25200
0.25534
0.24039
0.20085
0.11892
0.01282
-0.11831
-0.16348
-0.12350
-0.05492
-0.03995
-0.10352
-0.16404
-0.19784
-0.19513
-0.19949
-0.20790
-0.21299
-0.21820
-0.22823
-0.25499
-0.30264
-0.38687
-0.47385
-0.50012
-0.45344
-0.38015
-0.27732
-0.18764
-0.17567
-0.22036
-0.28013
-0.29171
-0.23410
-0.16624
-0.13342
-0.14218
-0.17581
-0.18149
-0.14847
-0.09121
-0.00393
0.06440
0.05367
-0.02495
-0.12445
-0.19017
-0.17302
-0.07785
0.03880
0.13688
0.22026
0.27523
0.29848
0.29957
0.30194
0.34439
0.43098
0.55214
0.65585
0.74025
0.80597
0.83529
0.83466
0.78340
0.73220
0.71131
0.71771
0.72877
0.71264
0.65731
0.57683
0.51424
0.46268
0.42878
0.39524
0.36729
0.34167
0.29099
0.22536
0.14778
0.09890
0.10818
0.16545
0.20578
0.19803
0.16536
0.11186
0.03672
-0.02277
-0.00244
0.08329
0.16875
0.20983
0.17644
0.07381
-0.02602
-0.06499
-0.03891
0.02706
0.08198
0.06913
0.00800
-0.06295
-0.14348
-0.19588
-0.18196
-0.10862
-0.03629
-0.01947
-0.06395
-0.12880
-0.18579
-0.21202
-0.19332
-0.15991
-0.11450
-0.05639
-0.01395
-0.03827
-0.10819
-0.16745
-0.17270
-0.07889
0.03259
0.06745
0.01027
-0.09924
-0.21010
-0.32502
-0.39492
-0.36165
-0.25144
-0.12543
-0.05791
-0.08839
-0.16013
-0.19932
-0.16302
-0.07842
-0.02845
-0.01488
-0.00348
0.02546
0.05847
0.07097
0.05116
0.05465
0.12420
0.17367
0.20979
0.22200
0.16665
0.09960
0.04029
0.02326
0.05843
0.11808
0.15611
0.12591
0.06490
-0.01600
-0.08518
-0.09098
-0.05167
0.01955
0.08587
0.10980
0.07453
0.00092
-0.07631
-0.14940
-0.19471
-0.21584
-0.25038
-0.31371
-0.38251
-0.45006
-0.51642
-0.58745
-0.66545
-0.71017
-0.69442
-0.68680
-0.74051
-0.81716
-0.87359
-0.87946
-0.88462
-0.86171
-0.76516
-0.66041
-0.57299
-0.54218
-0.55032
-0.54473
-0.55625
-0.59394
-0.62967
-0.65323
-0.63458
-0.58945
-0.58460
-0.59890
-0.61120
-0.59712
-0.51152
-0.38830
-0.27287
-0.21049
-0.21389
-0.24642
-0.24380
-0.17837
-0.08958
0.03762
0.18755
0.32394
0.40525
0.38659
0.35452
0.38031
0.48021
0.60316
0.68244
0.74477
0.78129
0.80027
0.81345
0.80969
0.81784
0.85143
0.88289
0.84800
0.77615
0.71932
0.64420
0.59406
0.59378
0.58798
0.59959
0.62146
0.58569
0.50578
0.41297
0.33959
0.33083
0.36434
0.37399
0.32420
0.24476
0.17256
0.09001
0.00907
-0.03734
-0.04295
-0.01933
-0.02491
-0.09179
-0.20639
-0.33737
-0.45307
-0.53213
-0.54740
-0.47738
-0.34204
-0.22546
-0.23068
-0.35411
-0.47679
-0.53725
-0.52690
-0.45668
-0.37791
-0.33553
-0.33939
-0.36808
-0.37441
-0.31091
-0.17887
-0.02517
0.04885
0.01623
-0.05432
-0.12290
-0.11156
-0.00694
0.13311
0.26360
0.35727
0.44411
0.47644
0.41544
0.33860
0.32905
0.37964
0.49576
0.65270
0.74654
0.79217
0.80325
0.76677
0.72931
0.71044
0.68455
0.68356
0.71252
0.74852
0.75738
0.72147
0.70653
0.67488
0.63483
0.60250
0.57013
0.55881
0.53329
0.48291
0.41547
0.35164
0.30230
0.27700
0.27909
0.30459
0.29295
0.22375
0.13127
0.02167
-0.05243
-0.02722
0.08978
0.19914
0.20054
0.09462
-0.05461
-0.18975
-0.26545
-0.27980
-0.24590
-0.20734
-0.20698
-0.25347
-0.35490
-0.48234
-0.55091
-0.52432
-0.42464
-0.31467
-0.29968
-0.35498
-0.42554
-0.48935
-0.51525
-0.51218
-0.48614
-0.40978
-0.30328
-0.25364
-0.28833
-0.37524
-0.46452
-0.47823
-0.39157
-0.29020
-0.27974
-0.36747
-0.46668
-0.53929
-0.57883
-0.56992
-0.49328
-0.36063
-0.23634
-0.18196
-0.20137
-0.24580
-0.27007
-0.23250
-0.15885
-0.05323
0.07414
0.20043
0.29915
0.32951
0.30742
0.25155
0.22591
0.23519
0.26157
0.30287
0.32893
0.30397
0.22992
0.16559
0.13281
0.15875
0.23355
0.28467
0.27230
0.22734
0.17438
0.12816
0.11365
0.11431
0.15593
0.24790
0.31709
0.30077
0.20758
0.09661
-0.02080
-0.11420
-0.15923
-0.21042
-0.28813
-0.33916
-0.36626
-0.40493
-0.45240
-0.50062
-0.53131
-0.55357
-0.58265
-0.63605
-0.70978
-0.80529
-0.86505
-0.87372
-0.86285
-0.79553
-0.69521
-0.60143
-0.53383
-0.51382
-0.53039
-0.51109
-0.50643
-0.55145
-0.58751
-0.59399
-0.53217
-0.47420
-0.49362
-0.51609
-0.49918
-0.42828
-0.26886
-0.10688
-0.04208
-0.05909
-0.07837
-0.05429
0.02780
0.13169
0.24734
0.39242
0.53312
0.63528
0.63919
0.60023
0.61623
0.69972
0.80268
0.88480
0.93303
0.94636
0.94403
0.94278
0.93096
0.90105
0.89956
0.89026
0.85294
0.77425
0.70145
0.70623
0.68760
0.62618
0.55111
0.46931
0.42334
0.39173
0.35753
0.32222
0.27738
0.23615
0.19368
0.14664
0.10281
0.06414
0.03229
-0.00037
-0.02634
-0.05050
-0.08772
-0.11908
-0.14291
-0.16241
-0.18230
-0.21847
-0.27522
-0.36016
-0.46753
-0.53125
-0.49149
-0.39278
-0.36010
-0.43790
-0.52712
-0.58515
-0.61857
-0.61162
-0.57888
-0.55253
-0.51677
-0.46228
-0.42007
-0.39420
-0.34006
-0.24426
-0.17468
-0.14586
-0.15311
-0.18214
-0.18575
-0.11830
-0.00329
0.11065
0.23216
0.34000
0.39385
0.38640
0.35460
0.31274
0.30883
0.39453
0.52657
0.64180
0.70321
0.73258
0.75315
0.74054
0.72068
0.71872
0.72637
0.75039
0.74470
0.68329
0.56020
0.41414
0.34426
0.36759
0.38792
0.33086
0.24201
0.20468
0.27871
0.40303
0.44678
0.41847
0.45174
0.58489
0.71832
0.74515
0.65660
0.54693
0.46539
0.41602
0.38781
0.33485
0.27148
0.21594
0.13568
0.02808
-0.09883
-0.22394
-0.30229
-0.33792
-0.37895
-0.43846
-0.50479
-0.58578
-0.70050
-0.81286
-0.84374
-0.75493
-0.59972
-0.49031
-0.47372
-0.53688
-0.61532
-0.64374
-0.63957
-0.59624
-0.48223
-0.33024
-0.22688
-0.22801
-0.31681
-0.43384
-0.47771
-0.40050
-0.28520
-0.25366
-0.30165
-0.34447
-0.37218
-0.38843
-0.37649
-0.33468
-0.24677
-0.12634
-0.04034
-0.01035
0.00992
0.04559
0.08792
0.12836
0.15032
0.17377
0.22919
0.30736
0.37196
0.37125
0.29717
0.21142
0.18539
0.21913
0.25614
0.28091
0.29115
0.26761
0.22453
0.17953
0.15055
0.14394
0.15868
0.18855
0.20120
0.16865
0.11284
0.06692
0.04065
0.04955
0.09294
0.14467
0.15551
0.10114
-0.01756
-0.15572
-0.25328
-0.29749
-0.32147
-0.35985
-0.39675
-0.42662
-0.46072
-0.50305
-0.54236
-0.57147
-0.60206
-0.64774
-0.70432
-0.77407
-0.84512
-0.87596
-0.88243
-0.89138
-0.86150
-0.79039
-0.70958
-0.64368
-0.63422
-0.64087
-0.64570
-0.66200
-0.65837
-0.62195
-0.53738
-0.44983
-0.44035
-0.46819
-0.48202
-0.46261
-0.36559
-0.22641
-0.10995
-0.04499
-0.00979
0.02903
0.09284
0.16347
0.22081
0.29091
0.38764
0.50509
0.59666
0.63579
0.65896
0.68843
0.73644
0.79488
0.84183
0.90735
0.93604
0.92833
0.93063
0.93475
0.93485
0.87956
0.79831
0.71260
0.65295
0.64953
0.65255
0.60731
0.51516
0.43639
0.41162
0.41214
0.38272
0.32255
0.26745
0.22927
0.19250
0.15500
0.10400
0.05895
0.02394
-0.00480
-0.01909
-0.02975
-0.04462
-0.06895
-0.10250
-0.14350
-0.17063
-0.19598
-0.23216
-0.28619
-0.35745
-0.42740
-0.44296
-0.37855
-0.30294
-0.29518
-0.36780
-0.46710
-0.55306
-0.58697
-0.56314
-0.51480
-0.47178
-0.42751
-0.37087
-0.33178
-0.32106
-0.32504
-0.32714
-0.30196
-0.23539
-0.15825
-0.10167
-0.07134
-0.03528
0.02512
0.08975
0.17063
0.27440
0.36461
0.40201
0.39114
0.36005
0.36158
0.43316
0.54430
0.65158
0.72051
0.76837
0.81127
0.81756
0.76722
0.67352
0.58902
0.56350
0.61339
0.67838
0.69347
0.68270
0.65419
0.60039
0.53840
0.46480
0.38134
0.30955
0.25282
0.19705
0.15224
0.11512
0.09177
0.09544
0.10687
0.10136
0.06494
0.01453
-0.06106
-0.15117
-0.20435
-0.17728
-0.09713
-0.04966
-0.05171
-0.09044
-0.14619
-0.18421
-0.20490
-0.23041
-0.24290
-0.23988
-0.24236
-0.26689
-0.32271
-0.37915
-0.39388
-0.33762
-0.24924
-0.19426
-0.18794
-0.20851
-0.23794
-0.29007
-0.36680
-0.43622
-0.45512
-0.40722
-0.32748
-0.26909
-0.27090
-0.31539
-0.33085
-0.29266
-0.28083
-0.33918
-0.40993
-0.41237
-0.33468
-0.28006
-0.30979
-0.37221
-0.36027
-0.25274
-0.13434
-0.06589
-0.04413
-0.01699
0.02885
0.05700
0.06702
0.08627
0.13434
0.21171
0.26638
0.28126
0.26325
0.23123
0.22203
0.23009
0.25050
0.27500
0.29146
0.31369
0.33249
0.31692
0.27827
0.24525
0.23793
0.25124
0.26729
0.26900
0.24536
0.20998
0.18369
0.15350
0.11874
0.09779
0.08546
0.06353
-0.00455
-0.12401
-0.23536
-0.29259
-0.33345
-0.37974
-0.42076
-0.46159
-0.50509
-0.53896
-0.57151
-0.59966
-0.61950
-0.64275
-0.66824
-0.70989
-0.76367
-0.84032
-0.89494
-0.90271
-0.91147
-0.92013
-0.88960
-0.81499
-0.74667
-0.71380
-0.72020
-0.74912
-0.76629
-0.77895
-0.79382
-0.77968
-0.74254
-0.70815
-0.68926
-0.67513
-0.64799
-0.57710
-0.46892
-0.36545
-0.29626
-0.26383
-0.22449
-0.15862
-0.08204
-0.01570
0.05918
0.15864
0.28383
0.39757
0.47464
0.52255
0.56563
0.61237
0.65292
0.69793
0.75125
0.83037
0.87529
0.88488
0.85704
0.78577
0.71324
0.63934
0.56556
0.49658
0.48786
0.52942
0.55277
0.50226
0.40603
0.32619
0.28439
0.25329
0.21140
0.17571
0.13924
0.10892
0.08125
0.05697
0.02901
0.00493
-0.01468
-0.04913
-0.08790
-0.11702
-0.14801
-0.17298
-0.19487
-0.22109
-0.24313
-0.26991
-0.30919
-0.38165
-0.44718
-0.46192
-0.43010
-0.38237
-0.36076
-0.38048
-0.41933
-0.46796
-0.51020
-0.50910
-0.46469
-0.40619
-0.36435
-0.32429
-0.26975
-0.20012
-0.13687
-0.09649
-0.05818
-0.00268
0.06664
0.13338
0.16649
0.16703
0.18542
0.23402
0.30630
0.39003
0.45516
0.49598
0.50061
0.47820
0.46575
0.48365
0.53568
0.60788
0.69298
0.76694
0.81796
0.83793
0.81024
0.75643
0.71890
0.71906
0.76055
0.81027
0.82814
0.81009
0.76052
0.69452
0.62501
0.56240
0.50536
0.45586
0.40538
0.35243
0.30271
0.25028
0.19500
0.15142
0.12965
0.10965
0.10239
0.09547
0.06260
0.02348
-0.01620
-0.04794
-0.07915
-0.10941
-0.11779
-0.10819
-0.10971
-0.14524
-0.19268
-0.22599
-0.22424
-0.18953
-0.16364
-0.18822
-0.24068
-0.28440
-0.29167
-0.25953
-0.22006
-0.18005
-0.14562
-0.12620
-0.13567
-0.16695
-0.20568
-0.24459
-0.25147
-0.22546
-0.19865
-0.17583
-0.15995
-0.14888
-0.15090
-0.16192
-0.19849
-0.25947
-0.29032
-0.28243
-0.24626
-0.22488
-0.25493
-0.29422
-0.28398
-0.22602
-0.13837
-0.05929
-0.01045
0.02533
0.04997
0.06097
0.07042
0.10509
0.17559
0.26518
0.34547
0.40466
0.42794
0.41924
0.39074
0.36130
0.35649
0.38111
0.42578
0.46851
0.49277
0.47872
0.43235
0.38439
0.35326
0.35848
0.40565
0.44926
0.45972
0.43323
0.38215
0.33720
0.30857
0.29976
0.29512
0.28151
0.23434
0.15575
0.04824
-0.06301
-0.13840
-0.19943
-0.26928
-0.34348
-0.41848
-0.52202
-0.65505
-0.79024
-0.85440
-0.85639
-0.81693
-0.77098
-0.76482
-0.75662
-0.72470
-0.66284
-0.61796
-0.60167
-0.57921
-0.52427
-0.46988
-0.46383
-0.53114
-0.63260
-0.71076
-0.75523
-0.77944
-0.80618
-0.84196
-0.87271
-0.88180
-0.88369
-0.84667
-0.77927
-0.69721
-0.60553
-0.51934
-0.44367
-0.35258
-0.24507
-0.13435
-0.01528
0.10273
0.22043
0.34092
0.46592
0.57446
0.67302
0.75921
0.84083
0.88098
0.88544
0.89294
0.89412
0.89354
0.89552
0.89259
0.89340
0.85532
0.75762
0.67791
0.62739
0.62402
0.63665
0.62941
0.59198
0.54188
0.49662
0.44031
0.37831
0.30126
0.20788
0.09968
0.02350
-0.02371
-0.07459
-0.13288
-0.19653
-0.24728
-0.29932
-0.34665
-0.38470
-0.42324
-0.45269
-0.47584
-0.49397
-0.51533
-0.52294
-0.52197
-0.52550
-0.53990
-0.56810
-0.58798
-0.60187
-0.61460
-0.63746
-0.66545
-0.68199
-0.67577
-0.64090
-0.57581
-0.49539
-0.42873
-0.37601
-0.31673
-0.25943
-0.21651
-0.19377
-0.18330
-0.15792
-0.12034
-0.08437
-0.06317
-0.06039
-0.06593
-0.05811
-0.02209
0.04424
0.13323
0.21970
0.28003
0.31176
0.32551
0.33257
0.36572
0.43880
0.54201
0.65975
0.75340
0.80611
0.82388
0.82122
0.81607
0.82603
0.84505
0.86197
0.87437
0.85270
0.81194
0.77908
0.74658
0.71819
0.68562
0.62612
0.55239
0.47835
0.40176
0.35144
0.31238
0.27038
0.23629
0.19022
0.13427
0.06860
-0.00075
-0.05143
-0.08257
-0.11284
-0.14278
-0.16376
-0.17965
-0.18886
-0.19311
-0.20606
-0.23337
-0.26022
-0.27561
-0.28010
-0.28250
-0.29260
-0.31582
-0.33551
-0.32574
-0.29394
-0.26568
-0.24070
-0.21548
-0.20420
-0.20350
-0.21850
-0.24710
-0.26920
-0.27664
-0.25950
-0.22216
-0.17409
-0.13332
-0.10408
-0.08349
-0.10359
-0.16841
-0.23480
-0.27569
-0.29584
-0.30097
-0.30699
-0.32579
-0.34757
-0.35236
-0.31560
-0.25112
-0.19536
-0.15514
-0.13030
-0.10572
-0.06831
-0.02469
0.02096
0.06787
0.11833
0.16196
0.19285
0.20297
0.20286
0.21436
0.23657
0.25613
0.26879
0.28826
0.31496
0.33749
0.34367
0.33222
0.31879
0.31765
0.32762
0.34817
0.36254
0.35989
0.34716
0.31826
0.27812
0.23379
0.18960
0.14452
0.08615
0.00237
-0.08382
-0.14801
-0.20395
-0.25073
-0.29355
-0.33916
-0.38472
-0.43508
-0.48334
-0.53124
-0.58168
-0.64562
-0.71886
-0.77135
-0.80551
-0.83744
-0.86490
-0.87405
-0.88211
-0.88424
-0.84479
-0.78609
-0.72917
-0.68191
-0.65548
-0.64533
-0.64945
-0.65882
-0.66067
-0.64638
-0.61826
-0.58189
-0.53891
-0.48715
-0.42210
-0.34809
-0.27519
-0.20243
-0.11865
-0.03540
0.04097
0.11577
0.18162
0.23855
0.29851
0.36527
0.43977
0.53377
0.63149
0.70866
0.75506
0.77371
0.78151
0.78775
0.79451
0.81109
0.83555
0.86745
0.89455
0.87713
0.83081
0.77012
0.70334
0.63871
0.57583
0.53645
0.51750
0.50541
0.48045
0.42957
0.35019
0.26594
0.19149
0.11532
0.03409
-0.05367
-0.13427
-0.19740
-0.25369
-0.30707
-0.35371
-0.39417
-0.42451
-0.45399
-0.48107
-0.50415
-0.52952
-0.55062
-0.57321
-0.60261
-0.63056
-0.65061
-0.66448
-0.67203
-0.66620
-0.64450
-0.61579
-0.59936
-0.60256
-0.61889
-0.63863
-0.63474
-0.60920
-0.56628
-0.50283
-0.43827
-0.37044
-0.30411
-0.24507
-0.18369
-0.11731
-0.05138
0.00444
0.05349
0.09935
0.14342
0.19080
0.23743
0.28490
0.33829
0.39930
0.45768
0.50813
0.54753
0.57297
0.59537
0.60504
0.63478
0.69895
0.76936
0.82755
0.84876
0.85072
0.84072
0.82003
0.79415
0.76795
0.74682
0.73134
0.71954
0.69432
0.65049
0.59686
0.54005
0.48004
0.42957
0.38098
0.32588
0.26649
0.20947
0.15977
0.11463
0.07930
0.05283
0.03241
0.01094
-0.00683
-0.03141
-0.06662
-0.09780
-0.12669
-0.15724
-0.18179
-0.19708
-0.21092
-0.21760
-0.22476
-0.22912
-0.22459
-0.22141
-0.22086
-0.22756
-0.23562
-0.24187
-0.24920
-0.24962
-0.22879
-0.19650
-0.16962
-0.15222
-0.15312
-0.16584
-0.17353
-0.17372
-0.17094
-0.16423
-0.14583
-0.10783
-0.06508
-0.03143
-0.02185
-0.03565
-0.05602
-0.08235
-0.11313
-0.15004
-0.17454
-0.16246
-0.12818
-0.10202
-0.08021
-0.05046
-0.00924
0.04025
0.08579
0.12120
0.14534
0.16794
0.19404
0.22209
0.25415
0.29652
0.34317
0.38280
0.40326
0.40745
0.40833
0.40673
0.40514
0.40982
0.41833
0.42872
0.44453
0.44696
0.43968
0.42777
0.40878
0.39232
0.37730
0.36472
0.35919
0.35632
0.33861
0.30767
0.27519
0.24782
0.22638
0.19311
0.13902
0.08254
0.01809
-0.05885
-0.13357
-0.20350
-0.26597
-0.32245
-0.37492
-0.42686
-0.48003
-0.53937
-0.59993
-0.65071
-0.70310
-0.75411
-0.79783
-0.83671
-0.85964
-0.85882
-0.83507
-0.78991
-0.72044
-0.65196
-0.59709
-0.55019
-0.52618
-0.52144
-0.52103
-0.51950
-0.51213
-0.48804
-0.44156
-0.37823
-0.30305
-0.22046
-0.14147
-0.06698
0.01115
0.08576
0.15317
0.20374
0.24517
0.30020
0.37410
0.46145
0.54213
0.61438
0.69242
0.77663
0.83805
0.87742
0.89240
0.90333
0.92149
0.92315
0.92136
0.92254
0.92541
0.92672
0.91790
0.85526
0.76503
0.67779
0.59200
0.50290
0.41266
0.35466
0.32287
0.29638
0.24810
0.17983
0.11148
0.05052
-0.01988
-0.10263
-0.18379
-0.24774
-0.29391
-0.34070
-0.39160
-0.43835
-0.47137
-0.48562
-0.50202
-0.54406
-0.59729
-0.65058
-0.69648
-0.73889
-0.76707
-0.77059
-0.76704
-0.74968
-0.72523
-0.70583
-0.68317
-0.65327
-0.63018
-0.62507
-0.62225
-0.61174
-0.58086
-0.53235
-0.47931
-0.42431
-0.36172
-0.29645
-0.24688
-0.22066
-0.21397
-0.21255
-0.20916
-0.19090
-0.14394
-0.06748
0.02358
0.11342
0.18522
0.26246
0.35774
0.44155
0.52087
0.57827
0.62623
0.69759
0.76255
0.79700
0.80121
0.79575
0.80122
0.81905
0.81055
0.77011
0.72261
0.67206
0.62450
0.55600
0.46828
0.38982
0.33730
0.29504
0.24210
0.17557
0.11175
0.06771
0.03273
-0.00291
-0.04589
-0.08369
-0.10948
-0.11811
-0.11181
-0.10012
-0.08336
-0.06904
-0.06758
-0.08203
-0.10391
-0.13409
-0.16601
-0.19234
-0.21143
-0.22615
-0.23959
-0.24153
-0.23364
-0.21454
-0.19136
-0.18747
-0.19956
-0.21310
-0.20938
-0.17903
-0.13798
-0.09340
-0.05009
-0.00616
0.04230
0.07960
0.08588
0.05638
0.00681
-0.03514
-0.06666
-0.10991
-0.16484
-0.20723
-0.21655
-0.19238
-0.15291
-0.13921
-0.15230
-0.16825
-0.17738
-0.18301
-0.20048
-0.22815
-0.24970
-0.25168
-0.23586
-0.20384
-0.17044
-0.12596
-0.05897
0.01515
0.07731
0.11314
0.13647
0.16715
0.20730
0.24929
0.26860
0.26278
0.26840
0.28550
0.29289
0.28269
0.25547
0.22675
0.21176
0.20991
0.21401
0.20966
0.20928
0.22063
0.23760
0.25087
0.24897
0.24883
0.25634
0.27011
0.27475
0.26417
0.24799
0.23896
0.24405
0.24739
0.22533
0.16568
0.08621
0.00700
-0.05608
-0.10308
-0.14113
-0.17173
-0.20189
-0.23194
-0.26288
-0.29387
-0.32541
-0.36412
-0.41675
-0.48481
-0.55946
-0.62228
-0.66983
-0.70500
-0.71903
-0.70474
-0.66203
-0.61036
-0.55569
-0.50793
-0.47241
-0.44759
-0.44062
-0.44025
-0.43353
-0.41751
-0.39724
-0.37274
-0.33374
-0.26734
-0.18694
-0.10939
-0.04512
0.01841
0.10589
0.20413
0.28661
0.34755
0.39890
0.45452
0.52404
0.59155
0.64166
0.68549
0.73126
0.78545
0.84037
0.86919
0.88070
0.88709
0.90081
0.91739
0.91987
0.91757
0.90106
0.86867
0.81354
0.73433
0.64688
0.57102
0.51250
0.45354
0.38751
0.29766
0.20672
0.13458
0.06044
-0.01088
-0.08112
-0.15091
-0.22268
-0.30007
-0.37585
-0.44213
-0.48390
-0.49314
-0.50003
-0.52532
-0.55882
-0.59852
-0.62745
-0.65029
-0.67255
-0.69661
-0.72499
-0.74235
-0.73844
-0.71641
-0.69123
-0.67316
-0.66550
-0.66265
-0.65703
-0.64135
-0.62821
-0.61947
-0.61108
-0.59914
-0.57832
-0.54753
-0.50533
-0.46251
-0.41761
-0.36047
-0.29886
-0.24172
-0.19381
-0.15248
-0.10256
-0.04892
0.00620
0.05250
0.09354
0.14064
0.19148
0.25032
0.30668
0.35168
0.39090
0.42372
0.44908
0.48325
0.52241
0.56203
0.60866
0.64607
0.66090
0.65974
0.64879
0.63135
0.61256
0.59085
0.56079
0.52832
0.49706
0.46780
0.43779
0.40397
0.36795
0.32335
0.26754
0.21264
0.16459
0.11464
0.06861
0.02246
-0.02498
-0.06074
-0.08663
-0.11024
-0.13594
-0.16358
-0.18838
-0.21394
-0.23730
-0.24849
-0.24452
-0.21994
-0.18675
-0.16497
-0.16241
-0.17017
-0.17201
-0.15259
-0.12090
-0.09954
-0.09465
-0.09444
-0.08607
-0.06954
-0.04764
-0.03350
-0.02722
-0.02128
-0.01587
-0.01122
-0.01050
-0.02444
-0.05351
-0.07937
-0.09688
-0.10653
-0.10206
-0.08553
-0.07098
-0.05798
-0.05052
-0.05505
-0.05485
-0.04027
-0.02380
-0.02661
-0.04203
-0.06259
-0.07906
-0.07778
-0.07013
-0.06589
-0.06349
-0.05249
-0.03087
-0.01071
-0.00086
-0.00215
-0.00135
0.02132
0.05786
0.08930
0.11538
0.14006
0.16758
0.19702
0.22620
0.25280
0.26773
0.28274
0.30821
0.33830
0.35942
0.36266
0.35473
0.33912
0.32890
0.32516
0.32232
0.31489
0.29604
0.27468
0.26114
0.26064
0.26094
0.24823
0.22303
0.18740
0.14661
0.10224
0.04858
-0.01989
-0.09464
-0.15783
-0.20589
-0.24657
-0.28963
-0.33284
-0.37314
-0.41200
-0.44868
-0.48465
-0.51746
-0.54935
-0.58432
-0.61872
-0.64737
-0.66427
-0.66851
-0.65547
-0.62066
-0.58534
-0.55598
-0.52330
-0.49684
-0.46918
-0.43717
-0.40831
-0.37863
-0.35562
-0.33576
-0.30147
-0.24856
-0.18238
-0.10667
-0.03905
0.02074
0.08533
0.15599
0.24097
0.32190
0.38091
0.42278
0.47120
0.53492
0.60685
0.67433
0.72190
0.76302
0.79891
0.84434
0.88047
0.88707
0.88843
0.89044
0.89427
0.89425
0.89485
0.87288
0.82617
0.77528
0.71483
0.63986
0.56102
0.49000
0.41835
0.35228
0.28207
0.19938
0.11293
0.02763
-0.04349
-0.09843
-0.15083
-0.20385
-0.26472
-0.33151
-0.38339
-0.41894
-0.44808
-0.48061
-0.51894
-0.56254
-0.60152
-0.62579
-0.64118
-0.65772
-0.68096
-0.70336
-0.71417
-0.70859
-0.69068
-0.66309
-0.62801
-0.59597
-0.56780
-0.54411
-0.52208
-0.49987
-0.47444
-0.43456
-0.39340
-0.36247
-0.33045
-0.29197
-0.25044
-0.20459
-0.15572
-0.11105
-0.07619
-0.04861
-0.02576
-0.00093
0.02427
0.04826
0.07968
0.11165
0.14941
0.19387
0.23125
0.26020
0.28505
0.31153
0.35068
0.39445
0.42931
0.46715
0.50478
0.53256
0.54630
0.54660
0.54142
0.53662
0.54127
0.54960
0.53937
0.50593
0.46614
0.43075
0.40941
0.38898
0.35672
0.31851
0.27574
0.23525
0.19970
0.17319
0.14701
0.11668
0.08478
0.04408
0.00453
-0.02841
-0.05622
-0.08052
-0.11036
-0.13896
-0.15752
-0.16912
-0.17852
-0.18406
-0.18678
-0.18740
-0.18158
-0.18359
-0.20016
-0.22340
-0.24076
-0.23634
-0.21771
-0.20859
-0.21232
-0.21387
-0.20826
-0.19352
-0.17393
-0.15953
-0.15142
-0.14386
-0.13367
-0.12741
-0.12946
-0.13785
-0.14277
-0.14117
-0.13570
-0.12809
-0.11964
-0.11380
-0.11038
-0.10849
-0.11605
-0.12386
-0.12084
-0.09679
-0.06506
-0.05018
-0.05910
-0.08233
-0.10375
-0.10842
-0.08199
-0.04659
-0.01517
0.00183
0.00266
0.00604
0.02370
0.05546
0.08866
0.11371
0.11508
0.10160
0.08712
0.07865
0.08219
0.10092
0.12510
0.14469
0.16302
0.17791
0.19552
0.21370
0.23606
0.27008
0.31706
0.36278
0.39611
0.41391
0.40935
0.40811
0.41444
0.41357
0.40188
0.36318
0.30266
0.23441
0.15234
0.06634
-0.00971
-0.07017
-0.11826
-0.16208
-0.19838
-0.23163
-0.26444
-0.29878
-0.33221
-0.36750
-0.41760
-0.48496
-0.56170
-0.62630
-0.66437
-0.68983
-0.71663
-0.74193
-0.75806
-0.75634
-0.73486
-0.69420
-0.64993
-0.61002
-0.57613
-0.54821
-0.51736
-0.48856
-0.45779
-0.42930
-0.40595
-0.37479
-0.32379
-0.25703
-0.18861
-0.13387
-0.10013
-0.06809
-0.02319
0.05214
0.15056
0.25035
0.34652
0.42346
0.48053
0.52996
0.57942
0.63415
0.68698
0.71623
0.70996
0.67180
0.61841
0.57898
0.56280
0.55468
0.53806
0.50325
0.45578
0.39841
0.33953
0.28570
0.21698
0.13428
0.04698
-0.03976
-0.11736
-0.17950
-0.22630
-0.28075
-0.35370
-0.43254
-0.50322
-0.56258
-0.61168
-0.64665
-0.66894
-0.68369
-0.69028
-0.69483
-0.69845
-0.69677
-0.69773
-0.70274
-0.72013
-0.75567
-0.79182
-0.81189
-0.81992
-0.81927
-0.80809
-0.79169
-0.76486
-0.72941
-0.68981
-0.64712
-0.60847
-0.56982
-0.52150
-0.46983
-0.42295
-0.37654
-0.34140
-0.31730
-0.29224
-0.27242
-0.25581
-0.23714
-0.21288
-0.17925
-0.12976
-0.07220
-0.02975
-0.00530
0.00375
0.01398
0.04197
0.08632
0.14622
0.21148
0.26893
0.30865
0.33330
0.35617
0.38377
0.42223
0.46828
0.50416
0.53450
0.56071
0.57761
0.59636
0.61424
0.62816
0.63347
0.63077
0.61552
0.58218
0.54122
0.49521
0.45203
0.41405
0.37824
0.34770
0.32570
0.30759
0.28303
0.24156
0.18219
0.12094
0.06402
0.01808
-0.01121
-0.03097
-0.04727
-0.06369
-0.07996
-0.09717
-0.11342
-0.12397
-0.12039
-0.10059
-0.07540
-0.05008
-0.03701
-0.03608
-0.03593
-0.03886
-0.04114
-0.04104
-0.04222
-0.05323
-0.07124
-0.08096
-0.07623
-0.06122
-0.04021
-0.01464
0.00500
0.01971
0.03057
0.03411
0.03383
0.02690
0.01993
0.02788
0.05464
0.09798
0.14993
0.18910
0.20023
0.18802
0.16090
0.12997
0.12734
0.16052
0.20188
0.22882
0.21690
0.17350
0.12850
0.09560
0.08320
0.08656
0.09464
0.09780
0.08924
0.07442
0.06843
0.08461
0.11295
0.14449
0.17036
0.17920
0.18942
0.20983
0.24363
0.29095
0.34416
0.39827
0.43830
0.46420
0.47597
0.47913
0.48528
0.49065
0.49401
0.49976
0.50989
0.51690
0.52331
0.53581
0.54546
0.54711
0.53695
0.50668
0.45862
0.40431
0.34887
0.29315
0.24080
0.19196
0.14421
0.09844
0.05813
0.02288
-0.01352
-0.06308
-0.12387
-0.18494
-0.23737
-0.27485
-0.29944
-0.30647
-0.31729
-0.34549
-0.38275
-0.42475
-0.45058
-0.45307
-0.43030
-0.39342
-0.35860
-0.32813
-0.29987
-0.26888
-0.23125
-0.18703
-0.15302
-0.13533
-0.12228
-0.09635
-0.04878
0.02423
0.11088
0.19101
0.25715
0.30521
0.34915
0.39981
0.46439
0.53464
0.59189
0.63033
0.65589
0.67960
0.69703
0.71706
0.73716
0.73933
0.72375
0.69685
0.67236
0.65394
0.64315
0.63229
0.59697
0.53916
0.46717
0.38515
0.30776
0.24557
0.19627
0.14396
0.07819
-0.00174
-0.08698
-0.16113
-0.20862
-0.23305
-0.25979
-0.30640
-0.37215
-0.44621
-0.50872
-0.54194
-0.55403
-0.54774
-0.53161
-0.52209
-0.52388
-0.54599
-0.58465
-0.63384
-0.67485
-0.70353
-0.71947
-0.71479
-0.70801
-0.70033
-0.68775
-0.67274
-0.66153
-0.65346
-0.63782
-0.60915
-0.56702
-0.52796
-0.50413
-0.49560
-0.49487
-0.49159
-0.48182
-0.46336
-0.43427
-0.40137
-0.37214
-0.34801
-0.32629
-0.29403
-0.24564
-0.18683
-0.13673
-0.10755
-0.09191
-0.08168
-0.06525
-0.03985
-0.00847
0.02360
0.05811
0.09307
0.11506
0.12816
0.14798
0.17985
0.21688
0.25672
0.28057
0.28968
0.29804
0.29396
0.28357
0.27762
0.27397
0.26610
0.25832
0.23321
0.18932
0.15170
0.12455
0.11071
0.09693
0.08308
0.06727
0.04539
0.01716
-0.02454
-0.06980
-0.11032
-0.13831
-0.15486
-0.16488
-0.16911
-0.16600
-0.15695
-0.14923
-0.14665
-0.15105
-0.16235
-0.16819
-0.15707
-0.13631
-0.10789
-0.07751
-0.06147
-0.06069
-0.06332
-0.06464
-0.05766
-0.04968
-0.05617
-0.06283
-0.05779
-0.03890
-0.01423
0.00321
0.00884
0.00656
0.00743
0.00879
0.00296
-0.00621
-0.00652
0.00445
0.02108
0.03725
0.04921
0.05733
0.05885
0.05123
0.03231
0.00667
-0.01177
-0.01152
0.00642
0.03219
0.05324
0.06003
0.05808
0.05574
0.05094
0.04803
0.04966
0.05944
0.07357
0.07292
0.06112
0.05501
0.07187
0.11234
0.16371
0.21065
0.22975
0.22393
0.21694
0.21967
0.24026
0.28296
0.32786
0.36554
0.38895
0.39041
0.37889
0.36574
0.37068
0.39306
0.42258
0.45060
0.46372
0.46392
0.45961
0.46058
0.46406
0.45717
0.43950
0.40792
0.36366
0.32405
0.29396
0.26324
0.22442
0.17620
0.12585
0.08086
0.04149
0.00609
-0.03207
-0.07128
-0.10978
-0.15173
-0.19219
-0.22762
-0.25805
-0.29045
-0.32550
-0.35985
-0.39413
-0.41801
-0.42163
-0.41357
-0.40691
-0.40579
-0.40458
-0.38825
-0.36006
-0.33106
-0.30138
-0.27146
-0.25426
-0.24600
-0.21788
-0.16691
-0.09359
-0.00138
0.08432
0.14255
0.17297
0.19216
0.22266
0.26852
0.32049
0.36919
0.40472
0.43871
0.45676
0.45595
0.45436
0.44699
0.43704
0.42082
0.38902
0.33651
0.28757
0.25337
0.23102
0.22109
0.20610
0.17659
0.12185
0.05036
-0.01930
-0.08837
-0.15484
-0.21777
-0.30550
-0.39825
-0.46258
-0.50095
-0.50985
-0.52386
-0.55383
-0.59903
-0.65609
-0.70505
-0.75264
-0.78133
-0.77992
-0.75859
-0.73504
-0.73183
-0.75626
-0.80277
-0.85026
-0.88437
-0.89078
-0.86123
-0.81334
-0.76932
-0.74074
-0.72575
-0.70357
-0.66229
-0.61857
-0.59194
-0.57954
-0.55527
-0.52130
-0.48759
-0.46266
-0.45259
-0.43017
-0.37887
-0.31664
-0.27753
-0.26627
-0.27158
-0.27028
-0.25612
-0.24445
-0.23241
-0.21633
-0.19292
-0.17544
-0.16664
-0.16413
-0.16083
-0.14287
-0.11451
-0.08276
-0.05230
-0.02131
0.00914
0.04419
0.09061
0.14632
0.20534
0.25690
0.28179
0.27486
0.26028
0.25236
0.26068
0.28413
0.30229
0.30991
0.30179
0.27925
0.25813
0.25195
0.25558
0.25368
0.24330
0.21553
0.17878
0.15253
0.13535
0.12377
0.12315
0.12926
0.12822
0.11057
0.07164
0.02330
-0.01362
-0.03777
-0.05840
-0.06586
-0.06664
-0.06891
-0.06217
-0.05161
-0.03843
-0.01656
0.00513
0.01602
0.02350
0.03003
0.02889
0.03248
0.04541
0.05490
0.06646
0.08331
0.09928
0.10704
0.10715
0.10673
0.10722
0.11686
0.12894
0.12508
0.10971
0.08900
0.06698
0.06096
0.05776
0.05215
0.05013
0.04279
0.03955
0.03854
0.03481
0.03429
0.04482
0.06739
0.10075
0.14165
0.17766
0.20394
0.21734
0.21971
0.22181
0.22692
0.23952
0.26064
0.28107
0.29884
0.31549
0.33076
0.33955
0.34221
0.34267
0.34091
0.33967
0.34104
0.34457
0.35302
0.37284
0.40298
0.42664
0.43852
0.45067
0.46493
0.48883
0.51936
0.54194
0.55358
0.55838
0.56423
0.57484
0.59654
0.62390
0.63700
0.63574
0.61865
0.59193
0.57810
0.56198
0.53087
0.48426
0.42782
0.37137
0.32151
0.29134
0.27048
0.24663
0.21779
0.18752
0.15187
0.10976
0.06644
0.02709
-0.00150
-0.02673
-0.04858
-0.06034
-0.06686
-0.07265
-0.08020
-0.08995
-0.09695
-0.09871
-0.08754
-0.06373
-0.01811
0.03571
0.06657
0.07845
0.06910
0.06438
0.09143
0.14943
0.22312
0.28354
0.32945
0.35889
0.38464
0.42495
0.48088
0.53425
0.56736
0.59277
0.59625
0.58790
0.56650
0.51726
0.47641
0.45166
0.44510
0.44926
0.43993
0.40332
0.35788
0.32239
0.29885
0.29059
0.26603
0.21989
0.15809
0.09155
0.02854
-0.03410
-0.07769
-0.11363
-0.14486
-0.17964
-0.22853
-0.28064
-0.33389
-0.37799
-0.41119
-0.43208
-0.45646
-0.49693
-0.54597
-0.59167
-0.61721
-0.61553
-0.59606
-0.58357
-0.58092
-0.58922
-0.59678
-0.59947
-0.59926
-0.59122
-0.57912
-0.55153
-0.51517
-0.47018
-0.42938
-0.40221
-0.38348
-0.37751
-0.38083
-0.38834
-0.39466
-0.40033
-0.39698
-0.38477
-0.36179
-0.32940
-0.30395
-0.30053
-0.31634
-0.33695
-0.35037
-0.34487
-0.31786
-0.27694
-0.23974
-0.21618
-0.20940
-0.20094
-0.18292
-0.15707
-0.12277
-0.10373
-0.09874
-0.09015
-0.06509
-0.01792
0.04643
0.11574
0.16115
0.17649
0.18177
0.17722
0.16792
0.16702
0.16506
0.15891
0.15155
0.13823
0.12757
0.12618
0.13013
0.13800
0.13538
0.11009
0.06804
0.01465
-0.03638
-0.06997
-0.08557
-0.08201
-0.07205
-0.06995
-0.07808
-0.10136
-0.13444
-0.16330
-0.17649
-0.16800
-0.13914
-0.11135
-0.09672
-0.09548
-0.10715
-0.11766
-0.12032
-0.11720
-0.11594
-0.12022
-0.13142
-0.14465
-0.15835
-0.16750
-0.16144
-0.14744
-0.12616
-0.10745
-0.10160
-0.10498
-0.10910
-0.10390
-0.08943
-0.06414
-0.03358
-0.00417
0.01531
0.01891
0.00998
-0.00347
-0.01013
-0.00401
0.01578
0.03325
0.03416
0.01036
-0.02943
-0.06544
-0.08050
-0.07557
-0.07301
-0.08014
-0.10122
-0.12024
-0.13158
-0.13899
-0.14343
-0.15042
-0.14765
-0.13340
-0.10446
-0.07823
-0.07125
-0.07531
-0.07556
-0.05266
-0.01639
0.01498
0.03330
0.03563
0.03517
0.04204
0.05774
0.08409
0.11132
0.13872
0.17008
0.20262
0.23314
0.25961
0.28722
0.31452
0.33350
0.33993
0.34019
0.33838
0.33834
0.34537
0.34598
0.33343
0.32144
0.31410
0.30414
0.28585
0.25353
0.20327
0.15108
0.11502
0.09651
0.08837
0.07542
0.05245
0.01774
-0.02228
-0.05893
-0.09159
-0.11571
-0.12998
-0.14079
-0.14776
-0.14532
-0.14196
-0.13739
-0.13454
-0.13345
-0.12313
-0.10860
-0.08642
-0.05500
-0.02029
0.00932
0.02085
0.02487
0.03601
0.06640
0.11963
0.17969
0.23332
0.26890
0.29018
0.31161
0.35038
0.40462
0.45017
0.46910
0.45398
0.41161
0.36655
0.34442
0.34075
0.34245
0.34013
0.33440
0.32211
0.30118
0.27797
0.24935
0.21607
0.18045
0.15758
0.15274
0.14940
0.12793
0.09110
0.04644
0.00590
-0.01307
-0.02050
-0.02592
-0.04555
-0.08592
-0.13881
-0.18794
-0.21402
-0.22106
-0.22699
-0.24447
-0.27545
-0.32074
-0.37031
-0.41489
-0.44159
-0.44695
-0.43628
-0.41907
-0.41748
-0.42949
-0.45118
-0.47915
-0.49513
-0.49394
-0.48074
-0.45449
-0.42107
-0.38404
-0.34746
-0.32120
-0.30600
-0.30332
-0.30412
-0.30902
-0.31186
-0.30019
-0.27973
-0.24707
-0.20708
-0.16813
-0.13947
-0.12606
-0.12142
-0.12183
-0.11224
-0.08778
-0.06423
-0.04775
-0.03786
-0.02411
-0.00006
0.02847
0.05867
0.07961
0.08486
0.07647
0.06868
0.07421
0.09863
0.13993
0.17647
0.19287
0.18504
0.17199
0.16714
0.16757
0.17100
0.15516
0.11803
0.08349
0.07434
0.09100
0.11085
0.12541
0.12297
0.10513
0.08211
0.05131
0.01470
-0.02466
-0.05505
-0.06656
-0.05068
-0.02600
-0.00952
-0.00161
-0.01168
-0.02652
-0.03748
-0.03683
-0.02287
-0.00856
0.00678
0.02609
0.03588
0.02964
0.02443
0.02596
0.03471
0.04226
0.03513
0.02304
0.01436
0.01104
0.02132
0.04144
0.06293
0.07893
0.07983
0.07532
0.07407
0.07266
0.07274
0.07874
0.09687
0.12108
0.13761
0.14090
0.12709
0.10273
0.08510
0.08348
0.10353
0.13038
0.14279
0.13706
0.10772
0.06726
0.03245
0.01125
0.01162
0.02366
0.02588
0.00806
-0.01035
-0.00836
0.01244
0.03485
0.03437
0.00858
-0.02301
-0.04174
-0.03374
-0.01108
0.00163
0.00121
-0.00052
0.01815
0.05434
0.08294
0.09061
0.07916
0.07266
0.07780
0.09545
0.12208
0.13975
0.16202
0.18853
0.20836
0.22576
0.24133
0.25749
0.28043
0.30520
0.31659
0.31566
0.30381
0.28975
0.28700
0.29519
0.30236
0.30097
0.28333
0.24320
0.19243
0.14468
0.10744
0.07919
0.06638
0.06424
0.06445
0.05778
0.03321
-0.00081
-0.03308
-0.05413
-0.06573
-0.07715
-0.09721
-0.11968
-0.14514
-0.17309
-0.19686
-0.22079
-0.23775
-0.23889
-0.21883
-0.18826
-0.16336
-0.14914
-0.14565
-0.14281
-0.12726
-0.10303
-0.08417
-0.06884
-0.05635
-0.04068
-0.00474
0.03921
0.07745
0.10988
0.12962
0.13676
0.13540
0.12420
0.09919
0.06849
0.04908
0.04892
0.05647
0.05993
0.05076
0.02486
-0.01165
-0.04298
-0.05935
-0.07134
-0.08322
-0.10060
-0.12508
-0.14990
-0.16772
-0.18813
-0.20505
-0.19842
-0.18265
-0.16898
-0.16999
-0.18957
-0.21449
-0.23695
-0.25161
-0.26280
-0.27401
-0.27739
-0.28113
-0.29109
-0.31241
-0.35130
-0.38957
-0.41748
-0.42606
-0.41916
-0.41049
-0.41318
-0.43146
-0.44564
-0.44791
-0.44023
-0.42406
-0.40831
-0.40010
-0.39380
-0.38537
-0.37004
-0.34131
-0.30923
-0.28473
-0.26466
-0.25018
-0.23976
-0.22586
-0.19593
-0.14480
-0.09074
-0.05575
-0.04691
-0.04624
-0.03895
-0.02127
-0.00365
-0.00281
-0.02048
-0.04134
-0.04320
-0.01726
0.03307
0.07813
0.08151
0.04959
0.01407
-0.00571
0.00125
0.02079
0.03247
0.03143
0.01971
0.00751
0.00095
0.01129
0.03271
0.04700
0.05211
0.03999
0.01439
-0.00533
-0.01396
-0.00203
0.02139
0.03386
0.03140
0.01751
-0.00167
-0.02320
-0.03553
-0.04108
-0.04357
-0.03396
-0.01398
0.00510
0.01416
0.02055
0.02329
0.02140
0.02266
0.02292
0.02285
0.02527
0.03157
0.04751
0.06694
0.08520
0.09887
0.10559
0.11051
0.11703
0.13066
0.14403
0.15173
0.15890
0.16508
0.17044
0.18085
0.19402
0.20227
0.21057
0.21808
0.22190
0.22190
0.22356
0.23460
0.24246
0.23708
0.21478
0.18309
0.15772
0.14868
0.16334
0.18453
0.19553
0.19906
0.20516
0.21978
0.24091
0.25695
0.24860
0.22244
0.19658
0.18448
0.18755
0.19467
0.19804
0.19202
0.18417
0.18076
0.18251
0.18500
0.17679
0.15316
0.12286
0.10035
0.08508
0.07315
0.06741
0.06675
0.06661
0.06776
0.06376
0.05728
0.06059
0.07307
0.09604
0.11915
0.14294
0.17891
0.22317
0.26423
0.28891
0.30164
0.31362
0.33588
0.36856
0.39547
0.40800
0.41387
0.42385
0.44019
0.45783
0.46938
0.46588
0.44717
0.42640
0.40774
0.38902
0.36285
0.33030
0.29455
0.25970
0.23698
0.21817
0.19945
0.17890
0.15434
0.13299
0.11794
0.10187
0.08230
0.06045
0.03677
0.01205
-0.01795
-0.03834
-0.04349
-0.03329
-0.01851
-0.01183
-0.01469
-0.03708
-0.05569
-0.05202
-0.03111
-0.00939
-0.00229
-0.00835
-0.02098
-0.02837
-0.02532
-0.01922
-0.02497
-0.03840
-0.05172
-0.06113
-0.05930
-0.05537
-0.06101
-0.07743
-0.10347
-0.12351
-0.12372
-0.10910
-0.08294
-0.05526
-0.03741
-0.03683
-0.05212
-0.07424
-0.08973
-0.09100
-0.09314
-0.10266
-0.11940
-0.13872
-0.15134
-0.16367
-0.18015
-0.20208
-0.23016
-0.26064
-0.29652
-0.33258
-0.36519
-0.39091
-0.40109
-0.40087
-0.39346
-0.39004
-0.39989
-0.42290
-0.45495
-0.48374
-0.50800
-0.52677
-0.53558
-0.53046
-0.51217
-0.48761
-0.46457
-0.44597
-0.42972
-0.41559
-0.39537
-0.37053
-0.34996
-0.33716
-0.32657
-0.31191
-0.29830
-0.28874
-0.27988
-0.26139
-0.23197
-0.19599
-0.17158
-0.16483
-0.15857
-0.14756
-0.12089
-0.08518
-0.06109
-0.05505
-0.06685
-0.08926
-0.10299
-0.09343
-0.06628
-0.03666
-0.02059
-0.02835
-0.05510
-0.07935
-0.08645
-0.07545
-0.05162
-0.02817
-0.02143
-0.02558
-0.03233
-0.03861
-0.03377
-0.02582
-0.01810
-0.01413
-0.01878
-0.02223
-0.01742
-0.00759
-0.00100
0.00235
0.00725
0.01257
0.01478
0.01308
0.00122
-0.01291
-0.01817
-0.01751
-0.00743
0.00815
0.01783
0.01933
0.01624
0.01433
0.01489
0.01783
0.02175
0.02754
0.04410
0.06680
0.08686
0.10334
0.11554
0.12455
0.13339
0.14357
0.15122
0.15840
0.16808
0.17426
0.17732
0.18203
0.18673
0.19473
0.20920
0.23006
0.25248
0.26684
0.26705
0.25637
0.25198
0.25461
0.25948
0.26858
0.26774
0.25706
0.24550
0.23348
0.23029
0.23570
0.24166
0.24407
0.24599
0.24746
0.23950
0.22198
0.19402
0.16538
0.15027
0.14199
0.13289
0.12014
0.10203
0.08156
0.06558
0.06219
0.06610
0.07200
0.07520
0.06744
0.05269
0.03724
0.03100
0.03517
0.04992
0.07017
0.08614
0.09659
0.10052
0.10880
0.12328
0.14333
0.17002
0.19648
0.21675
0.23394
0.25149
0.26723
0.28329
0.29667
0.31065
0.32811
0.34763
0.36336
0.36459
0.35723
0.34855
0.33271
0.31859
0.30977
0.29435
0.28118
0.26986
0.24932
0.22480
0.19980
0.17743
0.16397
0.15107
0.13456
0.11521
0.09030
0.06426
0.04477
0.03648
0.03848
0.04659
0.05221
0.04481
0.01230
-0.02510
-0.05576
-0.07784
-0.08259
-0.07975
-0.08573
-0.11877
-0.14803
-0.17474
-0.20498
-0.22183
-0.23181
-0.23272
-0.24435
-0.26314
-0.27617
-0.26859
-0.24340
-0.21488
-0.18201
-0.16326
-0.15260
-0.14013
-0.13387
-0.13094
-0.12999
-0.13435
-0.13745
-0.14101
-0.13792
-0.12572
-0.10956
-0.09760
-0.10981
-0.14208
-0.18218
-0.21047
-0.22079
-0.22063
-0.22148
-0.23064
-0.24354
-0.25835
-0.27367
-0.29750
-0.32209
-0.34008
-0.35729
-0.38100
-0.41061
-0.43367
-0.44555
-0.44581
-0.43671
-0.42773
-0.43253
-0.45159
-0.47648
-0.50446
-0.52941
-0.54376
-0.54223
-0.52872
-0.51703
-0.50376
-0.48269
-0.45581
-0.42574
-0.39916
-0.37728
-0.35988
-0.34361
-0.32814
-0.31728
-0.30970
-0.30094
-0.28845
-0.27104
-0.25148
-0.23100
-0.21094
-0.19727
-0.18891
-0.18681
-0.18480
-0.17558
-0.15879
-0.13852
-0.12163
-0.11323
-0.12305
-0.14027
-0.14856
-0.14546
-0.13204
-0.11796
-0.11226
-0.11541
-0.12257
-0.12325
-0.11424
-0.10277
-0.08826
-0.07978
-0.08887
-0.10928
-0.13396
-0.15429
-0.15940
-0.14658
-0.12107
-0.10054
-0.09491
-0.09188
-0.09077
-0.08643
-0.07126
-0.05353
-0.03969
-0.03778
-0.04377
-0.05233
-0.05774
-0.05085
-0.03410
-0.01055
0.01585
0.03878
0.05436
0.05985
0.05362
0.04414
0.04032
0.04264
0.04984
0.05901
0.06719
0.07910
0.09955
0.12085
0.13760
0.14778
0.15004
0.15589
0.16926
0.17948
0.19149
0.20754
0.21854
0.22370
0.22581
0.22862
0.23420
0.25094
0.27568
0.29476
0.30758
0.31302
0.31539
0.31964
0.32386
0.33051
0.33192
0.32541
0.31786
0.30855
0.30406
0.30801
0.31505
0.31866
0.31582
0.30915
0.29766
0.28046
0.26185
0.24341
0.22236
0.20172
0.18158
0.16129
0.14586
0.13796
0.13821
0.14322
0.14846
0.15034
0.15284
0.16235
0.17091
0.17172
0.16820
0.16577
0.17342
0.18921
0.19813
0.20021
0.20124
0.20593
0.22379
0.24904
0.27553
0.29897
0.31652
0.33070
0.34029
0.35069
0.36294
0.37371
0.38267
0.39372
0.40615
0.41616
0.42232
0.42579
0.42864
0.42593
0.42180
0.41704
0.40903
0.39995
0.39134
0.38147
0.36476
0.34466
0.32633
0.31011
0.29426
0.27966
0.26542
0.24925
0.23309
0.22217
0.21772
0.21982
0.22482
0.21623
0.19328
0.16504
0.12991
0.09527
0.06932
0.05319
0.04699
0.04152
0.03370
0.02220
0.00817
-0.00035
-0.00709
-0.01397
-0.02375
-0.04016
-0.05706
-0.06598
-0.06471
-0.05738
-0.04568
-0.03274
-0.02416
-0.02452
-0.03254
-0.03745
-0.03648
-0.03422
-0.03469
-0.04668
-0.06795
-0.08850
-0.10336
-0.11092
-0.11184
-0.11075
-0.11688
-0.13072
-0.14511
-0.15778
-0.16495
-0.16085
-0.15269
-0.14840
-0.14903
-0.16139
-0.17898
-0.19171
-0.20738
-0.22124
-0.23023
-0.24224
-0.25964
-0.28349
-0.30113
-0.30658
-0.30504
-0.30342
-0.30881
-0.32111
-0.33550
-0.34761
-0.36130
-0.37408
-0.38492
-0.39153
-0.39086
-0.38948
-0.38276
-0.36866
-0.35344
-0.33534
-0.31473
-0.29794
-0.28597
-0.27703
-0.26732
-0.25613
-0.24286
-0.22646
-0.20913
-0.18520
-0.16125
-0.14247
-0.12819
-0.12105
-0.11248
-0.10151
-0.08611
-0.07009
-0.06075
-0.05677
-0.06176
-0.07435
-0.08423
-0.08509
-0.08486
-0.08576
-0.08929
-0.10049
-0.11520
-0.12684
-0.13375
-0.13623
-0.13433
-0.13421
-0.13897
-0.14909
-0.15611
-0.15863
-0.16190
-0.16456
-0.16586
-0.16151
-0.15496
-0.14422
-0.13014
-0.11691
-0.10208
-0.08976
-0.08280
-0.08043
-0.08454
-0.09078
-0.09246
-0.09273
-0.09333
-0.09889
-0.10458
-0.10535
-0.10793
-0.10964
-0.10696
-0.10162
-0.09607
-0.09094
-0.08556
-0.07265
-0.05031
-0.02461
0.00469
0.03749
0.07086
0.09946
0.11416
0.12022
0.12889
0.13922
0.15059
0.15475
0.15138
0.14889
0.14678
0.14506
0.14642
0.15360
0.16405
0.17347
0.17693
0.17431
0.16733
0.16021
0.15703
0.15735
0.15932
0.15882
0.15580
0.14814
0.13758
0.13100
0.12912
0.12993
0.13037
0.12576
0.11911
0.11644
0.11679
0.11540
0.10750
0.09376
0.07618
0.05541
0.03644
0.02323
0.01539
0.01180
0.00777
0.00389
0.00131
0.00247
0.01005
0.01836
0.02431
0.02657
0.02710
0.03078
0.04271
0.05636
0.06620
0.07571
0.08618
0.10059
0.11738
0.13737
0.16003
0.18080
0.19715
0.20972
0.22344
0.24389
0.26677
0.28506
0.30040
0.31072
0.31635
0.32012
0.32383
0.32820
0.32705
0.31704
0.30502
0.29598
0.29089
0.28907
0.28661
0.28151
0.27090
0.25711
0.24165
0.22890
0.22137
0.21465
0.21089
0.20201
0.18926
0.17723
0.16294
0.14632
0.12559
0.11246
0.09908
0.07957
0.06229
0.04299
0.02627
0.01317
-0.00051
-0.01739
-0.03138
-0.04097
-0.05217
-0.06501
-0.07925
-0.09196
-0.10144
-0.10681
-0.10662
-0.09928
-0.09178
-0.08741
-0.08555
-0.08586
-0.08501
-0.08070
-0.06966
-0.05927
-0.05555
-0.05778
-0.06513
-0.07538
-0.08350
-0.08557
-0.08204
-0.07556
-0.07098
-0.07244
-0.08059
-0.09237
-0.10319
-0.10893
-0.11221
-0.11283
-0.11412
-0.12220
-0.13368
-0.14746
-0.16320
-0.17808
-0.19218
-0.20628
-0.22210
-0.24042
-0.25628
-0.26941
-0.27622
-0.27770
-0.27909
-0.27737
-0.27878
-0.28463
-0.29020
-0.29300
-0.29088
-0.28331
-0.27217
-0.26030
-0.24645
-0.23064
-0.21338
-0.19609
-0.17939
-0.16505
-0.15369
-0.14281
-0.13441
-0.12969
-0.12372
-0.11180
-0.09728
-0.08528
-0.07639
-0.07182
-0.07197
-0.07075
-0.06726
-0.06434
-0.06077
-0.05728
-0.05571
-0.05881
-0.06379
-0.06781
-0.07238
-0.07735
-0.08465
-0.09421
-0.10451
-0.11276
-0.11462
-0.11214
-0.11049
-0.11083
-0.11455
-0.12297
-0.13294
-0.13994
-0.14002
-0.13784
-0.13908
-0.14137
-0.14566
-0.14963
-0.14684
-0.13846
-0.12979
-0.12153
-0.11663
-0.11374
-0.11012
-0.10741
-0.09765
-0.08332
-0.06698
-0.05055
-0.03882
-0.02831
-0.02271
-0.01985
-0.01379
-0.00217
0.01303
0.02932
0.04465
0.05711
0.06603
0.07132
0.07751
0.08611
0.09758
0.11122
0.12732
0.13820
0.14258
0.14624
0.14884
0.15365
0.15743
0.16142
0.16434
0.16210
0.15811
0.15154
0.14562
0.14560
0.15021
0.15885
0.16892
0.17556
0.17737
0.17455
0.17255
0.17198
0.17059
0.16996
0.16866
0.16366
0.15117
0.13465
0.11976
0.11073
0.11048
0.11376
0.11380
0.10970
0.10426
0.09577
0.08478
0.07227
0.05896
0.04862
0.03967
0.03129
0.02262
0.01392
0.00575
0.00130
-0.00014
-0.00224
-0.00083
0.00224
0.00489
0.00609
0.00804
0.01194
0.01870
0.03107
0.04233
0.04843
0.05153
0.05790
0.06826
0.08130
0.10001
0.12395
0.14734
0.16746
0.18569
0.20017
0.21369
0.22567
0.23358
0.23807
0.24003
0.24480
0.25381
0.26356
0.27032
0.27025
0.26300
0.25381
0.24976
0.25049
0.24832
0.24088
0.22884
0.21153
0.19466
0.18477
0.17952
0.17553
0.17290
0.16807
0.15780
0.14286
0.12527
0.10763
0.08875
0.06884
0.05237
0.03571
0.01299
-0.01220
-0.03737
-0.06514
-0.09052
-0.10814
-0.12098
-0.12735
-0.12728
-0.13067
-0.14091
-0.15463
-0.16753
-0.17295
-0.17009
-0.16399
-0.15719
-0.15245
-0.15250
-0.15157
-0.14484
-0.13278
-0.11492
-0.09371
-0.07557
-0.06608
-0.06295
-0.06443
-0.06900
-0.07045
-0.06824
-0.06200
-0.05087
-0.04162
-0.04013
-0.04513
-0.05270
-0.05866
-0.05965
-0.05696
-0.05696
-0.06441
-0.07756
-0.09640
-0.11787
-0.13483
-0.14819
-0.15898
-0.16846
-0.17727
-0.18792
-0.20130
-0.21032
-0.21384
-0.21089
-0.20496
-0.20279
-0.20230
-0.20113
-0.20214
-0.20298
-0.19681
-0.18586
-0.17340
-0.16089
-0.14910
-0.13777
-0.12562
-0.11313
-0.10179
-0.09123
-0.08200
-0.07380
-0.06714
-0.06030
-0.05417
-0.04855
-0.04103
-0.03276
-0.02605
-0.02180
-0.01689
-0.01253
-0.00949
-0.00781
-0.00793
-0.00827
-0.00967
-0.01264
-0.01642
-0.02256
-0.03164
-0.04091
-0.05142
-0.06125
-0.06588
-0.06622
-0.06717
-0.07101
-0.07751
-0.08909
-0.10142
-0.11019
-0.11526
-0.11448
-0.10897
-0.10450
-0.10366
-0.10295
-0.09984
-0.09183
-0.07901
-0.06523
-0.05371
-0.04756
-0.04663
-0.04524
-0.03913
-0.02920
-0.01593
-0.00185
0.01140
0.02321
0.03081
0.03594
0.04053
0.04826
0.06141
0.07779
0.09663
0.11403
0.12608
0.13181
0.13373
0.13743
0.14618
0.15959
0.17606
0.19109
0.19953
0.20436
0.20829
0.21201
0.21777
0.22271
0.22548
0.22680
0.22488
0.22179
0.22047
0.22044
0.22366
0.23074
0.23676
0.24048
0.24332
0.24128
0.23289
0.22107
0.20845
0.19885
0.19263
0.18628
0.17690
0.16171
0.14033
0.11897
0.10359
0.09609
0.09469
0.09224
0.08562
0.07617
0.06569
0.05940
0.05574
0.05055
0.04595
0.03961
0.02902
0.01871
0.01287
0.01230
0.01913
0.02928
0.03618
0.04116
0.04562
0.05131
0.05819
0.06555
0.07019
0.07306
0.07914
0.08562
0.09260
0.10072
0.10946
0.11760
0.12604
0.13838
0.15529
0.17395
0.18921
0.20107
0.21006
0.21758
0.22456
0.23114
0.23729
0.24049
0.24126
0.23878
0.23464
0.23304
0.23224
0.22957
0.22645
0.22381
0.21957
0.21122
0.19930
0.18678
0.17154
0.15191
0.13131
0.11084
0.08843
0.06431
0.03849
0.00760
-0.02492
-0.05425
-0.08047
-0.10336
-0.12320
-0.13866
-0.15191
-0.16829
-0.18845
-0.20944
-0.22754
-0.23770
-0.24155
-0.24768
-0.25367
-0.25581
-0.25825
-0.26277
-0.26964
-0.27686
-0.28106
-0.28149
-0.27842
-0.27403
-0.27529
-0.27913
-0.27826
-0.27487
-0.26512
-0.24796
-0.23160
-0.22096
-0.21688
-0.21896
-0.22359
-0.22591
-0.22438
-0.22042
-0.21794
-0.21766
-0.22007
-0.22448
-0.22821
-0.22952
-0.22903
-0.22836
-0.22629
-0.22695
-0.23292
-0.24254
-0.25479
-0.26742
-0.27814
-0.28699
-0.29606
-0.30585
-0.31623
-0.32592
-0.33560
-0.34257
-0.34223
-0.33656
-0.32836
-0.32137
-0.31887
-0.31832
-0.31746
-0.31455
-0.30813
-0.29835
-0.28549
-0.27495
-0.26467
-0.25212
-0.23900
-0.22209
-0.20241
-0.18313
-0.16776
-0.15628
-0.14816
-0.13968
-0.12728
-0.11431
-0.10343
-0.09546
-0.08907
-0.08685
-0.08592
-0.08362
-0.08037
-0.07507
-0.07195
-0.07031
-0.06847
-0.06712
-0.06748
-0.06931
-0.07166
-0.07428
-0.07434
-0.07295
-0.07242
-0.07130
-0.07057
-0.07117
-0.07345
-0.07951
-0.08428
-0.08592
-0.08473
-0.07648
-0.06605
-0.05829
-0.05150
-0.04528
-0.03896
-0.03078
-0.02177
-0.01303
-0.00599
-0.00071
0.00607
0.01379
0.02423
0.03997
0.05692
0.07304
0.08779
0.09978
0.10980
0.11944
0.12960
0.14030
0.15633
0.17744
0.19764
0.21414
0.22458
0.23194
0.23800
0.24468
0.25495
0.26675
0.27863
0.29119
0.30283
0.31102
0.31786
0.32314
0.32699
0.32992
0.32958
0.32508
0.31786
0.31274
0.30929
0.30630
0.30860
0.31464
0.31969
0.32418
0.32580
0.32298
0.31638
0.30927
0.30655
0.30717
0.30995
0.30972
0.30149
0.28781
0.27434
0.26563
0.26216
0.26252
0.26162
0.25475
0.24239
0.22970
0.21890
0.20864
0.20018
0.19214
0.18187
0.16949
0.15385
0.13548
0.12051
0.11349
0.11118
0.10766
0.10291
0.09955
0.09918
0.10095
0.10484
0.11223
0.12044
0.12995
0.13971
0.14711
0.15268
0.15594
0.15957
0.16727
0.18097
0.20145
0.22418
0.24240
0.25524
0.26396
0.27050
0.27900
0.28850
0.29672
0.30371
0.30789
0.30951
0.30802
0.30450
0.29855
0.28691
0.27241
0.25525
0.23849
0.22536
0.21269
0.19891
0.18390
0.16875
0.15518
0.14383
0.13253
0.12132
0.10993
0.09704
0.07989
0.06007
0.03810
0.01509
-0.00514
-0.02938
-0.05422
-0.08051
-0.11424
-0.15201
-0.18808
-0.21799
-0.24155
-0.25752
-0.27028
-0.27913
-0.28816
-0.29778
-0.30576
-0.31265
-0.31262
-0.30813
-0.29855
-0.28897
-0.28307
-0.28409
-0.28880
-0.28654
-0.27833
-0.26354
-0.24533
-0.22831
-0.21766
-0.21431
-0.21768
-0.22282
-0.22580
-0.22796
-0.22574
-0.22386
-0.22546
-0.23148
-0.23926
-0.24574
-0.24741
-0.24429
-0.24383
-0.24492
-0.24964
-0.25994
-0.27168
-0.28132
-0.28931
-0.29343
-0.29558
-0.29984
-0.30412
-0.31420
-0.32845
-0.34133
-0.34912
-0.34847
-0.34480
-0.34189
-0.34191
-0.34457
-0.34846
-0.35361
-0.35631
-0.35373
-0.34711
-0.33892
-0.32966
-0.32059
-0.31195
-0.29939
-0.28256
-0.26390
-0.24638
-0.23202
-0.22112
-0.21436
-0.20889
-0.20333
-0.19734
-0.19026
-0.18257
-0.17711
-0.17545
-0.17445
-0.17408
-0.17326
-0.17084
-0.16705
-0.16118
-0.15680
-0.15686
-0.15946
-0.16308
-0.16710
-0.16976
-0.17085
-0.17001
-0.16552
-0.15973
-0.15661
-0.15378
-0.15227
-0.15536
-0.15868
-0.16022
-0.15853
-0.15152
-0.14097
-0.13019
-0.12041
-0.11040
-0.10170
-0.09235
-0.08012
-0.06757
-0.05632
-0.04906
-0.04387
-0.03788
-0.03048
-0.01738
-0.00029
0.01651
0.03374
0.04842
0.05731
0.06305
0.06959
0.08162
0.10257
0.12851
0.15389
0.17642
0.19229
0.20225
0.21042
0.21955
0.23432
0.25123
0.26700
0.28399
0.29888
0.31150
0.32407
0.33738
0.35126
0.36159
0.36404
0.36242
0.35875
0.35114
0.34667
0.34562
0.34800
0.35451
0.35964
0.36387
0.36472
0.36004
0.35282
0.34689
0.34377
0.34453
0.34818
0.34971
0.34603
0.33444
0.31867
0.30540
0.29906
0.29886
0.29896
0.29534
0.28454
0.27063
0.25795
0.24652
0.23719
0.22984
0.22322
0.21334
0.19949
0.18324
0.16875
0.16189
0.16322
0.16637
0.16613
0.16666
0.16830
0.17234
0.18021
0.18985
0.19994
0.20858
0.22005
0.22906
0.23514
0.24004
0.24127
0.24550
0.25093
0.26240
0.28135
0.29816
0.30962
0.31668
0.32307
0.33151
0.34068
0.34745
0.35287
0.35333
0.35162
0.35187
0.35386
0.35714
0.35484
0.34778
0.33714
0.32616
0.31395
0.29826
0.28267
0.26622
0.24743
0.22574
0.20619
0.18831
0.17335
0.15915
0.14106
0.12119
0.09499
0.06400
0.03216
0.00172
-0.02653
-0.05154
-0.07405
-0.09871
-0.12679
-0.15727
-0.18514
-0.20755
-0.22265
-0.23197
-0.23624
-0.23668
-0.23913
-0.24370
-0.24634
-0.24300
-0.23729
-0.23018
-0.22077
-0.21278
-0.20865
-0.20700
-0.20285
-0.19539
-0.18358
-0.16838
-0.15495
-0.14930
-0.15210
-0.16077
-0.17378
-0.18382
-0.19174
-0.20078
-0.20748
-0.21564
-0.22619
-0.23680
-0.24621
-0.25148
-0.25426
-0.25524
-0.25503
-0.25610
-0.26096
-0.26767
-0.27162
-0.27417
-0.27555
-0.27775
-0.28312
-0.29110
-0.29974
-0.30678
-0.31235
-0.31323
-0.30890
-0.30198
-0.29743
-0.29738
-0.30034
-0.30452
-0.30834
-0.31264
-0.31251
-0.30694
-0.29990
-0.29427
-0.28836
-0.28108
-0.27245
-0.25793
-0.24260
-0.23032
-0.22205
-0.21916
-0.21795
-0.21735
-0.21516
-0.21127
-0.20983
-0.21222
-0.21704
-0.22446
-0.23093
-0.22957
-0.22078
-0.20838
-0.19523
-0.18373
-0.17564
-0.17322
-0.17646
-0.18336
-0.19461
-0.20750
-0.21978
-0.23449
-0.25045
-0.26642
-0.28225
-0.29401
-0.30440
-0.31416
-0.31919
-0.32107
-0.31473
-0.30015
-0.28191
-0.26198
-0.24389
-0.22280
-0.20024
-0.18100
-0.16686
-0.15823
-0.15103
-0.14265
-0.13241
-0.12417
-0.11511
-0.10224
-0.08920
-0.07641
-0.06416
-0.05520
-0.05006
-0.04489
-0.03592
-0.02007
0.00132
0.02689
0.05149
0.07118
0.08467
0.09039
0.09523
0.10261
0.11593
0.13130
0.14563
0.16243
0.17597
0.18770
0.19851
0.20716
0.21454
0.21830
0.21908
0.21712
0.21170
0.20686
0.20681
0.20941
0.21498
0.22358
0.23232
0.23797
0.23703
0.23000
0.22279
0.21946
0.22146
0.22945
0.23653
0.23937
0.23333
0.21741
0.19950
0.18565
0.18114
0.18250
0.18452
0.18022
0.16811
0.15463
0.14220
0.13463
0.13197
0.13282
0.13273
0.12621
0.11534
0.10240
0.09286
0.09297
0.09787
0.10053
0.10079
0.10099
0.10237
0.10640
0.11557
0.12880
0.14435
0.16243
0.18031
0.19315
0.20189
0.21010
0.22082
0.23659
0.25891
0.28588
0.30906
0.32701
0.34042
0.34966
0.35867
0.36721
0.37499
0.38219
0.38842
0.39412
0.40134
0.40808
0.41247
0.41331
0.40572
0.39331
0.37944
0.36511
0.35134
0.33571
0.31979
0.30292
0.28611
0.27062
0.25590
0.24580
0.23790
0.22639
0.21023
0.18874
0.16161
0.13344
0.10835
0.08458
0.06250
0.04236
0.01920
-0.00829
-0.03921
-0.06977
-0.09458
-0.11221
-0.12125
-0.12653
-0.13075
-0.13378
-0.13983
-0.14598
-0.14936
-0.14908
-0.14169
-0.13015
-0.11948
-0.11330
-0.11459
-0.11759
-0.11673
-0.10714
-0.08647
-0.06273
-0.04375
-0.03491
-0.03409
-0.03777
-0.04227
-0.04215
-0.03840
-0.03476
-0.03411
-0.03781
-0.04757
-0.05872
-0.06522
-0.06588
-0.06209
-0.06007
-0.06333
-0.07466
-0.09274
-0.11075
-0.12588
-0.13643
-0.14340
-0.15023
-0.15930
-0.17344
-0.19138
-0.21048
-0.22960
-0.24234
-0.24593
-0.24624
-0.24675
-0.24879
-0.25339
-0.25820
-0.26145
-0.26474
-0.26664
-0.26513
-0.26302
-0.26081
-0.25625
-0.24961
-0.24175
-0.23028
-0.21537
-0.20177
-0.19125
-0.18383
-0.17976
-0.17690
-0.17120
-0.16542
-0.16201
-0.15954
-0.15967
-0.16252
-0.16650
-0.16997
-0.17263
-0.17310
-0.17167
-0.16773
-0.16305
-0.16160
-0.16306
-0.16833
-0.17468
-0.18027
-0.18535
-0.18849
-0.18852
-0.18830
-0.18903
-0.18784
-0.18873
-0.19437
-0.20237
-0.20921
-0.21284
-0.21202
-0.20697
-0.20056
-0.19553
-0.19259
-0.18922
-0.18268
-0.17330
-0.16461
-0.15719
-0.15441
-0.15473
-0.14955
-0.14010
-0.12625
-0.10692
-0.08797
-0.07234
-0.06132
-0.05329
-0.04933
-0.04756
-0.03672
-0.01875
0.00341
0.02924
0.05338
0.07178
0.08161
0.08570
0.08989
0.09900
0.11173
0.12596
0.13902
0.15001
0.15904
0.16676
0.17443
0.18097
0.18671
0.18649
0.18102
0.17393
0.16749
0.16563
0.16801
0.17503
0.18507
0.19717
0.20821
0.21183
0.20957
0.20361
0.19639
0.19518
0.19964
0.20496
0.20779
0.20292
0.18540
0.16122
0.14132
0.12828
0.12368
0.12453
0.12167
0.11089
0.09551
0.08161
0.07195
0.06652
0.06613
0.06385
0.05520
0.04293
0.02559
0.00847
0.00092
0.00484
0.01094
0.01274
0.01199
0.01137
0.01436
0.02456
0.04120
0.05835
0.07640
0.09421
0.10611
0.11252
0.11995
0.13072
0.14327
0.16029
0.18439
0.21144
0.23516
0.25355
0.26679
0.28116
0.29921
0.31439
0.32573
0.33430
0.33714
0.33878
0.34266
0.35112
0.36170
0.36234
0.35397
0.34073
0.32492
0.30749
0.28857
0.26830
0.24800
0.22827
0.20623
0.18708
0.17137
0.15615
0.14084
0.12293
0.10237
0.08132
0.05690
0.03238
0.01255
-0.00587
-0.02083
-0.03579
-0.05611
-0.08037
-0.10446
-0.12642
-0.14499
-0.15596
-0.15862
-0.15675
-0.15412
-0.15238
-0.15053
-0.14663
-0.13991
-0.12925
-0.11796
-0.10875
-0.10307
-0.10215
-0.10340
-0.10216
-0.09587
-0.08410
-0.06649
-0.05043
-0.04108
-0.03837
-0.03885
-0.03976
-0.04080
-0.03851
-0.03442
-0.03246
-0.03491
-0.04035
-0.04746
-0.05451
-0.05718
-0.05614
-0.05468
-0.05882
-0.06923
-0.08272
-0.10039
-0.11627
-0.12646
-0.13116
-0.13334
-0.13934
-0.15103
-0.16704
-0.18370
-0.20111
-0.21460
-0.21770
-0.21216
-0.20608
-0.20515
-0.20821
-0.21252
-0.21443
-0.21404
-0.21309
-0.20957
-0.20462
-0.20568
-0.20802
-0.20694
-0.20249
-0.19047
-0.17447
-0.15974
-0.14885
-0.14273
-0.14208
-0.14234
-0.14038
-0.13458
-0.12751
-0.12266
-0.11818
-0.11758
-0.12001
-0.12148
-0.11925
-0.11450
-0.10799
-0.10334
-0.09922
-0.09336
-0.09285
-0.09700
-0.10395
-0.10916
-0.11237
-0.11542
-0.11820
-0.12031
-0.12082
-0.12285
-0.12657
-0.13383
-0.14298
-0.15211
-0.15878
-0.15963
-0.15431
-0.14365
-0.13372
-0.12725
-0.12232
-0.11602
-0.10572
-0.09258
-0.08185
-0.07636
-0.07289
-0.06895
-0.06041
-0.04331
-0.02108
0.00072
0.01750
0.02997
0.03953
0.04379
0.04662
0.05401
0.06885
0.09014
0.11288
0.13312
0.14631
0.14852
0.14389
0.13799
0.13464
0.13755
0.14433
0.15061
0.15769
0.16671
0.17272
0.17798
0.18686
0.19689
0.20490
0.20816
0.20906
0.20832
0.20705
0.20938
0.21467
0.22446
0.23945
0.25342
0.26158
0.26208
0.25792
0.25623
0.25803
0.26293
0.27153
0.27546
0.26756
0.24822
0.22170
0.19702
0.18178
0.17667
0.17598
0.17377
0.16410
0.14605
0.12425
0.10466
0.09177
0.08652
0.08567
0.08141
0.07009
0.05045
0.03017
0.01694
0.01220
0.01057
0.00305
-0.00727
-0.01521
-0.01463
-0.00230
0.02048
0.04833
0.07719
0.10154
0.11561
0.12015
0.11814
0.11722
0.11575
0.11567
0.12159
0.12870
0.13120
0.13152
0.13247
0.13415
0.14154
0.15090
0.16075
0.17335
0.18708
0.19970
0.21544
0.23664
0.25960
0.27495
0.27378
0.26411
0.25192
0.23980
0.22789
0.21450
0.19657
0.17241
0.14753
0.12358
0.10058
0.08091
0.06434
0.04671
0.02848
0.00774
-0.01707
-0.04334
-0.06836
-0.09084
-0.10997
-0.12778
-0.15101
-0.17798
-0.20630
-0.23508
-0.25943
-0.27470
-0.28191
-0.28254
-0.27925
-0.27963
-0.28486
-0.28936
-0.29060
-0.28785
-0.27708
-0.26076
-0.24532
-0.23718
-0.23765
-0.24012
-0.23875
-0.22881
-0.20950
-0.18592
-0.16511
-0.15294
-0.14896
-0.14839
-0.15023
-0.14960
-0.14588
-0.14392
-0.14550
-0.15287
-0.16470
-0.17814
-0.18649
-0.18633
-0.18056
-0.17306
-0.17135
-0.17932
-0.19264
-0.20895
-0.22296
-0.22699
-0.22717
-0.22712
-0.22867
-0.23728
-0.24996
-0.26517
-0.28061
-0.29095
-0.29450
-0.29204
-0.29041
-0.29295
-0.29585
-0.29751
-0.29693
-0.29429
-0.28885
-0.27835
-0.26516
-0.25356
-0.24124
-0.22822
-0.21521
-0.19857
-0.18084
-0.16398
-0.15070
-0.14242
-0.13774
-0.13313
-0.12700
-0.12293
-0.11769
-0.11096
-0.10424
-0.09986
-0.09892
-0.09739
-0.09505
-0.09131
-0.08883
-0.08604
-0.08105
-0.07777
-0.07732
-0.08115
-0.08456
-0.08622
-0.08811
-0.08892
-0.08724
-0.08339
-0.08074
-0.08082
-0.08453
-0.08991
-0.09695
-0.10378
-0.10966
-0.11122
-0.10613
-0.09820
-0.08691
-0.07909
-0.07349
-0.06404
-0.05282
-0.04070
-0.02863
-0.02221
-0.02041
-0.01823
-0.01419
-0.00147
0.01890
0.04368
0.06802
0.08777
0.09999
0.10705
0.11403
0.12090
0.13748
0.16341
0.19205
0.21811
0.23872
0.25232
0.25802
0.26267
0.27129
0.28420
0.29821
0.31338
0.32558
0.33739
0.34998
0.35749
0.36618
0.37607
0.38186
0.38022
0.37044
0.35750
0.34607
0.34023
0.33971
0.34406
0.35261
0.35927
0.35914
0.35094
0.33865
0.32569
0.31766
0.31821
0.32365
0.32868
0.32475
0.31026
0.28696
0.26401
0.24896
0.24068
0.23877
0.23571
0.22692
0.21183
0.19337
0.17749
0.16710
0.16327
0.16359
0.16103
0.14949
0.12992
0.10518
0.08297
0.07342
0.07387
0.07374
0.07074
0.06782
0.06615
0.06853
0.07980
0.09612
0.11300
0.13311
0.15065
0.16100
0.16696
0.17205
0.17876
0.18667
0.19968
0.21969
0.23989
0.25567
0.26658
0.27455
0.28715
0.30278
0.31205
0.31467
0.31295
0.30922
0.30663
0.30805
0.31345
0.31350
0.30526
0.29225
0.27468
0.25780
0.23965
0.21811
0.19700
0.17435
0.15015
0.12596
0.10336
0.08393
0.06826
0.05316
0.03515
0.01269
-0.01393
-0.04415
-0.07547
-0.10258
-0.12746
-0.14790
-0.16775
-0.19429
-0.22356
-0.25356
-0.27974
-0.29982
-0.31311
-0.31675
-0.31496
-0.31728
-0.32548
-0.33205
-0.33523
-0.33562
-0.33049
-0.31916
-0.30653
-0.29807
-0.29383
-0.29313
-0.28874
-0.27423
-0.25188
-0.22533
-0.20125
-0.18548
-0.18091
-0.18202
-0.18615
-0.19088
-0.19134
-0.19294
-0.19709
-0.20463
-0.21577
-0.22814
-0.23710
-0.23918
-0.23904
-0.24142
-0.24770
-0.25892
-0.27625
-0.29505
-0.30971
-0.31599
-0.31648
-0.31785
-0.32497
-0.33908
-0.35645
-0.37467
-0.38919
-0.39547
-0.39309
-0.38811
-0.38669
-0.38899
-0.39172
-0.39292
-0.39224
-0.38934
-0.38154
-0.36928
-0.36002
-0.35244
-0.34315
-0.33152
-0.31489
-0.29358
-0.26966
-0.24959
-0.23736
-0.23023
-0.22777
-0.22812
-0.22328
-0.21218
-0.20281
-0.19277
-0.18164
-0.17569
-0.17210
-0.16822
-0.16345
-0.15902
-0.15491
-0.15301
-0.15401
-0.15864
-0.16768
-0.17849
-0.18896
-0.19347
-0.19698
-0.19935
-0.19621
-0.19098
-0.18664
-0.18515
-0.18412
-0.18607
-0.18949
-0.19219
-0.19380
-0.18776
-0.17606
-0.16381
-0.15035
-0.13604
-0.11888
-0.09892
-0.07765
-0.05749
-0.04146
-0.02818
-0.01663
-0.00486
0.01043
0.03134
0.05474
0.07767
0.09399
0.10375
0.10929
0.11032
0.11595
0.12955
0.15233
0.18248
0.21238
0.23757
0.25686
0.26760
0.27255
0.27818
0.28864
0.30314
0.31835
0.33540
0.34812
0.35749
0.36569
0.37224
0.38076
0.38701
0.38485
0.37329
0.35882
0.34605
0.33851
0.33906
0.34700
0.36128
0.37838
0.38969
0.38917
0.38162
0.37396
0.37083
0.37440
0.38173
0.39172
0.39752
0.38925
0.36844
0.34176
0.31933
0.30637
0.29993
0.29284
0.28303
0.26749
0.24545
0.22415
0.20536
0.19427
0.19109
0.18877
0.17824
0.15929
0.13507
0.10870
0.09362
0.09185
0.09687
0.10301
0.10603
0.10609
0.10974
0.12151
0.13729
0.15603
0.17878
0.19886
0.21027
0.21513
0.21707
0.22018
0.22671
0.24031
0.26408
0.28968
0.31005
0.32671
0.33825
0.35036
0.36373
0.37326
0.38280
0.38932
0.39236
0.39690
0.40510
0.41541
0.42188
0.42060
0.41465
0.40479
0.39009
0.37402
0.35684
0.33760
0.31508
0.29032
0.26515
0.24373
0.22450
0.20595
0.19141
0.17522
0.15499
0.12738
0.09227
0.05415
0.01396
-0.02316
-0.05739
-0.09286
-0.13104
-0.17261
-0.21721
-0.25917
-0.29052
-0.31054
-0.31853
-0.31682
-0.31426
-0.31262
-0.31171
-0.31158
-0.30851
-0.30057
-0.28408
-0.26365
-0.24775
-0.23688
-0.23292
-0.22708
-0.21104
-0.18870
-0.15927
-0.12609
-0.09916
-0.08354
-0.08149
-0.08820
-0.09587
-0.10193
-0.10387
-0.10600
-0.11050
-0.12120
-0.14059
-0.15898
-0.17206
-0.17611
-0.17583
-0.17827
-0.18430
-0.19851
-0.21799
-0.23717
-0.25053
-0.25603
-0.25983
-0.26456
-0.27547
-0.29675
-0.32542
-0.35700
-0.38220
-0.39220
-0.38680
-0.37658
-0.36824
-0.36278
-0.35966
-0.35992
-0.36407
-0.36478
-0.36085
-0.35789
-0.36179
-0.37212
-0.38678
-0.40138
-0.40990
-0.40981
-0.40262
-0.39612
-0.38929
-0.38121
-0.37074
-0.35537
-0.34298
-0.32898
-0.30704
-0.28434
-0.26332
-0.25045
-0.24220
-0.23180
-0.22569
-0.21958
-0.21279
-0.20907
-0.20909
-0.21599
-0.22887
-0.24211
-0.25440
-0.26562
-0.27266
-0.27579
-0.27441
-0.26833
-0.26240
-0.26019
-0.25903
-0.26184
-0.26850
-0.27523
-0.27672
-0.26988
-0.25840
-0.24367
-0.23172
-0.22083
-0.20908
-0.19624
-0.18017
-0.16556
-0.15747
-0.15283
-0.14953
-0.14669
-0.13479
-0.11467
-0.08716
-0.05655
-0.02982
-0.00957
0.00070
0.00442
0.00913
0.02341
0.04470
0.07163
0.10108
0.12846
0.15118
0.16269
0.16987
0.17926
0.19083
0.20486
0.21855
0.23160
0.24306
0.25091
0.25685
0.26483
0.27700
0.28669
0.28817
0.28244
0.27338
0.26453
0.26142
0.26907
0.28302
0.30046
0.31545
0.32229
0.32064
0.31246
0.30326
0.29826
0.30017
0.30501
0.30827
0.30489
0.29223
0.27121
0.24998
0.23710
0.23311
0.23696
0.24018
0.23688
0.22830
0.21697
0.20495
0.19497
0.18963
0.18850
0.18640
0.17624
0.15914
0.13601
0.11606
0.10992
0.11238
0.11885
0.12512
0.12966
0.13482
0.14383
0.15873
0.17746
0.19920
0.22060
0.23688
0.24752
0.25546
0.26393
0.27568
0.29098
0.31124
0.33767
0.36561
0.38964
0.40725
0.42348
0.44152
0.45808
0.46874
0.47154
0.46996
0.46701
0.46626
0.47143
0.48127
0.48606
0.48060
0.46742
0.44778
0.42791
0.40716
0.38538
0.36512
0.34184
0.31869
0.29846
0.28054
0.26399
0.24975
0.23709
0.22038
0.20000
0.17604
0.14832
0.11854
0.09013
0.06745
0.04870
0.02822
0.00435
-0.02436
-0.05635
-0.08304
-0.10269
-0.11463
-0.11854
-0.12043
-0.12635
-0.13363
-0.13726
-0.13964
-0.14002
-0.13409
-0.12416
-0.11691
-0.11398
-0.11496
-0.11657
-0.11577
-0.10946
-0.09474
-0.07869
-0.06801
-0.06397
-0.06497
-0.06941
-0.07505
-0.07893
-0.08081
-0.08364
-0.09046
-0.09785
-0.10861
-0.12397
-0.13421
-0.13967
-0.14200
-0.14433
-0.15318
-0.16784
-0.18775
-0.20517
-0.21367
-0.21669
-0.21672
-0.21923
-0.23228
-0.25113
-0.27239
-0.29767
-0.31774
-0.32844
-0.33065
-0.33202
-0.33711
-0.34273
-0.34875
-0.35137
-0.35056
-0.34649
-0.33757
-0.32656
-0.31704
-0.31044
-0.30549
-0.29851
-0.28772
-0.27300
-0.25854
-0.24929
-0.24501
-0.24598
-0.24883
-0.25010
-0.24820
-0.24527
-0.24307
-0.24025
-0.23855
-0.23861
-0.23897
-0.23842
-0.23747
-0.23596
-0.23479
-0.23677
-0.24092
-0.24552
-0.25311
-0.26287
-0.27139
-0.27714
-0.28074
-0.28361
-0.28466
-0.28331
-0.28025
-0.27791
-0.27850
-0.28315
-0.28919
-0.29493
-0.29743
-0.29229
-0.28162
-0.26973
-0.25807
-0.24599
-0.23525
-0.22273
-0.20784
-0.19576
-0.18979
-0.18758
-0.18616
-0.18487
-0.17722
-0.16227
-0.13935
-0.11309
-0.09207
-0.07657
-0.06711
-0.05759
-0.04428
-0.02472
0.00537
0.03884
0.07090
0.10126
0.12314
0.13581
0.14442
0.15209
0.16400
0.17880
0.19390
0.20678
0.21529
0.22233
0.22645
0.23033
0.23704
0.24202
0.23868
0.22864
0.21621
0.20225
0.19491
0.19858
0.20984
0.22422
0.23852
0.24683
0.24342
0.23303
0.22169
0.21317
0.21417
0.22023
0.22522
0.22732
0.21812
0.19780
0.17188
0.15009
0.13795
0.13463
0.13428
0.12918
0.12030
0.10502
0.08813
0.07605
0.07103
0.07426
0.07878
0.07610
0.06490
0.04581
0.02574
0.01750
0.01845
0.02633
0.03735
0.04553
0.05368
0.06449
0.08016
0.09732
0.11745
0.14263
0.16294
0.17597
0.18511
0.18733
0.18856
0.19486
0.20840
0.23356
0.26063
0.28274
0.30167
0.31656
0.33349
0.35169
0.36573
0.37568
0.38065
0.38336
0.38783
0.39860
0.41163
0.41834
0.41856
0.41334
0.40528
0.39685
0.38785
0.37933
0.36908
0.35317
0.33321
0.31434
0.29780
0.28391
0.27133
0.25673
0.23994
0.21176
0.17534
0.14012
0.10342
0.07249
0.04890
0.02845
0.00728
-0.02088
-0.05466
-0.08913
-0.11774
-0.13709
-0.15118
-0.15639
-0.15462
-0.15526
-0.15853
-0.16414
-0.16523
-0.16438
-0.16045
-0.14759
-0.13447
-0.12716
-0.12915
-0.13470
-0.13667
-0.12789
-0.10802
-0.08432
-0.05955
-0.04011
-0.03058
-0.02831
-0.02896
-0.02701
-0.01978
-0.01451
-0.01215
-0.01495
-0.02806
-0.04717
-0.06492
-0.07387
-0.07467
-0.07289
-0.07878
-0.09489
-0.11745
-0.14377
-0.16790
-0.18463
-0.19156
-0.19654
-0.20221
-0.21219
-0.22917
-0.25015
-0.27150
-0.28396
-0.28717
-0.28545
-0.28490
-0.28486
-0.28434
-0.28417
-0.28312
-0.27992
-0.26942
-0.25784
-0.24798
-0.23943
-0.23459
-0.23174
-0.22766
-0.22029
-0.21025
-0.19878
-0.19104
-0.18618
-0.18434
-0.18359
-0.18276
-0.18376
-0.18177
-0.17716
-0.17234
-0.16934
-0.16500
-0.15796
-0.14929
-0.14001
-0.13377
-0.13040
-0.12897
-0.12916
-0.13169
-0.13604
-0.13888
-0.14197
-0.14552
-0.14920
-0.15163
-0.15229
-0.15297
-0.15010
-0.14723
-0.14850
-0.15608
-0.16859
-0.18305
-0.19504
-0.20183
-0.20503
-0.20851
-0.21246
-0.21765
-0.21888
-0.21285
-0.20432
-0.19560
-0.18971
-0.18743
-0.18349
-0.17209
-0.15307
-0.12223
-0.08675
-0.04923
-0.01806
0.00367
0.01972
0.03151
0.04774
0.07162
0.09992
0.13517
0.17107
0.20397
0.22874
0.24516
0.25832
0.26764
0.27975
0.28842
0.29714
0.30422
0.31202
0.31611
0.31897
0.31979
0.32236
0.32003
0.31257
0.29789
0.28333
0.27454
0.26964
0.27645
0.29174
0.31115
0.32246
0.32657
0.31738
0.30373
0.27977
0.26362
0.25070
0.24762
0.24779
0.25045
0.24502
0.23592
0.21873
0.20272
0.19491
0.18546
0.17897
0.15660
0.13223
0.09142
0.05830
0.01615
-0.00393
-0.02803
-0.03142
-0.05531
-0.06354
-0.09297
-0.10582
