sample-data.txt   1 channel (mono)
Sample Rate: 22050 Hz. Sample values on linear scale.
Length processed: 9559 samples 0.43351 seconds.


0.01085
-0.01527
0.02584
-0.08464
-0.29967
-0.19487
-0.14374
-0.21245
-0.26544
-0.16904
-0.27667
-0.52695
-0.52460
-0.44707
-0.38620
-0.26196
-0.16299
-0.26395
-0.35782
-0.36396
-0.19933
-0.11747
-0.10102
-0.09226
-0.04222
0.10643
0.09246
0.13527
0.17915
0.11959
0.06266
0.11171
0.19700
0.30611
0.30347
0.24911
0.37325
0.34841
0.43764
0.43474
0.17526
0.11743
0.28558
0.47744
0.51355
0.51548
0.41424
0.47081
0.62892
0.68934
0.67630
0.62854
0.65406
0.58831
0.58009
0.57063
0.42196
0.25699
0.18618
0.18188
0.22002
0.23140
0.21809
0.35970
0.50735
0.55141
0.56833
0.47920
0.35401
0.36530
0.42004
0.51418
0.61287
0.62472
0.59316
0.57476
0.55674
0.54147
0.57320
0.49565
0.41731
0.45314
0.52090
0.62005
0.66270
0.69071
0.73426
0.75930
0.75602
0.74566
0.88150
0.92204
0.82347
0.88511
0.86732
0.82413
0.82572
0.81764
0.85893
0.87650
0.87547
0.84777
0.84598
0.76963
0.65279
0.58641
0.54302
0.51392
0.48602
0.52314
0.52562
0.39085
0.27688
0.09318
0.00181
-0.00764
-0.18481
-0.12177
0.02017
-0.00362
-0.19859
-0.40945
-0.46585
-0.58338
-0.58409
-0.45272
-0.39314
-0.41724
-0.45528
-0.35916
-0.29568
-0.40129
-0.50852
-0.54658
-0.50617
-0.49194
-0.49188
-0.45448
-0.35206
-0.19745
-0.13870
-0.05450
-0.02184
-0.01521
0.04912
0.02655
-0.08213
-0.12744
-0.05350
-0.10006
-0.06573
0.11221
0.22339
0.17803
0.09285
-0.01789
-0.17354
-0.17760
-0.23300
-0.26772
-0.20165
-0.17037
-0.11080
-0.02083
-0.11967
-0.37012
-0.53401
-0.57863
-0.52685
-0.49902
-0.59078
-0.59694
-0.59916
-0.70952
-0.66282
-0.66699
-0.77857
-0.80995
-0.80706
-0.90272
-0.87725
-0.75026
-0.75878
-0.67950
-0.68879
-0.67385
-0.57208
-0.56437
-0.49186
-0.48006
-0.46810
-0.38242
-0.33073
-0.27102
-0.27022
-0.33252
-0.31414
-0.37833
-0.50536
-0.62725
-0.79378
-0.77466
-0.64568
-0.54847
-0.51357
-0.48762
-0.47899
-0.50006
-0.54192
-0.61457
-0.66674
-0.69363
-0.53516
-0.44348
-0.48376
-0.49390
-0.48328
-0.28929
-0.17144
-0.11893
-0.04887
-0.10571
-0.05386
0.06462
0.17720
0.21931
0.07430
0.10639
0.36158
0.42779
0.36061
0.36298
0.39110
0.38861
0.33359
0.40996
0.56571
0.56370
0.46893
0.44297
0.45079
0.37933
0.28440
0.19891
0.13229
0.03988
0.10543
0.16507
0.04759
0.02000
0.13285
0.14550
0.14784
0.24934
0.15209
0.24607
0.30438
0.24133
0.32740
0.27033
0.15572
0.09448
0.14641
0.13967
0.08239
0.07353
0.08269
0.05650
0.09433
0.36809
0.52199
0.49815
0.37672
0.25731
0.26744
0.29762
0.39842
0.36932
0.34270
0.43357
0.47467
0.38554
0.28231
0.35194
0.37335
0.35629
0.45824
0.54334
0.58322
0.54482
0.54308
0.62237
0.67122
0.69509
0.59761
0.58895
0.53304
0.50374
0.43772
0.33882
0.38094
0.30874
0.40493
0.47990
0.41023
0.35985
0.19911
0.14421
0.13782
0.11228
0.09787
-0.05657
-0.01964
0.14231
0.10979
0.04621
0.06280
0.08594
0.12950
0.05712
-0.07550
-0.06189
0.05698
0.06537
-0.01534
-0.12848
-0.17690
0.04690
0.08427
-0.02635
-0.10261
-0.08324
-0.05727
-0.13845
-0.11385
-0.05708
-0.11600
-0.24328
-0.24719
-0.37379
-0.55835
-0.50887
-0.44569
-0.44960
-0.57017
-0.63911
-0.58868
-0.64182
-0.65913
-0.68961
-0.72188
-0.66585
-0.60623
-0.56608
-0.50215
-0.47850
-0.44334
-0.36601
-0.29791
-0.33396
-0.44478
-0.50946
-0.49457
-0.43197
-0.43443
-0.25391
-0.19795
-0.22491
-0.16823
-0.14576
-0.06957
-0.03147
-0.08544
-0.31106
-0.41278
-0.48331
-0.56182
-0.44067
-0.43975
-0.43346
-0.32013
-0.36364
-0.40946
-0.54452
-0.74965
-0.74193
-0.62846
-0.49691
-0.38212
-0.35085
-0.34059
-0.47147
-0.62776
-0.61889
-0.54611
-0.39989
-0.32687
-0.28278
-0.24727
-0.24188
-0.10659
-0.06309
-0.14058
-0.17734
-0.21142
-0.11231
-0.09965
-0.10387
0.04564
0.10564
0.17206
0.19556
0.27940
0.38074
0.35920
0.38762
0.38845
0.27599
0.17932
0.20395
0.07691
-0.05311
-0.13265
-0.14453
-0.00652
0.02149
0.08133
-0.01340
-0.05552
-0.02884
-0.07515
-0.13716
-0.26543
-0.28852
-0.17594
-0.01599
-0.08105
-0.10389
-0.02938
0.06315
0.20417
0.23872
0.39167
0.50611
0.40496
0.48814
0.48090
0.41130
0.39954
0.30941
0.40593
0.41502
0.36611
0.31223
0.21487
0.38750
0.51915
0.42898
0.49207
0.59613
0.75003
0.89842
0.93265
0.93774
0.90260
0.98198
1.01002
0.98912
1.01133
0.88817
0.78426
0.76419
0.78787
0.70097
0.61097
0.82246
0.83299
0.62231
0.48105
0.36742
0.33102
0.38108
0.36524
0.39091
0.32124
0.16231
0.31868
0.40158
0.31182
0.26424
0.30933
0.24058
0.23415
0.31218
0.13889
0.22436
0.37716
0.27679
0.30859
0.33360
0.18787
0.07944
-0.01860
-0.17208
-0.25642
-0.08854
0.08492
-0.09928
-0.18673
-0.00654
0.03373
-0.09003
-0.15922
-0.12819
-0.19423
-0.18144
0.04603
0.10087
0.16164
0.24664
0.23514
0.18574
-0.09828
-0.16200
0.22657
0.48262
0.28811
0.23736
0.29773
0.17271
-0.04167
-0.35864
-0.17444
0.13306
-0.07237
-0.18926
-0.22930
-0.45491
-0.38734
-0.21758
-0.11456
0.01001
0.00569
-0.11028
-0.33988
-0.23525
-0.23799
-0.51774
-0.39596
-0.31193
-0.18432
-0.09402
-0.22136
-0.28550
-0.45186
-0.53132
-0.35064
-0.07813
-0.16726
-0.51513
-0.73863
-0.66613
-0.73947
-0.91861
-0.96955
-0.86062
-0.62480
-0.89926
-1.01855
-0.97367
-1.01088
-0.97285
-0.69492
-0.48620
-0.79636
-0.74337
-0.17200
-0.14911
-0.54464
-0.69845
-0.52684
-0.08844
-0.38151
-0.67422
-0.31002
0.08246
0.03308
0.04289
0.12329
-0.10260
-0.00241
0.41225
0.51685
0.00020
-0.20289
-0.07986
0.14408
0.17866
-0.01669
-0.16983
0.02577
0.17011
0.05986
-0.08588
-0.35332
-0.29968
-0.14291
0.04746
-0.06542
-0.54609
-0.54503
-0.02385
-0.12497
-0.20020
-0.20169
-0.47388
-0.28485
-0.17195
-0.28392
-0.08221
0.11645
0.12488
0.42154
0.55552
0.28083
0.10963
0.50558
0.62830
0.36663
0.22407
0.12793
0.45049
0.51918
0.14752
0.20191
0.31263
0.11445
0.28681
0.62389
0.59750
0.36405
0.26181
0.26685
0.28988
-0.06762
-0.17702
0.60658
0.71399
0.50177
0.43186
0.30999
0.33091
0.42487
0.65670
0.44050
0.39621
0.61198
0.55396
0.54293
0.58063
0.18689
-0.16026
0.16670
0.58045
0.23769
0.22735
0.38739
0.25523
0.52065
0.21222
-0.11771
0.13747
0.32020
0.14399
0.32926
0.28318
0.26750
-0.01955
-0.36040
0.08884
0.20881
0.37946
0.05851
0.04657
0.67628
0.61796
0.60528
1.00997
0.35410
-0.15415
-0.08605
-0.37380
-0.75135
-1.01884
-0.60429
-0.02089
0.04499
-0.25869
-0.00224
0.64306
1.05893
0.04318
0.00123
0.76958
0.00426
-0.56165
-0.55661
-0.29298
-0.73951
-0.85986
-0.52319
-0.18781
0.00335
-0.41610
-0.40093
-0.28963
-0.25247
-0.60837
-0.93872
-0.57737
-0.64212
-0.67830
-0.51157
-0.85812
-1.03142
-0.94916
-1.00745
-0.78549
-0.50657
-0.80794
-0.95849
-0.60921
-0.65399
-0.70220
-0.70700
-1.02964
-0.86122
-0.63963
-0.21819
0.06898
-0.34374
-0.08886
0.14093
-0.26683
0.04950
-0.01266
-0.24679
-0.03418
-0.18638
0.13915
0.24039
0.17549
0.40113
0.37399
0.19750
0.11829
-0.25620
-0.07117
0.15815
-0.37135
-0.17091
-0.01419
0.01323
-0.04045
-0.03546
-0.48539
-0.82437
-0.72544
-1.07804
-0.71736
-0.75157
-0.44747
0.11929
0.13160
0.35442
0.52614
0.64954
0.38756
-0.35186
-0.59815
0.34928
0.41720
0.20139
0.54782
0.23145
-0.03989
-0.36378
-0.78824
-0.16803
-0.02661
-0.46237
0.31231
0.73325
0.72903
0.60311
-0.04344
0.01634
-0.01137
-0.54123
0.13038
0.65658
0.65005
0.53399
0.69767
0.84802
0.15247
-0.02797
0.11462
0.15837
-0.29984
-0.14429
0.27965
0.01395
0.27255
0.27804
-0.37191
-0.20648
0.14081
0.21782
0.26102
0.07499
0.16452
0.30587
0.10601
0.16901
0.44908
0.13788
0.35914
0.20918
0.19972
0.68126
0.15517
-0.34123
0.19066
0.43042
0.28405
0.65768
0.34271
-0.25448
0.16796
0.84647
0.78098
0.99317
0.28119
0.09421
0.32252
0.02228
0.64189
0.69247
0.47204
0.41379
0.24248
-0.20952
0.20091
0.50125
0.12573
0.08600
0.20051
0.33470
0.39945
0.80395
0.20627
-0.64730
-0.43794
-0.49107
0.02653
-0.01241
-0.53127
0.17687
-0.46853
-0.59827
-0.13686
-0.26248
-0.11454
-0.45963
0.26833
0.77776
0.54210
0.35641
0.39867
0.42264
-0.10951
0.54334
1.02223
0.99680
0.79108
-0.10288
0.13060
0.50549
0.34771
0.19543
0.03552
0.07061
0.04747
-0.07444
0.18126
0.56668
0.64864
0.36216
0.22867
0.26922
-0.25569
-0.03825
-0.10847
0.07623
0.11600
-0.19686
-0.08501
-0.67024
0.17961
0.21959
-0.05095
0.35993
-0.22432
-0.27084
-0.44606
-0.01450
0.34398
0.13590
0.54183
-0.08767
-0.48893
-0.71752
-0.63695
-0.33687
-0.42670
-0.51425
-0.84666
-0.31548
0.19913
0.34645
-0.14858
-0.18537
-0.70093
-0.91433
-0.56567
-0.37378
0.25840
-0.34995
-0.60964
-0.22714
-0.15192
0.08939
-0.19047
-0.83547
-0.68238
-0.55241
-0.21582
0.18353
0.52979
-0.21971
-0.62597
-0.48451
-0.36182
-0.03031
-0.23588
0.29668
0.10719
0.30439
0.64843
0.33029
-0.01234
0.13086
-0.16338
0.15957
0.44644
-0.16857
0.66053
0.51826
0.22982
0.44063
0.92700
1.02858
0.28089
0.04794
-0.18527
-0.20843
0.58213
0.62492
0.28072
0.39677
-0.36910
-0.46011
-0.55397
-0.14882
0.33750
-0.88132
-0.91152
-0.64681
-0.40512
0.26491
-0.18025
-0.12294
-0.44109
-0.59771
-0.34481
-0.31311
0.35471
-0.27443
-0.37061
-0.45051
-0.73461
0.22733
0.16490
-0.66390
-0.53715
-0.51660
-0.63889
-0.30328
-0.05910
0.17842
-0.00886
-0.24485
-0.17350
0.08989
-0.08341
-0.11830
0.46681
0.09269
-0.83558
-0.29358
-0.26014
-0.04444
0.07752
-0.57104
-0.37796
-0.57296
0.22673
0.84488
0.35927
-0.26837
-0.17943
0.09296
-0.53697
-0.46985
0.01966
-0.17388
-0.46069
-0.13240
0.08492
-0.04911
-0.06467
-0.50333
-0.47647
-0.11284
0.07883
0.15413
-0.49975
-0.84809
-0.50720
-0.53579
-0.48721
0.31185
0.45202
0.10127
-0.46120
0.03537
0.07340
-0.89440
-0.24977
0.15963
-0.14860
-0.64241
-0.27827
0.20242
-0.10390
0.46378
0.33330
-0.26366
-0.60517
-0.49554
0.04934
-0.05545
0.14324
-0.39182
-0.01547
0.35363
-0.52070
0.30433
0.72362
-0.06291
-0.35079
0.12839
0.09210
-0.64279
-0.30999
-0.30837
-0.51897
0.13972
0.63047
0.57112
0.31088
0.67925
-0.08443
-0.23919
0.13356
-0.50597
0.00911
0.29441
-0.07272
0.37093
0.83723
-0.04081
-0.15423
0.20896
-0.15560
-0.31901
-0.35611
-0.41400
-0.21064
0.59584
0.31149
-0.17680
0.07817
-0.08802
-0.39545
-0.32089
-0.00925
-0.04203
-0.64767
-0.38985
0.51097
0.74378
0.52812
0.34589
0.77525
0.51860
-0.22079
-0.31278
0.76940
0.58805
-0.31343
0.41879
0.46256
-0.01709
0.34651
0.17912
0.14730
0.89546
0.39498
0.66574
0.37908
-0.05762
0.26246
0.51449
0.95872
0.75608
0.73243
0.55910
1.12843
0.69847
0.08109
0.44882
-0.04533
-0.45869
-0.21318
-0.00830
0.39784
0.87928
1.04657
0.94947
0.93568
0.32168
-0.69420
-0.49106
0.06953
0.81866
0.89813
0.74520
0.68709
0.49029
0.12894
0.09417
0.45105
0.40131
0.30265
-0.13280
0.29826
0.54356
0.10815
0.44566
0.55488
-0.01347
0.51145
1.04999
0.49963
0.13895
0.29172
0.50014
-0.03712
0.10411
0.65857
0.12148
0.37802
0.98822
1.02406
0.82700
0.15942
0.55119
0.27919
-0.37914
0.17562
0.06268
-0.30254
-0.09159
0.11281
0.68641
0.87383
-0.34642
-0.59699
0.32886
0.46977
-0.36912
-0.42368
0.04633
-0.47486
-0.28737
0.76416
0.62115
-0.31206
-0.30061
-0.31309
-0.63418
-0.25774
0.06860
-0.57362
-0.68736
0.04178
-0.15796
-0.41386
-0.19006
0.05653
-0.09336
-0.76671
-1.09094
-0.65920
-0.65426
-0.21002
0.31790
-0.11819
-0.63260
-0.92730
-0.56042
-0.72965
-0.53055
-0.12555
0.37137
0.53577
-0.57664
-1.08640
-0.38806
-0.46343
-0.38615
0.79162
0.28592
-0.43013
-0.79819
-0.45131
-0.54054
-0.69488
-0.55379
-1.08354
-0.17026
-0.27579
-0.52058
0.30308
0.68383
0.09050
-0.71758
-0.69418
-0.69792
-0.89142
-1.09839
-0.40495
-0.15445
-1.10802
-0.52274
0.38360
-0.29904
-0.71864
-0.48545
-0.96999
-0.99014
-0.79975
-0.54125
0.40924
-0.06493
-0.63662
-1.06972
-0.63131
-0.39366
-1.06587
-0.51857
0.66614
0.16545
-0.85211
0.16584
0.01879
-0.95276
-0.64451
0.18463
-0.34684
-0.84651
-0.45139
-0.41583
-0.80054
-0.62711
-0.84804
-0.93335
-1.07090
-0.54096
0.54363
-0.29350
-0.16163
0.36976
0.47109
-0.43996
-0.36660
-0.40916
-0.22195
0.18358
-0.70992
-0.16559
0.32521
-0.20429
-0.70227
-0.40734
-0.34139
-0.86838
-0.68378
0.54410
0.91703
-0.01653
-0.19504
0.64671
-0.23588
-0.56997
0.07810
0.26748
-0.27138
-0.39068
0.01869
0.19873
0.90126
0.72061
0.72210
0.91590
0.54586
0.08049
0.58079
0.57723
0.68988
0.23918
0.51498
1.11490
0.41485
0.52343
0.10061
0.15694
0.26371
0.43939
0.57674
-0.04260
0.29881
0.99155
0.62968
0.24686
0.38748
-0.05864
-0.52852
-0.03300
0.08881
0.22488
0.51820
0.38263
0.61951
0.51968
-0.67191
-0.20747
1.04689
0.51713
-0.35436
0.16125
0.39611
-0.93348
0.04213
0.76451
0.60940
0.94153
1.04168
0.45466
0.29823
0.75088
0.08883
0.36207
0.57181
1.12821
0.68285
0.31616
1.13778
0.44137
-0.17568
0.56288
1.10262
0.55924
0.09851
0.29892
0.06498
0.03752
0.91213
0.93611
0.57115
0.19953
0.46458
0.27158
0.14200
0.34022
0.20335
-0.12385
0.09465
0.52041
0.12565
0.03791
0.10855
0.43239
-0.22570
0.07306
0.48567
0.21464
-0.05287
0.17625
0.20261
-0.50430
-0.43307
0.45309
0.22307
-0.33117
0.13532
-0.52398
-0.57322
-0.72820
-0.23254
0.28529
0.27245
-0.10513
0.30954
0.42056
-0.06745
0.34992
0.19499
0.19738
0.43734
-0.02970
-0.42808
0.66183
0.35052
-0.04172
-0.07122
-0.43080
-0.74634
-0.13523
0.19974
0.05576
0.23309
0.08954
0.13207
0.46039
0.15826
-0.67260
-0.53976
-0.51713
-0.47640
-0.15124
0.03343
-0.44723
-0.07591
-0.25092
-0.29777
-0.26803
0.03026
0.28744
-0.50274
-0.40625
-0.20049
0.26577
0.36960
0.36056
-0.16428
-0.18013
-0.26067
-0.49838
0.47061
0.37322
-0.11632
-0.29127
-0.40884
-0.43717
-0.13980
0.30371
-0.28057
-0.44021
-0.47196
-0.81174
-0.40041
-0.09687
-0.28674
-0.04356
-0.38318
0.14841
-0.25826
-0.53243
0.71459
0.06534
0.18075
0.20723
0.10564
-0.45191
-0.75650
-0.32752
0.04582
-0.11208
0.23612
0.61034
0.02670
0.00501
-0.65809
0.07848
0.25810
0.07817
1.11227
0.06421
-0.44646
-0.12809
-0.85477
0.00542
0.12118
0.03690
0.72276
-0.05371
-0.46588
-0.40428
-0.50821
-0.01900
0.10605
-0.09308
-0.23610
-0.53062
0.00568
0.07158
-0.22110
-0.52280
-0.76136
-0.24722
-0.25509
-0.35322
-0.11521
-0.37737
-0.25292
0.38328
0.49479
0.03389
0.22415
-0.27652
-0.80487
-0.11406
0.62388
0.82805
-0.43407
-0.99134
-0.65428
-0.67369
-0.20159
0.37048
-0.18551
-0.53628
-0.15705
-0.17877
-0.40719
0.09134
0.44728
0.29908
0.21971
-0.03071
-0.42902
-0.71260
-0.06227
0.60303
0.27427
-0.15937
-0.30359
-0.88488
-0.34607
0.42645
0.33489
-0.11218
-0.13981
-0.12572
-0.38556
-0.26372
-0.14722
-0.11718
-0.06196
0.53711
0.13463
0.00126
-0.63520
-0.84523
0.34411
-0.11825
0.09618
0.80811
-0.03107
-0.32043
-0.36966
-0.17737
-0.08198
0.04852
1.07099
0.76283
0.02665
-0.74350
-0.64263
0.20949
0.20442
0.05025
0.68478
-0.04711
-0.74896
0.55573
0.75983
0.00292
0.01731
0.20485
-0.25890
-0.13508
-0.19409
0.01554
0.45745
0.36897
-0.07709
0.23849
0.41183
-0.27414
-0.19971
-0.45332
0.01962
0.06791
0.26140
0.64520
-0.24373
-0.42905
-0.69482
-0.54124
-0.07757
0.27467
0.26264
-0.39890
-0.01443
0.21196
-0.37875
-0.17843
-0.11508
-0.17270
-0.08196
-0.03054
-0.02324
-0.35866
-0.23491
-0.22489
0.25641
0.54582
0.67533
-0.31673
-0.87670
0.09224
0.26875
0.22033
-0.34774
-0.34542
-0.40113
-0.49581
-0.12181
-0.47731
-0.38015
0.34190
-0.01069
0.15561
-0.22955
-0.44398
0.36934
0.13772
0.20378
0.13107
-0.43344
-0.71105
-0.02984
0.13083
-0.15338
0.24603
0.51783
0.51793
-0.01973
0.08987
-0.03888
-0.67118
-0.34753
0.11047
0.60290
-0.46072
-0.22072
0.32345
-0.37067
0.29799
-0.07352
-1.05678
-0.14082
0.52279
-0.12260
0.14839
0.48359
0.65214
-0.32094
-0.13793
0.03325
-0.42823
0.31942
0.47583
0.27764
-0.14093
-0.24359
-0.12163
0.00116
0.34211
0.34845
-0.28592
-0.26802
-0.50917
-0.47811
-0.76878
-0.79687
-0.24372
0.15540
0.53586
-0.20636
-0.40320
-0.35047
0.11124
0.68483
-0.07850
-0.46038
-0.17118
-0.20316
-0.40734
-0.12816
0.60880
0.13969
-0.31727
0.16019
0.12427
-0.14740
0.22975
-0.05381
0.10062
0.53288
0.15219
-0.16564
-0.04630
0.43565
0.19485
0.05136
0.23706
0.42962
0.09556
0.04885
0.05240
-0.22441
-0.47976
0.25992
1.04211
0.91962
0.28547
-0.25276
0.11596
-0.07083
-0.62909
-0.51710
0.76103
0.97686
0.79002
0.41102
-0.27176
-0.28189
0.09634
0.61121
0.15426
-0.47965
0.05865
0.19396
-0.34244
-0.07116
0.08242
-0.12453
-0.19164
0.66584
0.06043
-0.42084
0.20251
-0.32836
-0.05839
0.64125
0.72712
-0.07948
0.01045
0.45711
-0.60048
-0.01696
0.51593
0.04167
-0.15535
-0.45726
0.07075
-0.41064
-0.16436
0.56466
0.30440
0.55735
0.02724
-0.06605
0.42249
-0.17747
-0.09648
-0.06602
-0.36463
0.32968
0.52231
0.49719
0.69168
0.60752
0.30530
-0.02026
0.18566
0.27623
-0.12924
0.40727
0.81668
0.06624
0.43187
0.69185
0.11670
0.21194
0.47112
0.51823
-0.08394
-0.22061
0.44081
0.99950
0.90501
0.15844
-0.45019
0.36695
0.27314
-0.76384
-0.14983
0.22538
0.31169
0.13909
0.27663
0.04111
-0.11772
-0.03544
0.35552
0.91490
-0.46247
-0.32911
0.48988
0.26430
0.64433
0.44528
0.31272
0.47668
0.15079
-0.24668
-0.33154
0.04023
-0.18656
-0.22579
-0.06751
0.13244
-0.27452
-0.78570
0.05116
-0.54202
-0.82401
-0.12109
0.02115
-0.17413
-0.67788
-0.32724
-0.15934
0.33524
-0.04725
-0.87638
0.31406
-0.10702
-0.48625
-0.31585
-0.52392
0.31534
0.14102
0.19203
0.38128
0.06847
-0.64875
-0.61763
-0.22092
-0.70279
-0.76140
-0.04386
0.66522
0.59190
-0.28717
-0.02221
0.86679
0.19363
0.01609
-0.41255
0.16384
0.46451
-0.32354
-0.37748
-0.28786
0.11381
0.06750
0.09976
0.33908
0.67542
0.04319
-0.47515
0.02467
0.08223
0.07457
-0.04223
0.05325
-0.13881
-1.04946
-0.18933
-0.14735
-0.27735
-0.20729
-0.19942
0.27923
-0.16748
-0.70241
-0.56819
0.39505
-0.55166
-1.08640
-0.69960
0.67633
0.55320
-0.92940
-0.96396
-0.05229
0.18312
-0.76650
-0.43133
0.32860
0.88814
-0.40450
-0.68706
0.01044
0.11008
-0.13458
-0.48573
-0.06323
0.64841
-0.06311
-1.19595
-0.24311
0.17386
-0.14249
-0.59345
-0.20288
0.59492
0.30435
-0.03083
0.35392
0.88691
0.50012
-0.11456
0.23728
0.60247
0.52371
-0.15642
0.15672
0.77712
0.04163
0.25449
0.61063
0.37251
0.36327
0.06584
-0.30952
0.45115
0.03153
-0.00014
1.03542
0.68146
0.73332
-0.15223
0.19432
0.69252
-0.51391
-0.26692
0.03724
0.92688
0.34347
-0.34071
0.59363
0.59418
-0.29508
-0.95737
-0.17651
0.04357
0.57820
0.16704
0.03272
0.59234
-0.11240
-0.72764
-0.24751
0.98317
0.63406
-0.50977
-0.87614
0.27020
-0.20969
-0.56127
0.24777
0.11875
0.22503
-0.09995
-0.10393
0.45972
0.60314
-0.66098
-0.75417
-0.01461
0.30863
0.39709
-0.33202
0.22929
0.34984
0.17538
-0.26171
-0.30752
0.27952
-0.07071
0.02955
-0.05941
0.37440
0.56413
-0.21535
-0.10192
-0.01855
-0.33254
-0.23130
-0.47006
0.14766
-0.42979
-0.60492
0.23286
-0.07548
0.54622
0.07049
-0.23929
-0.08506
-0.25970
-0.61770
-0.88798
-0.42224
0.44587
0.33367
-0.38441
0.14017
-0.11635
-0.14644
0.21380
-0.47051
-0.37027
0.02870
0.16085
0.06172
-0.43209
-0.49256
-0.42251
-0.05492
0.17465
0.29241
0.50261
0.26314
-0.03606
-0.05879
0.13152
0.18018
-0.22125
-0.14477
-0.35745
0.08303
0.16456
-0.53521
-0.03702
-0.24136
-0.04791
-0.53013
-0.57744
0.49422
0.21464
-0.04112
0.16020
-0.02297
0.16371
0.08953
-0.21831
0.19304
0.33938
0.51811
0.48565
-0.13097
0.50281
0.78610
0.33670
0.65819
0.16488
0.23368
-0.21452
0.39082
0.20409
-0.42915
0.01034
0.18942
0.87156
0.76000
0.82518
0.29188
0.41961
0.25725
0.40976
-0.04598
0.21592
0.56462
0.40808
0.42532
-0.03519
0.34488
-0.15737
0.06943
0.18834
0.94857
0.90294
0.46837
0.17237
-0.15868
0.09572
0.53745
0.20631
-0.16946
0.48156
-0.03027
0.05065
-0.21120
-0.20971
0.19068
-0.28551
-0.40842
-0.22655
-0.52781
-0.40584
-0.29301
-0.08849
0.16322
-0.12495
-0.32874
0.05611
0.12601
-0.20491
-0.01159
-0.00866
0.17276
-0.42261
-0.55398
-0.32603
0.45957
0.36084
0.36182
0.29263
-0.17371
0.47167
-0.36981
0.00733
0.25572
0.26062
-0.09523
-0.34017
0.59609
0.01316
-0.49716
-0.65856
-0.28630
0.41194
0.26876
0.10361
-0.03642
-0.21157
-0.12056
-0.41269
-0.51958
-0.01488
0.16393
-0.31834
-0.29078
0.12449
-0.01942
0.00499
-0.19929
0.20020
-0.00501
-0.18815
0.10278
-0.20053
-0.31231
-0.52851
-0.28324
-0.43035
0.23046
-0.25124
-0.37033
-0.43269
-0.87865
-0.65060
-1.06739
-0.89714
-0.93323
-0.05380
-0.33463
-0.09680
0.42064
-0.36020
-0.89953
-0.67281
-1.06812
-0.71140
-0.08413
-0.92977
-0.53587
-0.77218
-0.48589
-0.39748
-0.89429
-0.71722
-0.20079
-0.26623
-0.66304
-0.76848
-0.53166
0.27838
-0.05077
-0.30281
-0.47694
-0.73536
-0.49696
-0.54141
-0.54303
0.03459
0.13292
0.25049
0.16749
-0.27453
0.16417
-0.65651
-0.53878
0.08913
-0.00641
-0.15723
-0.83999
0.24464
0.21972
-0.13923
-0.00185
-0.21591
-0.36434
-0.10851
0.85870
-0.05960
0.15921
1.23059
0.71465
0.75760
0.62838
0.69391
0.56144
0.65876
0.79086
0.16210
0.72693
0.44486
0.46606
0.72607
0.43168
0.75839
0.80359
0.36087
0.41069
0.59428
0.31512
0.35474
0.32226
0.43078
0.55073
0.44788
0.49401
0.80717
0.61428
0.89758
0.96379
0.97497
0.90629
0.73208
0.74767
0.61124
0.75618
0.88594
1.04394
0.59789
0.67474
1.03463
0.84773
0.23608
0.71734
0.27460
0.04057
0.95344
0.38882
0.28944
0.62967
0.83142
0.40654
0.39843
0.56158
0.44584
0.92559
0.92043
0.67367
0.52789
0.20591
0.12422
0.09278
-0.15112
-0.03974
0.31757
0.01328
-0.03449
0.25454
-0.16327
0.01501
0.52643
0.12353
0.15331
0.38093
-0.36916
-0.63241
-0.21840
-0.04873
0.07046
0.57449
0.51226
-0.24453
-0.05335
0.13577
-0.31635
0.00151
0.23932
-0.07178
-0.14885
-0.46011
-0.73054
-0.50749
-0.51590
-0.68153
-0.62003
-0.53693
-0.62313
-0.72000
-0.51800
-0.24391
0.25760
0.02242
-0.14922
-0.29084
-1.00141
-0.74289
-0.46008
-0.55649
-0.56248
-0.29315
-0.55629
-0.59371
-0.46300
-0.83169
-0.45415
-0.25499
-0.30846
-0.30141
-0.45964
-0.68515
-0.69880
-0.42615
-0.70131
-0.35560
-0.05952
-0.75539
-0.53470
-0.50833
-0.64073
-0.30054
-0.17423
-0.32297
-0.42029
-0.34478
-0.63151
-0.69272
-0.43305
-0.50996
-0.46003
-0.49727
-0.89571
-0.75669
-0.52147
-0.22221
-0.31516
-0.40484
-0.51325
-0.53190
-0.29482
-0.45388
-0.18485
0.05379
0.02592
-0.18334
-0.23177
-0.31810
-0.01724
0.30695
-0.02070
-0.29650
-0.38863
-0.20693
-0.25573
0.00874
0.13814
-0.04700
-0.06647
-0.50854
-0.47955
-0.34871
-0.39853
-0.15856
0.15513
0.34788
0.38412
0.15593
-0.50126
-0.43470
-0.30886
-0.29908
0.09306
0.20091
0.06499
-0.12069
-0.02985
-0.24307
-0.11476
0.23522
0.43349
0.85155
0.14482
-0.42871
-0.18154
-0.02356
0.32095
0.45134
0.16796
-0.03009
-0.36664
-0.49841
0.04127
0.31330
0.30325
0.45225
0.59054
0.44692
0.28082
0.03028
0.15580
0.15083
0.15340
-0.02995
-0.43141
0.02284
0.28934
0.30961
-0.01120
0.12965
0.08280
0.10965
0.47042
0.31581
0.25692
0.29596
0.65806
0.69758
0.55909
0.04565
-0.31347
-0.06148
0.20329
0.36715
0.51422
0.74749
0.64034
0.41470
0.17786
-0.15894
-0.00630
0.51819
0.56063
0.11493
0.03595
-0.11889
-0.08613
0.61539
0.35418
0.04449
0.32059
0.29084
0.28695
0.48399
0.56111
0.56361
0.51032
0.38283
-0.14943
-0.60744
-0.39073
-0.21663
0.13928
0.27549
0.29493
0.09286
0.27237
0.49050
0.11954
0.26369
0.22993
0.25670
0.30550
0.37283
0.17301
-0.15501
-0.13250
-0.31151
-0.28896
-0.19144
-0.26557
-0.30063
-0.24280
-0.21350
-0.04710
0.04123
0.23345
0.17497
-0.05310
-0.16141
-0.38568
-0.18811
0.11910
0.17104
0.06038
-0.09410
-0.45752
-0.15839
-0.05810
-0.00818
0.34741
-0.25452
-0.54524
-0.43851
-0.68008
-0.45207
0.01292
-0.21662
-0.19158
-0.24018
-0.42732
-0.40273
-0.16261
-0.11413
0.01242
0.00416
-0.36196
-0.12293
-0.39837
-0.63512
-0.54693
-0.10959
0.06611
0.10374
0.03156
-0.14161
0.10592
-0.10287
-0.24451
-0.26892
-0.00334
0.09957
0.03017
-0.19317
-0.32869
-0.43367
-0.52480
-0.48393
-0.55934
-0.17571
-0.05510
-0.16509
-0.10331
0.08206
0.04644
0.29381
0.32391
-0.36297
-0.54873
-0.25260
-0.12114
-0.21157
-0.04704
-0.32330
-0.30136
0.21420
-0.07891
-0.05582
0.33535
0.11682
-0.06271
-0.00337
-0.31837
-0.34228
0.11767
-0.07765
-0.57193
-0.53431
-0.64717
-0.35563
0.12031
-0.08272
-0.02903
-0.20339
-0.28660
-0.40795
-0.55807
-0.02194
0.18021
0.27355
-0.00380
-0.65430
-0.42691
-0.12741
-0.17891
-0.15979
-0.32018
-0.20393
0.29833
0.65043
0.33431
0.03937
0.19932
0.16296
0.22653
-0.11591
-0.32720
0.17058
0.06451
0.01965
0.05194
0.05833
0.49864
0.56792
-0.01868
-0.20652
0.02507
0.03199
0.40301
0.40700
-0.13574
-0.25119
-0.22332
-0.63138
-0.08347
0.49948
0.22324
0.23077
0.24248
-0.01596
-0.11567
0.48904
0.55005
0.52787
0.39028
-0.09195
-0.13345
-0.03202
0.30440
0.33040
0.37756
0.48689
-0.01426
-0.23397
-0.22753
-0.42681
0.03588
0.51744
0.44740
0.57982
0.43586
-0.05944
-0.29749
-0.34353
0.12547
0.28471
0.46744
0.52820
0.03517
0.19085
0.19381
0.09151
0.36841
0.29133
0.33462
0.31384
-0.58141
-0.60793
-0.22435
0.31470
1.03673
0.59525
0.40689
0.12541
-0.35063
-0.71400
-0.65579
0.39478
0.71718
0.65431
0.10832
-0.38017
0.07783
0.02352
-0.12035
-0.15109
-0.27977
0.53753
0.91341
0.05416
0.43150
0.58496
0.37282
0.76045
-0.04517
-0.81356
0.15795
0.40442
-0.28266
-0.34554
-0.44985
0.05176
0.47846
-0.13368
-0.83991
-0.84880
-0.08509
0.30883
-0.30624
0.40076
0.34039
0.03992
0.11446
-0.81703
-0.72354
-0.21083
0.12103
0.40182
0.33341
-0.02944
-0.31643
-0.30252
0.68455
0.47564
-0.19155
-0.44822
-0.22721
0.13541
-0.21927
-0.58486
-0.42598
-0.01509
0.47041
0.45264
-0.14414
-0.18823
-0.04395
0.22831
0.12156
-0.10702
-0.60948
0.06974
0.24972
0.25188
-0.51395
-0.47046
0.65465
0.53049
0.58612
0.05784
0.00118
0.17922
0.62462
-0.03656
-0.16891
0.86530
0.63446
0.27581
0.58672
-0.64337
-0.64211
0.08015
0.42627
0.51906
0.43703
1.02230
0.57259
0.39233
-0.44210
-0.53767
-0.16225
0.50050
0.67042
-0.17101
-0.17238
-0.00922
0.14247
0.92195
-0.10363
-0.18977
0.34244
0.49830
0.24395
-1.03861
0.24561
0.69226
1.02206
0.48617
-0.43069
-0.89217
-0.36387
0.39926
-0.50562
-0.98051
0.15098
0.83304
-0.05743
-0.07910
-1.07144
-0.69847
0.55431
0.17219
-0.62359
-0.93577
-0.44784
-0.06375
0.36133
-0.34733
-1.04591
-0.21032
0.24978
-0.05474
-0.52971
-0.78405
-0.31540
0.85173
0.18302
0.21852
0.42922
-0.46923
0.07012
-0.67809
-0.88369
-0.69414
-0.75916
-0.21881
0.14224
-0.37282
-0.74750
-0.47401
-0.79293
-0.47327
-0.19633
-0.44247
0.05758
-0.42807
-0.22853
-0.04064
-0.85229
-0.24630
-0.01743
0.10197
0.03173
0.06442
-0.76405
-0.59046
-0.10905
-0.52967
-0.38921
-0.82801
-0.67475
0.09604
0.21694
-0.48517
-1.07059
-0.45233
0.27087
-0.23782
-0.42587
-0.77598
-0.39744
-0.14265
0.23915
0.27129
-0.85663
0.23803
0.33808
-0.70645
-0.20273
-0.73612
-0.29917
0.71686
0.43063
-0.16502
-0.43485
0.26070
0.39138
0.08494
-0.54250
-0.25380
0.03027
0.28295
-0.12252
-0.21599
-0.25170
0.17612
0.93839
0.38902
0.86882
-0.60033
0.11481
0.07007
-0.74498
1.02976
0.43051
0.44756
0.56750
0.39792
0.30455
0.27037
-0.00256
0.05249
0.55932
0.87356
0.84247
0.25492
0.74732
0.33551
0.27986
0.04872
-0.06228
0.09617
0.34652
0.89890
-0.12809
-0.05395
-0.16249
0.27769
1.07062
0.23714
-0.41528
0.06489
0.21451
0.34866
0.58534
-0.61874
-0.10538
0.85455
0.29257
0.29727
-0.19733
-0.21416
0.89584
0.84192
0.22472
0.41687
0.60614
0.61698
0.84746
-0.56860
-0.63922
-0.19703
0.01177
0.61766
0.53395
0.89328
-0.06637
0.30131
-0.09430
-0.64890
-0.05369
0.13104
0.45759
0.43056
0.40488
-0.48588
0.13804
0.90707
0.10382
0.14668
0.33297
0.34725
0.21920
-0.52450
-0.20254
0.43361
0.83041
0.06296
-0.41332
0.44289
0.15205
-0.14786
-0.10892
-0.59778
-0.22122
0.13835
-0.54214
-0.49537
-0.73015
-0.52965
-0.16622
0.30813
0.15073
-0.90818
-0.67367
-0.15342
-0.18498
-0.26366
-0.23761
-0.13853
0.43896
-0.21695
-0.29281
-0.33292
-0.47216
-0.70508
-0.93435
-0.59616
-0.56052
0.51906
0.19836
0.86217
0.32733
-0.25983
0.18867
-0.70077
-0.24078
-0.23519
-0.41852
-0.03861
0.17063
-0.76463
-0.43240
-0.29179
-0.69974
-0.17788
-0.31723
-0.22368
0.14708
0.13543
-0.50819
-0.50208
-0.73382
-0.76705
-0.28981
-0.54184
0.01291
-0.16999
0.12563
0.67677
-0.40250
-0.29715
-0.12911
0.06908
-0.04159
-0.14508
0.18158
0.11997
0.39952
0.21634
-0.27645
0.05477
0.06022
0.11365
-0.13815
-1.18377
-0.41021
0.24053
0.30067
0.49040
0.12132
-0.07769
-0.36227
0.25834
1.19361
-0.06675
0.12524
0.47729
-0.09150
0.42444
0.61165
-0.09624
-0.18899
0.56089
0.22942
0.43193
0.12182
0.55706
0.24080
0.13259
0.82955
0.46744
0.74529
0.98917
0.34203
-0.21729
0.26111
0.33284
-0.19361
-0.41500
0.39869
0.62514
0.18934
-0.07610
0.00555
-0.51351
0.38907
0.11653
0.35744
0.39526
-0.97795
0.11066
0.30820
0.72041
0.44742
0.64094
0.08418
0.05990
0.36819
0.46105
0.64019
0.03708
0.54743
0.11943
0.52450
0.49750
-0.37960
-0.52450
-0.99325
-0.65018
0.20141
-0.22894
-0.22301
0.14826
0.11818
-0.12130
-0.10863
-0.00788
0.17001
-0.07238
-0.30545
-0.13233
0.09836
-0.01403
-0.14846
0.20153
-0.05992
0.42514
0.13408
0.28220
0.70710
0.70059
0.26743
0.45704
-0.08402
-0.44948
0.32572
-0.26034
-0.31786
-0.66541
-0.00683
-0.24111
0.24938
0.24634
-0.52175
-0.53525
-0.62257
-0.07283
0.01807
-0.13263
-0.96439
-0.05565
-0.42578
-0.56613
-0.08990
-0.41112
-0.16278
-0.90551
-0.29400
-0.01154
0.14313
0.15582
-0.61970
0.13465
0.61464
0.33290
-0.02944
-0.08186
-0.24028
-0.16529
0.36523
0.26088
0.02910
-0.63842
-0.91924
-0.49398
-0.47335
-0.17472
-0.14755
-0.62649
-0.62944
-0.81795
-0.37962
-0.23885
-0.66773
-0.63362
-0.54356
0.23362
-0.31491
-0.63054
-0.21094
-0.77373
-0.58893
-0.56679
-0.10548
-0.25808
-0.36303
-0.40185
-0.60140
0.01983
-0.31708
-0.28517
-0.80033
-0.80022
-0.97789
-0.37653
0.20644
-0.31715
-0.26109
-0.26685
0.09087
-0.17564
-0.00145
-0.26686
-0.16462
-0.32401
-0.27043
-0.15761
-0.16070
0.32069
-0.18917
0.06324
0.31668
-0.01102
0.01555
0.06923
-0.14648
0.19270
0.35164
0.28674
0.25418
0.41963
0.51889
0.36543
0.13403
0.23071
0.20879
0.09892
0.09912
0.00463
0.61253
0.63606
0.29778
-0.08800
0.16031
0.41442
0.53859
0.55238
0.08123
-0.12185
-0.05704
0.17930
0.38620
0.22653
-0.11791
0.10419
0.44636
0.66977
0.39977
0.48026
0.42224
0.40755
0.19159
0.35166
0.60838
0.16737
0.14904
-0.02733
0.33447
0.56255
0.63735
0.61442
0.36247
-0.25337
-0.27633
-0.08080
0.41835
0.67465
0.14849
0.07322
0.11298
0.75547
0.94902
0.80981
0.36993
-0.06268
-0.36338
-0.06563
0.43341
0.58841
0.36697
-0.12998
0.14731
0.23041
0.25391
0.59679
0.39838
0.27234
0.05005
-0.02626
0.47946
0.40748
0.49327
0.21936
0.11505
-0.13407
-0.16836
0.10070
-0.01604
0.21939
0.02904
-0.17046
-0.06179
0.17146
0.05623
0.09434
0.07716
-0.47412
-0.22211
0.25822
0.16082
0.11042
-0.23602
-0.42682
-0.52311
0.01323
0.19846
-0.08422
-0.17696
-0.31636
-0.38467
-0.23837
0.28728
0.14023
-0.03928
-0.55053
-0.80343
-0.69738
-0.45289
-0.62647
-0.30438
-0.14084
-0.65517
-0.85084
-0.96854
-0.42638
-0.17005
-0.02272
-0.37682
-0.58264
-0.61250
-0.27490
-0.03024
-0.29928
-0.50377
-0.71058
-0.60361
-0.23911
0.02226
0.20005
0.20533
-0.48828
-0.57460
-0.25126
-0.09580
0.00794
0.00668
-0.36465
-0.36900
-0.26695
-0.48146
-0.27462
-0.06897
-0.14317
-0.34880
-0.32676
0.06612
0.26086
0.10555
-0.01275
-0.21064
-0.00944
-0.01987
-0.17590
-0.34864
-0.28172
-0.25854
-0.25586
-0.05148
-0.10306
0.04130
-0.11152
-0.06849
-0.26447
-0.15817
0.08477
-0.07662
-0.12310
0.14675
0.46730
0.16349
-0.03145
-0.02640
0.12634
0.07626
-0.01223
-0.08558
0.05280
0.05133
-0.06926
0.12894
0.26192
0.29672
0.09144
0.36088
0.40061
0.34159
0.55647
0.24966
0.26663
0.39570
0.27764
0.32519
0.04695
-0.10775
0.22324
0.37061
0.18689
0.18709
0.65196
0.55589
0.21647
0.28300
0.24928
0.20803
0.34131
0.41030
0.17718
-0.14725
-0.20389
-0.18859
-0.14347
0.31270
0.39083
0.42084
0.09530
-0.13554
0.14417
0.17705
0.52208
0.15702
-0.23459
-0.12034
-0.15709
-0.10034
0.14809
0.30715
0.23210
-0.15919
-0.25897
-0.09707
-0.14615
0.05985
0.06139
0.01261
-0.15098
-0.16931
-0.10921
-0.14320
-0.06745
-0.03310
0.00096
-0.08524
-0.06818
-0.23433
-0.07427
0.19956
-0.11702
-0.20110
-0.10291
-0.09090
-0.28258
-0.31574
-0.09014
0.10442
0.32883
0.18811
-0.09038
-0.40887
-0.35614
0.07593
0.08225
-0.09671
0.22526
-0.12582
-0.66184
-0.43797
-0.43983
-0.06489
-0.04150
-0.10331
-0.07542
-0.28180
-0.15904
-0.03909
0.13076
0.00759
-0.28759
-0.35872
-0.43909
-0.58416
-0.25381
-0.24778
-0.45798
-0.48234
-0.66125
-0.61359
-0.28350
-0.03521
0.22154
0.13567
-0.13419
0.14255
-0.13842
-0.48715
-0.45165
-0.30488
-0.31119
-0.10380
-0.11698
-0.15856
-0.16107
-0.38795
-0.01936
0.10638
0.24972
0.21037
0.25315
0.02416
-0.24920
-0.20363
-0.18376
-0.12899
-0.18013
-0.17825
-0.20391
-0.33305
-0.05343
0.29802
0.14400
0.45706
0.27982
0.05364
0.25340
0.41325
0.21402
-0.04028
0.08399
0.03866
-0.11338
-0.04841
0.23890
0.23009
0.27713
0.31059
0.08809
0.04506
0.04886
-0.15247
0.07842
0.31144
0.38406
0.52414
0.36518
0.04722
0.11709
-0.03198
-0.14707
0.08199
0.22687
0.33862
0.37026
0.27402
-0.14279
0.00803
0.15072
0.21382
0.32548
0.39784
0.47504
0.35798
0.15237
0.25035
0.16872
0.21011
0.34777
0.11348
0.30989
0.31123
0.16415
0.35642
0.81707
0.57735
0.49301
0.38517
0.34250
0.44173
0.52484
0.63635
0.42157
0.47793
0.26814
0.17092
0.13373
0.05658
0.02367
0.02223
0.09282
0.52417
0.50699
0.55378
0.54542
-0.05503
-0.15543
0.04317
0.09473
0.36064
0.31063
-0.17415
0.13884
0.11812
-0.22278
-0.36375
-0.19971
0.15436
0.18625
0.15019
0.32651
0.19840
0.16915
0.26216
-0.34264
-0.18432
0.27088
0.05906
-0.19748
-0.48459
-0.52717
-0.21251
-0.06111
-0.17685
-0.28027
-0.30683
-0.14418
-0.06308
-0.09705
-0.04834
-0.06440
0.07315
0.15535
0.01978
0.04187
-0.11309
-0.58044
-0.37703
-0.27442
-0.45634
-0.25025
0.09880
0.00779
-0.36235
-0.42774
-0.65350
-0.62895
-0.21638
0.17174
0.03789
0.19210
0.03679
-0.40748
-0.36526
-0.12750
-0.02493
-0.10285
0.00392
-0.31210
-0.29936
-0.51178
-0.64313
-0.38576
-0.13553
0.14434
0.12319
0.23040
0.04680
-0.25127
-0.37080
-0.68237
-0.42510
-0.03551
0.24098
0.63986
0.22783
-0.10247
-0.04618
0.02119
-0.28126
-0.06095
0.33243
0.38940
0.26173
-0.19880
0.17623
-0.03589
-0.52749
-0.40928
0.01631
0.39061
0.26856
0.01229
-0.25394
-0.25586
-0.32001
-0.31981
-0.30460
-0.06483
0.16942
0.15132
0.15395
-0.21846
-0.10040
0.01386
-0.22536
0.07203
0.21932
0.06571
0.00703
-0.07532
-0.14828
-0.27409
0.07306
0.24182
0.15705
0.31621
0.17435
0.05984
-0.01500
0.06175
-0.23503
-0.05708
0.03995
-0.12807
-0.05442
-0.24265
-0.12705
0.08066
0.38307
0.21900
0.17481
0.31784
0.31018
0.21673
0.30587
0.26921
0.14041
0.38322
0.26499
0.19588
0.29712
0.27494
0.33927
0.20365
0.07602
0.18546
0.11352
0.17521
0.14145
-0.02870
-0.22725
0.10457
0.40741
0.02146
0.29690
0.15226
-0.14976
0.15814
0.26496
0.35804
0.03737
0.15197
0.28210
0.35603
0.42268
0.35939
0.66784
0.28881
-0.03070
-0.06096
0.20563
0.16830
-0.00156
0.33402
0.34680
0.26081
0.25215
0.14956
0.05829
0.06528
-0.00883
-0.03277
-0.18480
-0.15483
0.22713
0.21707
-0.07213
-0.19334
-0.02186
-0.00145
-0.28566
-0.46459
-0.53461
-0.28016
-0.20878
-0.19604
-0.10494
-0.00413
0.25464
0.19458
0.03004
-0.04725
-0.17093
-0.02866
0.31103
-0.08013
-0.38935
-0.12351
-0.15576
-0.26117
-0.10853
-0.12707
-0.15334
-0.28986
-0.19619
-0.20562
-0.53267
-0.27607
-0.15031
-0.45268
-0.47408
-0.06488
0.05713
0.20488
-0.12396
-0.47090
-0.51821
-0.38936
-0.50699
-0.92070
-0.61216
-0.40715
-0.05392
-0.12167
-0.38406
-0.38557
-0.10076
0.03461
-0.05890
0.10182
0.22917
0.14667
-0.31252
-0.49889
-0.64266
-0.90253
-1.00973
-0.66188
-0.40973
-0.17507
0.07205
0.02652
-0.21605
-0.77721
-0.39484
0.28140
-0.14936
0.04092
0.49622
-0.04316
-0.42858
-0.42636
-0.37421
-0.22039
0.19879
0.10003
-0.07300
0.29277
0.35160
0.52287
0.51996
0.01580
-0.21349
-0.81834
-0.32614
0.29964
-0.30608
-0.05172
0.08001
-0.14756
-0.57114
-0.57943
-0.59746
-0.31676
0.53532
0.62157
0.32133
-0.03460
0.22914
0.32192
0.00842
-0.06833
-0.15182
-0.45455
0.05378
0.35043
-0.04365
0.21083
0.32931
0.00792
0.19783
0.45885
0.22963
0.55767
0.65561
-0.10805
-0.24822
0.22821
-0.20765
0.22700
0.45850
-0.02724
0.51414
0.47505
0.17262
0.09266
0.05533
-0.05743
0.27981
0.63990
0.54734
0.55882
0.26915
0.16862
-0.09283
-0.14177
0.50552
0.39641
0.57502
0.58480
0.47255
0.80868
0.74267
0.14327
0.59432
0.94032
0.16419
0.76599
0.65820
0.37758
0.56667
0.66423
0.51542
0.39225
0.43197
-0.05207
0.06612
0.44085
0.54084
0.07038
-0.42173
-0.36429
-0.30224
-0.04877
-0.15079
-0.28949
-0.01944
0.21144
0.33129
-0.32099
-0.07051
0.26712
-0.12524
-0.18725
0.01440
0.20588
0.53195
0.48260
0.38382
0.50084
0.00138
-0.24578
-0.41183
-0.46597
-0.12434
0.06483
-0.40956
-0.48896
-0.78480
-0.95654
-0.27326
-0.30268
-0.15439
0.60429
-0.12625
-0.82394
-0.47377
-0.43176
-0.57524
-0.57919
-0.56057
-0.21915
0.56805
-0.01560
-0.54736
-0.24435
-0.01715
0.01826
-0.07390
-0.20202
0.20806
0.57014
0.27584
0.13654
-0.48131
-0.76914
-0.29887
-0.40909
-0.55145
-0.51612
-0.28389
0.08423
-0.27220
-0.30675
-0.31404
-0.38207
-0.46853
-0.11177
0.32363
0.32053
-0.00336
-0.43054
0.33964
-0.21152
-0.93453
0.27042
-0.11631
-0.88061
0.07787
-0.11681
-0.82489
-0.11207
0.37201
-0.11954
-0.44157
-0.06391
0.14715
0.15224
0.20751
-0.04173
-0.22508
-0.40163
-0.23574
-0.42458
-0.65407
0.02742
0.30689
0.10274
0.06283
0.33180
0.03656
0.12011
0.27354
0.06334
0.39381
0.29497
0.12767
0.04881
0.29424
-0.24634
-0.45550
-0.21981
-0.13893
0.60475
0.56336
0.54998
0.33880
0.55945
0.42304
0.17013
0.99471
0.49940
0.24216
0.92771
0.62093
0.48390
0.69707
0.38703
-0.02171
0.29762
0.59952
0.55078
0.53492
-0.08636
0.24184
0.64425
0.07001
-0.42401
-0.48932
-0.23912
0.15785
0.48657
0.63570
0.65029
0.54126
0.39073
0.08941
0.03895
0.45694
0.51506
0.64802
0.75708
0.11985
0.26938
0.07136
0.08341
0.27669
0.06577
0.29448
0.62316
0.71823
0.11689
-0.09365
-0.08480
0.10257
0.01932
-0.43246
-0.30518
-0.04414
0.01364
-0.04011
-0.37644
-0.39172
-0.28022
-0.47727
-0.38090
-0.15067
-0.20567
-0.07962
-0.28638
-0.58479
-0.41475
-0.47989
-0.60497
-0.36645
-0.06606
-0.25834
-0.06935
-0.17431
-0.59245
-0.85361
-0.76452
-0.54403
-0.53953
-0.24269
-0.10537
-0.32117
-0.37228
-0.37792
-0.56834
-0.74244
-0.88664
-0.56480
-0.47446
-0.46504
-0.30353
0.03726
-0.36924
-0.67595
-0.62024
-0.90010
-0.62097
-0.29781
-0.16749
-0.25251
-0.05337
0.01850
-0.14133
-0.40422
-0.50053
-0.15300
0.23973
-0.09110
-0.37891
-0.00867
-0.22255
-0.74370
-0.69366
-0.70271
-0.37064
-0.05313
0.10755
0.08391
-0.47058
-0.21364
-0.36370
-0.46741
-0.31322
-0.48018
-0.61346
-0.22551
0.06099
-0.21006
-0.12606
-0.02647
-0.25490
-0.53557
-0.33026
-0.15519
-0.02257
0.14718
0.17683
-0.19057
-0.47812
-0.40305
-0.19102
-0.26432
-0.33704
0.22025
0.47291
0.22706
0.04317
0.01886
0.09954
0.04443
0.12530
0.43030
0.69762
0.75039
0.41824
0.22803
0.40881
0.46093
0.25197
0.29391
0.17828
0.29244
0.52764
0.57871
0.47874
0.18789
0.17139
0.23723
0.38866
0.75254
0.91580
0.75231
0.60187
0.50954
0.42403
0.18296
0.27809
0.18821
0.46867
0.68979
0.67894
0.72560
0.53481
0.68581
0.34365
0.08786
-0.00789
0.04972
0.12338
0.04270
0.20131
0.50829
0.35670
-0.19815
-0.56008
-0.39661
-0.06785
0.23712
0.42141
0.45519
0.73298
0.22296
-0.15093
-0.19336
0.06341
0.45426
0.39458
0.22791
0.14720
0.26552
0.47578
0.33041
-0.02833
-0.02986
-0.23642
0.05919
0.02526
-0.01798
0.19178
0.30550
0.58730
0.29122
-0.03449
-0.10398
-0.25030
-0.14979
0.30128
0.23928
0.23730
0.15206
-0.09448
-0.13825
-0.06164
0.11424
0.12264
0.12670
0.09550
0.00262
-0.01216
-0.24573
-0.45410
-0.49127
-0.34339
-0.20321
-0.37134
-0.29994
-0.30970
-0.12619
-0.43139
-0.65136
-0.28400
-0.59063
-0.76412
-0.37887
-0.01688
0.01688
-0.22717
-0.47374
-0.48893
-0.45933
-0.40918
-0.39476
-0.45755
-0.20467
-0.11951
-0.19489
0.08607
-0.11735
-0.25411
-0.30431
-0.35583
-0.09409
-0.26136
-0.50568
-0.48445
-0.41142
-0.32270
-0.36252
-0.34477
-0.28692
-0.40781
-0.28140
-0.04497
0.11955
-0.32473
-0.49402
-0.42149
-0.36342
-0.05407
-0.20393
-0.28997
-0.15942
0.03565
-0.01327
-0.12274
-0.37664
-0.34974
-0.22062
-0.36430
-0.10250
0.19176
0.05288
0.07002
0.05369
-0.23329
-0.23673
-0.31810
-0.29494
-0.05722
0.14436
-0.12835
0.09059
0.25180
-0.21444
-0.15788
-0.17634
0.13210
0.10909
0.12579
0.40253
0.30030
0.43560
0.51068
0.51551
0.11939
-0.13291
-0.04838
-0.00078
0.15754
0.17738
0.19676
0.35695
0.21782
-0.04469
-0.11133
0.02089
0.34423
0.54694
0.33498
0.15878
0.46243
0.28201
-0.08002
-0.07355
0.26322
0.55099
0.21530
0.07330
0.07791
0.11026
0.21010
0.16436
0.13112
0.12937
0.29636
-0.04623
0.01767
0.28941
0.24267
0.36831
-0.08938
-0.11422
-0.01686
-0.03886
0.14701
0.10369
0.01327
0.23832
0.40415
0.39562
0.32699
0.16532
0.10591
0.13037
0.25492
0.06901
0.07523
-0.00883
0.01753
0.09939
-0.11145
0.16552
0.18961
-0.11847
0.18943
0.21999
0.00606
0.10979
0.17955
0.19486
-0.03208
-0.20728
-0.25236
0.00294
0.13022
0.00972
-0.08438
-0.03830
0.12141
0.42441
0.40458
0.27794
0.33448
0.02320
0.31324
0.50558
0.35016
0.22534
-0.00269
0.03062
0.12889
0.01064
-0.23698
-0.03594
0.21241
0.23688
0.03811
-0.14619
-0.07936
0.03029
0.00413
-0.05947
0.19988
0.09656
-0.35322
-0.42328
-0.31121
0.04316
0.24062
0.01088
0.01422
0.14615
0.15210
0.01601
0.20153
0.10911
0.02129
0.16476
0.36019
0.40275
-0.08623
-0.02181
-0.18912
-0.04774
0.05904
0.01301
0.05681
-0.14405
-0.07531
-0.20974
-0.21035
-0.14400
-0.04629
-0.04310
0.02196
0.21629
0.05075
-0.11892
0.00945
-0.06805
0.09006
-0.00563
-0.22484
-0.08554
-0.07314
0.05001
-0.07470
-0.21543
-0.25528
-0.33520
-0.21799
-0.09026
-0.13537
-0.17591
-0.13537
-0.06244
-0.05368
-0.02461
-0.01704
-0.04102
-0.01180
0.10302
-0.10809
-0.37215
-0.37978
-0.37031
-0.11584
0.10177
0.03319
-0.12058
-0.43116
-0.40606
-0.22093
-0.20175
0.07627
0.00579
0.07509
0.01506
-0.15243
-0.12813
-0.20272
-0.01027
0.12125
0.25060
0.15571
0.16935
0.28665
0.21104
0.28605
0.11867
0.05635
0.07261
0.11902
0.17030
0.12626
0.14791
-0.02591
-0.02977
-0.13902
0.01537
-0.08982
-0.18573
0.09712
0.02883
0.10223
0.01210
0.06429
0.20010
-0.10916
-0.28297
-0.10252
-0.04744
0.18569
0.29129
0.37229
0.42791
-0.06453
-0.24132
-0.21285
-0.29798
-0.21833
-0.06129
-0.04838
0.01611
0.03212
-0.12168
-0.06443
-0.03587
-0.32454
-0.45637
-0.33751
-0.17084
0.07780
0.44922
0.81962
0.38292
-0.16155
-0.30591
-0.22161
0.09047
0.24264
0.12794
0.02473
0.18772
0.19392
0.27577
-0.02942
-0.17205
-0.04347
-0.08225
0.07367
0.26772
0.18184
-0.07243
0.03993
0.22227
-0.07209
-0.37284
-0.09893
-0.02293
0.25243
0.37974
0.55763
0.51196
0.10335
-0.11155
-0.34445
-0.12723
0.09702
0.27158
0.19848
0.21718
0.16937
0.18463
0.15653
-0.13497
-0.21711
-0.37331
-0.23133
0.13469
0.42436
0.15622
-0.08040
0.36411
0.17358
-0.27390
-0.46029
-0.48170
-0.29889
0.02772
0.28021
0.28685
0.47038
0.20889
-0.05340
-0.08135
0.01080
0.13859
0.16047
0.21711
0.25510
0.25625
0.16793
0.04160
-0.48927
-0.39291
-0.09523
-0.09458
-0.05285
0.06756
0.31101
0.01448
-0.11952
-0.34421
-0.31894
-0.28083
-0.36387
-0.01625
0.12241
0.26726
0.26753
0.07029
-0.24261
-0.14952
-0.20212
-0.22171
0.14831
0.33252
0.58118
0.43918
0.40695
0.47788
0.07928
-0.10369
-0.44128
-0.25441
0.05620
-0.04846
-0.04455
-0.23804
-0.02727
-0.20342
-0.14221
-0.12615
-0.19528
-0.16272
-0.18528
0.16866
0.25867
0.12738
-0.07470
-0.08792
-0.17311
-0.13611
-0.18640
-0.37663
-0.57286
-0.17250
0.14333
0.00558
-0.00345
-0.08673
-0.25809
-0.26765
-0.09757
-0.18375
-0.20588
0.07427
0.10081
-0.11963
-0.01664
-0.16819
-0.28446
-0.40895
-0.42792
-0.16858
0.03618
0.06974
0.08689
0.13249
0.06305
-0.16337
-0.32091
-0.15232
-0.03761
0.12131
0.11690
-0.01919
-0.08574
-0.09157
-0.32438
-0.37366
-0.02691
0.03589
0.01582
0.28553
0.06752
0.09975
0.25331
0.13481
-0.15207
-0.28225
0.18007
-0.25223
-0.19875
0.00412
-0.05881
-0.00999
-0.09394
-0.18571
-0.19159
0.12675
-0.55205
-0.81537
-0.51902
-0.32564
0.09522
0.13421
-0.35982
-0.39866
0.03149
-0.33887
-0.12421
-0.18471
-0.01251
0.72845
0.53147
0.41500
0.09686
0.48323
0.35371
-0.38126
-0.12672
-0.28537
-0.79687
-0.66587
-0.13016
0.07788
0.42807
0.08865
-0.59451
-0.33739
-0.44724
-0.71930
-0.72078
-0.13338
0.23873
0.36500
0.71312
-0.14306
-0.89639
-0.67206
-0.23228
-0.15638
-0.05288
0.09289
0.13132
0.57281
0.85654
0.64859
0.29556
-0.44165
-0.87251
-0.20133
0.57975
-0.00143
-0.88715
-0.22322
0.09784
0.15913
0.64763
0.48790
0.14866
-0.37997
-0.97047
-0.74554
0.32785
1.12039
0.70601
0.07808
0.33078
0.71418
-0.00658
0.04868
0.04845
-0.06674
0.79829
0.57815
0.31412
0.34494
0.40921
-0.08652
0.03166
0.44880
0.36078
0.25911
0.65409
0.42495
0.32684
0.62976
0.01740
0.19949
-0.12419
0.31114
0.33705
-0.04154
-0.23525
0.02855
0.95883
0.80512
0.57105
0.30031
-0.03203
0.10643
-0.03090
-0.16759
0.43899
0.54961
0.63234
0.25480
0.35284
0.10261
0.00084
0.30131
0.27583
0.78368
0.58412
-0.35727
-0.67214
0.25408
0.42307
0.30256
0.13824
-0.07193
-0.36149
0.21473
0.13091
-0.35555
0.07965
0.12710
0.14838
0.20035
0.56309
-0.44421
-0.64769
-0.18495
-0.12430
0.08093
0.63225
0.42641
0.26150
0.84548
0.02431
-0.23676
-0.17132
0.20231
-0.10219
-0.01006
0.02619
-0.27493
-0.06013
-0.15953
-0.06969
0.07453
0.51979
0.33904
0.11314
-0.60417
-0.62827
-0.19091
0.40521
0.46950
0.29353
0.43738
-0.05326
-0.20605
-0.48147
-0.37614
0.04346
0.22632
0.01542
-0.01147
-0.43035
0.19238
-0.14414
-0.74204
0.14085
-0.59071
-0.93727
-0.52934
0.12428
0.07141
0.02300
-0.44553
-0.68368
0.35227
0.26524
-0.22790
-0.26615
0.21857
-0.24811
-0.01694
0.25455
-0.17093
0.48181
0.66496
-0.18030
-0.58718
-0.13600
-0.19141
-0.02168
-0.52219
-0.80373
-0.84519
-0.34317
-0.62548
-0.79086
-0.09331
-1.05715
-0.88542
-0.74454
-0.35410
-0.01588
0.59572
0.40271
0.02524
-0.09989
-0.01435
0.58045
-0.00384
0.77006
0.12457
-0.03627
0.51118
0.40376
0.32056
0.23946
0.56550
-0.05175
0.19015
0.08008
-0.15559
0.20042
0.15990
-0.05322
-0.24525
0.06998
-0.05310
-0.13451
-0.04718
-0.36220
-0.19588
-0.34885
-0.40480
-0.33643
-0.35108
0.00352
0.18262
0.21849
-0.06607
-0.34064
-0.55296
-0.53477
-0.45206
-0.35457
-0.33141
0.00521
0.38682
0.06694
0.02187
0.15370
0.11497
0.04438
0.07190
0.06811
0.11203
0.14128
0.28029
0.38947
0.04625
-0.27599
-0.35309
-0.29671
-0.25240
-0.43486
-0.32676
-0.01681
-0.14727
-0.30231
-0.46440
-0.41332
-0.46540
-0.27282
-0.34082
-0.54597
-0.41732
-0.44918
-0.25253
-0.07350
0.41508
0.26284
-0.00535
0.28318
0.28448
-0.01769
-0.05103
-0.13239
-0.02880
0.33085
0.28673
0.08332
0.15221
0.43347
0.22159
0.29182
0.20172
-0.02261
0.16954
0.19380
-0.24895
-0.40364
-0.28692
-0.24734
-0.10841
-0.00782
-0.12736
0.01419
0.26642
0.03335
0.07347
-0.15389
-0.15255
-0.13249
-0.10409
-0.01642
-0.06703
0.10583
-0.03125
-0.08642
-0.09755
-0.12466
-0.14215
-0.06725
0.08923
0.22239
0.30219
0.19708
0.20630
0.19845
-0.02179
0.03742
0.19742
0.24268
0.07010
-0.02495
0.07528
0.16428
0.11392
0.06447
0.15977
-0.27554
-0.51583
-0.47553
-0.27850
0.04522
0.07622
0.07271
-0.01234
-0.10281
-0.22838
0.01202
0.16806
0.33614
0.34029
-0.05767
-0.13646
-0.19857
0.00276
0.37816
0.47595
0.27065
0.35061
0.27691
-0.06232
-0.03316
0.07856
0.05900
0.10364
0.11317
0.24509
0.47353
0.40906
0.43626
0.26917
0.02366
-0.18110
0.03313
0.12826
0.06763
0.28622
0.28272
0.24477
0.04256
-0.13391
-0.15828
0.05318
0.25160
0.41965
0.41724
0.34891
0.28943
0.00517
-0.15719
-0.23603
-0.16563
-0.08656
0.10341
0.14573
0.11989
0.30963
0.35780
0.24387
-0.11695
-0.23992
-0.45941
-0.58459
-0.42445
-0.25705
0.05223
0.24422
0.22464
-0.12160
-0.26757
-0.25225
-0.17647
-0.06782
0.00058
-0.02918
0.03074
0.08950
0.12901
0.14868
0.06449
0.23670
0.11956
0.04006
0.08029
0.06083
0.32510
0.29145
0.19921
0.29043
0.13482
-0.04651
-0.22942
-0.07618
-0.01472
0.05814
0.08912
-0.24836
-0.22302
-0.14057
-0.08577
0.12029
0.02524
-0.19649
0.00148
0.03049
0.14777
0.08578
-0.13195
0.05694
-0.00468
-0.04495
0.20653
0.09237
-0.07528
0.08963
0.15760
0.05062
-0.12178
-0.07961
-0.04258
-0.07895
-0.16025
0.00305
0.08581
-0.02209
-0.03800
0.03568
0.02365
0.11581
0.21515
0.11381
0.28556
-0.04513
-0.20540
-0.27638
-0.27592
-0.11542
-0.15008
-0.17105
-0.18386
-0.02973
-0.08278
0.14922
-0.07279
-0.19906
-0.17583
-0.27449
-0.10040
0.07609
0.25075
-0.01337
-0.11176
-0.20837
-0.08192
-0.10825
-0.21728
-0.00083
0.02163
0.01382
0.04523
0.05691
0.03201
-0.04119
-0.13864
0.03192
0.20346
0.10225
-0.03426
0.03179
-0.07423
0.00899
0.00791
-0.23116
-0.10676
-0.13090
-0.07850
0.10645
-0.00760
0.02390
0.07982
-0.12700
-0.27823
-0.42392
-0.41694
-0.18107
0.03986
0.02394
0.09324
-0.00830
0.03109
0.18153
-0.00032
-0.10364
-0.28803
-0.23736
-0.08772
0.07080
0.00894
-0.06384
-0.02088
0.19694
0.30707
-0.03032
-0.22069
-0.35524
-0.11690
-0.13583
-0.16705
-0.11696
-0.21728
-0.04941
-0.22798
-0.37500
-0.26026
-0.23483
-0.12660
0.11210
0.05013
-0.08586
-0.23815
-0.27451
-0.16676
-0.16789
-0.02283
0.12823
0.17990
0.12875
0.16962
0.24436
0.20054
0.28415
0.22648
0.06373
0.08395
0.00216
-0.04567
-0.01865
0.02186
-0.07093
0.03998
0.13677
-0.24018
-0.22796
-0.20987
-0.04671
0.15393
-0.02375
0.01820
-0.04066
-0.04631
-0.05673
0.02126
0.04126
0.09073
0.29034
0.08261
0.01518
-0.02470
0.10458
0.21086
0.03432
0.18235
0.15739
0.05481
0.07140
0.10410
0.27779
0.42099
0.48661
0.40068
0.33228
0.18713
0.16914
0.31487
0.22607
0.08328
0.07614
0.00211
0.13183
0.29363
0.31174
0.26201
0.14801
0.30100
0.10730
0.08669
-0.10724
-0.14996
0.09584
-0.02046
0.00180
-0.10522
-0.01595
0.08916
0.14572
0.03469
0.14836
0.09621
-0.06735
0.09465
-0.07286
0.01136
0.14361
-0.01165
-0.13266
-0.24584
-0.25202
-0.08177
-0.01938
-0.08174
-0.18200
-0.04502
-0.13348
-0.24537
-0.12774
-0.21510
-0.15891
-0.10305
-0.04582
-0.17963
-0.02888
-0.07167
-0.12967
0.19042
0.04953
-0.03893
-0.16150
-0.21620
-0.25629
-0.15340
-0.08780
0.07811
0.15229
-0.00131
0.14379
0.09439
0.03631
0.17430
0.22829
-0.02716
0.08128
0.02722
-0.18787
-0.17349
-0.10175
0.11324
0.03522
0.01433
-0.03893
-0.00492
0.06065
0.05650
0.04552
-0.06891
0.00642
0.02966
0.02591
0.08848
0.17617
0.29305
0.12056
0.00298
-0.04229
-0.14463
-0.05094
-0.08199
0.03344
0.23307
0.29333
0.28801
0.19281
0.00712
-0.05970
0.03746
-0.08462
-0.08925
-0.04585
0.02060
0.06935
0.15605
0.16857
0.09043
0.07787
-0.04828
-0.05422
-0.14584
-0.03185
0.11496
-0.04704
-0.04712
-0.10148
-0.16120
-0.10090
-0.12480
0.02357
-0.03956
-0.05070
0.02628
-0.06790
-0.17418
-0.07848
0.09812
0.14247
0.26342
0.09069
0.06580
-0.08793
-0.09866
-0.07242
-0.02246
0.12526
-0.09059
-0.06777
-0.14491
-0.11880
0.01499
-0.00935
-0.08374
-0.14174
-0.13370
-0.00517
-0.01256
-0.02096
0.01425
0.05397
0.12310
-0.08352
-0.13437
-0.17123
-0.09111
0.07796
0.06765
-0.06139
-0.12232
-0.04416
0.03182
-0.05203
-0.15515
0.05537
0.19604
0.24655
0.05988
-0.02324
-0.08375
-0.12739
-0.01729
0.05830
0.23050
0.20126
0.30401
0.24969
0.07349
0.02589
0.02585
-0.06596
-0.15378
-0.26352
-0.28255
0.02197
0.16511
0.16321
0.22414
0.29144
0.11404
-0.04123
-0.20423
-0.25311
-0.25684
-0.12944
-0.18635
-0.20001
0.06431
0.01784
0.13587
0.21265
0.34640
0.24696
0.14488
0.15819
0.10263
0.22727
0.17588
0.01778
0.08527
0.05588
-0.08771
0.04879
0.04589
-0.02138
-0.17665
-0.13496
-0.19492
-0.20552
-0.08969
-0.05431
0.16008
0.10489
0.05643
-0.12401
-0.31547
-0.31930
-0.25098
-0.22092
-0.29314
-0.22829
0.01438
0.06289
0.14015
0.15352
0.18321
0.17587
0.04665
0.19184
0.02552
0.14506
0.25639
0.14820
0.08490
0.06262
0.08878
0.05340
0.09650
0.18676
0.28893
0.13718
0.15136
0.17235
0.24058
0.27148
0.02442
-0.10460
-0.13679
-0.05289
0.15075
-0.01449
-0.13467
-0.11973
-0.21036
-0.16448
-0.12469
-0.04187
-0.09906
-0.13541
-0.08173
-0.04473
-0.03368
-0.18868
-0.36306
-0.17442
-0.07304
-0.11055
-0.09237
-0.13775
-0.19706
-0.12681
0.05860
0.01370
-0.19116
-0.16935
-0.04387
-0.32096
-0.26006
-0.09591
-0.16126
-0.21483
-0.07225
0.12149
0.09232
0.19173
0.08494
0.11309
0.29441
0.16377
-0.00400
0.02467
0.00697
-0.10519
-0.01720
0.08084
-0.05186
-0.06650
0.11234
-0.04560
-0.10372
-0.03678
-0.10944
-0.10802
-0.11625
-0.01817
-0.13481
-0.03143
-0.08354
-0.26675
-0.17519
-0.13740
-0.04329
-0.00607
0.07306
0.00975
-0.00874
-0.01429
-0.01195
-0.02004
-0.05396
-0.09889
-0.02932
-0.04275
-0.01759
-0.01433
-0.01234
0.10636
0.11992
0.22892
0.18109
0.11995
-0.02472
-0.02865
-0.03356
0.11134
0.09707
-0.05610
-0.10447
-0.26735
-0.11878
-0.03596
-0.05491
-0.13941
-0.15019
-0.16758
-0.34923
-0.22305
-0.18915
-0.30221
-0.03882
-0.00225
-0.11703
0.01973
0.16514
0.05496
0.12524
0.13968
-0.04295
0.01412
-0.04432
-0.11894
-0.11375
0.06480
-0.07136
-0.27666
-0.11099
-0.14062
-0.13664
-0.11111
-0.15665
-0.05901
0.02102
0.12777
0.05468
0.08109
0.18774
0.03598
-0.04336
-0.00009
0.03183
0.01768
0.14465
0.18449
0.23332
0.22144
0.23332
0.30773
0.17381
-0.01048
-0.12743
-0.08197
-0.04556
-0.03506
0.00686
0.06059
0.11403
0.12513
0.02229
0.09098
0.25526
0.26034
0.07883
0.03682
0.06987
0.08349
0.13468
0.05852
0.04062
0.09526
0.16537
-0.01562
0.01884
0.14342
0.13027
0.22605
0.20252
0.14688
0.25070
0.23175
0.12964
0.20646
0.30838
0.35786
0.18872
0.16212
0.24439
0.26513
0.34294
0.29331
0.30175
0.27538
0.17008
0.16354
0.13080
0.24530
0.13875
0.13320
0.27979
0.21733
0.38277
0.44654
0.23997
0.09747
0.12635
0.17646
0.26799
0.32994
0.37460
0.26744
0.31423
0.30574
0.10666
0.13684
0.16142
0.11489
0.14164
0.23474
0.10542
0.05306
0.26096
0.34601
0.26997
0.23556
0.08411
0.06625
0.25024
0.39685
0.39991
0.46178
0.51267
0.36357
0.31194
0.28965
0.12415
0.06760
0.18489
0.06617
0.07868
0.12109
0.14052
0.11840
0.17205
0.26497
0.27030
0.37202
0.15836
0.01412
0.06901
0.16387
0.18487
0.13714
0.01821
0.00047
-0.07181
-0.15417
-0.06828
-0.21039
-0.21516
-0.35185
-0.50963
-0.29339
-0.20468
-0.29620
-0.20289
-0.19537
-0.33092
-0.39295
-0.28570
-0.21293
-0.30561
-0.21884
-0.22661
-0.22303
-0.22502
-0.18097
-0.21712
-0.23952
-0.20944
-0.36916
-0.36052
-0.27681
-0.32240
-0.40661
-0.30413
-0.31208
-0.34946
-0.30746
-0.32245
-0.39290
-0.33621
-0.33337
-0.50736
-0.47471
-0.32983
-0.20555
-0.16925
-0.20462
-0.27655
-0.31552
-0.17258
-0.25293
-0.54428
-0.52214
-0.49688
-0.54436
-0.47823
-0.44620
-0.38922
-0.27431
-0.30373
-0.29261
-0.47257
-0.45674
-0.24588
-0.39347
-0.37292
-0.30065
-0.17938
-0.08605
-0.14784
-0.18177
-0.21325
-0.24733
-0.26946
-0.38303
-0.49072
-0.46161
-0.34385
-0.35103
-0.42251
-0.31645
-0.21214
-0.19584
-0.26366
-0.35328
-0.41783
-0.39567
-0.29132
-0.24408
-0.24477
-0.19650
-0.11419
-0.19998
-0.21644
-0.18286
-0.31236
-0.27944
-0.30098
-0.26060
-0.27831
-0.28480
-0.10230
-0.08392
-0.10669
-0.16935
-0.14068
-0.05960
-0.03403
-0.09595
-0.14407
-0.06044
0.02431
0.09770
0.09095
0.19871
0.32781
0.06903
-0.09518
-0.15120
-0.11832
-0.06438
-0.07545
0.10328
0.23326
0.22525
0.16981
0.28302
0.30924
0.29523
0.16562
0.01405
0.10794
0.19894
0.23851
0.13837
0.15244
0.26181
0.26359
0.30965
0.23699
0.13403
0.25962
0.33963
0.24723
0.16077
0.20434
0.21103
0.28145
0.27800
0.20493
0.37591
0.35719
0.28623
0.30541
0.34640
0.47050
0.34136
0.30665
0.45611
0.36788
0.38355
0.47595
0.44136
0.34438
0.28968
0.31769
0.26584
0.33405
0.34690
0.26349
0.20215
0.05897
0.07021
0.05112
-0.02835
0.11608
0.24158
0.35984
0.40300
0.37148
0.29811
0.21343
0.25563
0.11026
0.00788
-0.04712
0.01949
0.09246
0.03854
0.25507
0.37137
0.18882
0.16401
0.19000
0.14847
0.22193
0.16648
0.05297
0.10282
0.31822
0.28636
0.22124
0.25721
0.24237
0.15661
0.08792
0.23971
0.10023
0.14669
0.30731
0.03341
0.01964
0.23487
0.25531
0.26795
0.15516
0.17781
0.24237
0.13460
0.29044
0.20094
-0.04001
0.03483
0.09875
0.00981
0.06127
0.04155
-0.00178
0.16677
0.15534
-0.05509
-0.07832
-0.00448
-0.06044
0.07466
0.02975
-0.00572
0.12940
0.00722
-0.13421
-0.17880
-0.32581
-0.27644
-0.19980
-0.36778
-0.33020
-0.37736
-0.36031
-0.29341
-0.13243
-0.03904
-0.11519
-0.23729
-0.34268
-0.22469
-0.45562
-0.35960
-0.00873
-0.04793
0.04163
0.02443
-0.24108
-0.38761
-0.50724
-0.43806
-0.44036
-0.32203
-0.03000
-0.25539
-0.19087
0.03922
-0.09403
-0.04234
-0.20400
-0.50132
-0.30423
-0.15031
-0.19299
-0.38841
-0.07871
0.12517
0.16300
0.32729
-0.07671
0.01745
0.12677
0.10293
0.02285
0.06385
0.14011
0.02257
-0.18782
-0.30116
-0.19402
-0.37837
-0.22312
-0.31807
-0.47935
-0.41765
-0.31283
-0.26477
-0.20377
-0.19474
-0.66047
-0.20859
-0.06877
-0.11673
0.18918
-0.41484
-0.36585
-0.35601
-0.36049
0.05216
0.00576
-0.11386
0.25745
0.10690
-0.25797
0.29888
0.12541
-0.12071
-0.27852
-0.34013
-0.15687
0.07860
0.14545
-0.11906
0.21617
0.34245
0.20970
-0.04625
-0.59130
-0.47621
-0.18111
-0.17189
-0.12994
-0.27026
0.16956
0.40201
0.15233
0.03360
-0.13436
0.07391
0.07838
0.04066
0.05301
0.03340
0.29217
0.20366
0.12151
0.17177
0.38493
0.46316
-0.09936
-0.20983
0.23010
0.26691
0.36854
0.22193
0.04304
0.35179
0.31521
0.23406
-0.21055
-0.15796
0.08410
0.12534
0.36836
0.19417
0.07344
0.28748
0.16804
-0.08966
0.01294
0.14859
0.15563
-0.16274
-0.06668
-0.01164
-0.27930
-0.31703
-0.05843
-0.38361
0.01158
0.46943
-0.01132
0.03920
0.00711
-0.06159
-0.50311
-0.25697
-0.13142
-0.15070
0.22098
0.25567
0.56810
0.19804
0.17850
0.18136
-0.31476
0.10017
-0.09774
-0.17795
-0.07265
-0.10542
0.35111
0.08377
0.12250
-0.37777
-0.46423
0.16889
-0.14997
-0.03607
0.07214
0.01438
-0.17647
-0.13716
0.30383
0.61230
0.52478
-0.04248
-0.09841
0.02974
0.43754
0.42417
-0.00700
-0.16428
-0.09348
0.09417
0.47510
0.44027
-0.07631
0.30231
-0.15147
-0.57990
-0.11337
-0.04501
-0.34108
0.34324
0.45297
0.22424
0.76239
0.24237
-0.18668
-0.11245
0.08708
-0.22006
-0.37287
-0.37162
0.16327
0.38457
0.17792
0.57137
0.51308
0.02226
0.03129
0.04959
-0.33687
-0.25718
-0.43275
-0.17449
0.26979
0.75577
0.83482
0.18321
0.14691
0.02508
-0.41666
-0.12199
-0.05234
-0.24821
0.18182
0.47149
0.48014
0.50706
0.64180
0.13126
-0.38974
-0.40277
-0.39428
-0.00018
0.03726
0.18442
0.55728
0.16644
-0.24442
-0.05444
0.42332
0.10239
0.18739
0.33507
-0.25069
0.24865
0.55372
-0.12302
0.17041
0.55746
0.23776
0.18983
0.20800
0.02536
-0.26987
-0.27403
-0.39284
-0.40888
-0.30553
-0.25211
-0.21889
-0.23083
-0.25449
0.28723
0.65985
0.19072
0.10745
0.22724
-0.03628
-0.18527
0.00133
-0.18332
0.08938
0.43167
0.29833
0.23566
0.38020
0.11274
0.08820
0.33134
-0.03747
-0.11895
-0.15961
0.00937
0.28613
0.18587
0.09875
0.37537
0.22572
-0.14697
-0.15444
-0.17865
-0.47130
-0.54190
-0.33978
-0.34367
-0.17156
-0.01685
-0.05051
-0.12632
-0.02723
-0.12237
-0.24527
-0.14029
-0.26697
-0.42444
-0.46510
-0.47163
-0.26043
-0.10095
-0.25918
-0.21273
-0.04282
-0.07254
0.03453
-0.16766
-0.27126
-0.12558
-0.21777
-0.28875
-0.34722
-0.23470
-0.26064
-0.23311
-0.18168
-0.12506
-0.25574
-0.36669
-0.32274
-0.43122
-0.41042
-0.42472
-0.44259
-0.39032
-0.37834
-0.27840
-0.07297
-0.07554
-0.08320
-0.23720
-0.32178
-0.36458
-0.45954
-0.43232
-0.51237
-0.46757
-0.26032
-0.23614
-0.20816
-0.30284
-0.38686
-0.23063
-0.33020
-0.36199
-0.45770
-0.37931
-0.24455
-0.10572
-0.18186
-0.32931
0.07670
0.18379
0.08450
0.08811
0.07721
0.02799
0.14027
0.18704
0.05431
-0.04677
-0.05609
-0.06390
-0.06992
-0.04477
0.00364
0.16759
0.12823
0.03946
0.09664
0.21484
0.29847
0.19893
0.11718
0.23230
0.30710
0.41715
0.38527
0.33120
0.31682
0.27538
0.40400
0.33034
0.17471
0.18888
0.19017
0.12582
0.23949
0.33397
0.25113
0.14844
0.11816
0.09180
0.12577
0.27389
0.38906
0.34049
0.22572
0.17743
0.17913
0.05882
0.07692
0.26047
0.23326
0.28640
0.42834
0.50257
0.42677
0.34899
0.17278
0.02969
0.11817
0.20869
0.06579
0.09867
0.09817
0.14055
0.34856
0.16962
0.06488
-0.00839
-0.05632
-0.16626
-0.12034
-0.09329
0.02208
0.26936
0.22205
0.20784
0.40587
0.44753
0.28494
0.30818
0.25759
0.20782
0.15402
0.17114
0.02803
0.00690
0.17375
0.17929
0.31895
0.37558
0.39858
0.26361
0.11891
0.07837
-0.01137
0.01758
0.13351
0.15175
0.11163
0.18513
0.25863
0.25859
0.26017
0.17777
0.01665
-0.04936
-0.22209
-0.29132
-0.36548
-0.37564
-0.24490
-0.09325
0.05403
0.05601
0.15272
-0.04105
-0.21619
-0.31937
-0.43296
-0.49991
-0.47905
-0.33911
-0.38776
-0.29000
-0.06148
-0.02797
-0.06091
-0.07615
-0.13707
-0.13169
-0.24023
-0.35593
-0.41949
-0.43844
-0.38914
-0.17586
0.20141
0.25175
0.08213
-0.07870
-0.24395
-0.35991
-0.41134
-0.39787
-0.37373
-0.28323
-0.23205
-0.09681
0.13039
0.17357
0.21781
0.18222
0.00409
-0.06592
-0.12629
-0.16972
-0.26541
-0.40352
-0.38883
-0.33037
-0.13492
0.03350
0.06102
-0.01459
-0.07457
-0.12501
-0.17412
-0.26654
-0.35450
-0.45437
-0.37796
-0.21591
-0.27720
-0.09840
-0.02810
0.05698
0.02809
-0.06018
-0.07060
-0.18866
-0.22051
-0.34057
-0.37879
-0.27717
-0.11464
0.07885
0.23294
0.14189
0.07047
0.05182
-0.06519
-0.15314
-0.15109
-0.10362
-0.06379
-0.08182
0.01192
0.17211
0.27216
0.31782
0.12857
0.10919
0.10330
0.12324
0.05047
-0.19560
-0.20311
-0.20054
-0.13277
-0.02671
0.14161
0.27978
0.29983
0.21383
0.10990
0.07643
-0.03302
-0.12519
-0.19002
-0.16621
-0.09975
0.00190
0.02422
-0.07567
-0.03359
0.05207
0.16404
0.24919
0.21696
0.09832
-0.06057
-0.09384
-0.03961
0.05820
0.17968
0.26786
0.21971
0.23232
0.17906
0.06686
-0.03681
-0.23539
-0.25088
-0.20038
-0.06847
0.06075
0.14135
0.09159
0.01326
-0.05505
0.03316
0.20680
0.29130
0.26595
0.02534
-0.07033
-0.13577
-0.09519
0.01987
0.14500
0.19495
0.11850
0.10447
0.14642
0.15189
0.09815
-0.08970
-0.21784
-0.19776
-0.09821
0.05109
0.09606
0.13182
0.01140
-0.06624
-0.10563
-0.00693
0.06088
0.01655
-0.08315
-0.18214
-0.07591
-0.00726
0.17583
0.22083
0.18662
0.22792
0.13614
0.03589
0.07897
0.02011
-0.11796
-0.16519
-0.15802
-0.05839
0.10385
0.12198
0.01872
-0.00918
-0.07385
-0.06733
-0.07536
-0.07645
-0.10367
-0.11063
-0.12960
-0.07098
0.07654
0.19678
0.31273
0.28062
0.23566
0.10119
0.00419
-0.05021
0.04220
0.04906
0.08489
0.23822
0.26338
0.28353
0.20646
0.15831
0.15999
0.17696
0.09905
0.07252
0.04265
-0.00464
0.00105
0.09738
0.16799
0.23125
0.39975
0.39467
0.31317
0.29198
0.19532
0.12022
0.09752
0.06372
0.10901
0.10496
0.20589
0.21973
0.23437
0.27811
0.21404
0.14415
0.06844
-0.04570
-0.12415
-0.09383
-0.16209
-0.14822
-0.17468
-0.11609
-0.05753
0.06764
0.17941
0.17464
0.23897
0.16457
0.06079
-0.02741
-0.03538
-0.03824
0.03244
0.06926
0.15523
0.20205
0.20546
0.25921
0.13880
0.04711
0.02817
0.06798
0.04618
0.03791
0.01082
-0.09641
-0.11830
-0.06705
0.08040
0.19768
0.24519
0.24516
0.21631
0.18224
0.06405
-0.00565
-0.04432
-0.05706
-0.12004
-0.12089
0.04024
0.11190
0.13939
0.15602
0.09693
-0.05381
-0.12388
-0.19864
-0.21660
-0.27928
-0.35888
-0.31255
-0.29646
-0.23518
-0.18086
-0.09081
-0.04371
0.04634
0.09446
0.04729
-0.05447
-0.13708
-0.25019
-0.43744
-0.42062
-0.34600
-0.22879
-0.12551
-0.09514
-0.10893
-0.12842
-0.13633
-0.18330
-0.20058
-0.24564
-0.26598
-0.30342
-0.34834
-0.26939
-0.24974
-0.17929
-0.06493
-0.04358
-0.02353
-0.04649
-0.14305
-0.22302
-0.28652
-0.34823
-0.32929
-0.30358
-0.22654
-0.15410
-0.11901
-0.09556
-0.08106
-0.13800
-0.20574
-0.28874
-0.36536
-0.37820
-0.36545
-0.39377
-0.44106
-0.41076
-0.38304
-0.27036
-0.25919
-0.18057
-0.11804
-0.02867
0.02490
-0.04683
-0.09915
-0.17256
-0.12387
-0.09541
-0.04623
-0.04611
-0.00238
0.03546
0.08634
0.05989
0.05890
0.09917
0.11277
0.04746
-0.08800
-0.09501
-0.11150
-0.03571
-0.00082
0.11104
0.15171
0.20628
0.32336
0.34800
0.34125
0.27072
0.24726
0.18862
0.13587
0.12370
0.21629
0.29667
0.33146
0.30463
0.29155
0.28166
0.24411
0.31959
0.22625
0.06435
0.05493
0.02161
-0.00848
0.06814
0.08646
0.08382
0.14073
0.22311
0.22400
0.19581
0.23397
0.18040
0.18951
0.15699
0.01007
-0.01732
0.07111
0.16089
0.23277
0.23865
0.17341
0.12604
0.09261
0.06163
-0.00978
-0.02540
0.00592
-0.08912
-0.10454
-0.08435
-0.14510
0.01432
0.08595
0.11526
0.13248
0.10883
0.18898
0.13630
0.14051
0.17014
0.15090
0.15973
0.29060
0.36433
0.42197
0.50261
0.37619
0.27930
0.19108
0.06364
0.04731
0.14132
0.16937
0.15572
0.15160
0.09369
0.09984
0.18331
0.26349
0.28818
0.29842
0.22949
0.13546
0.14379
0.12128
0.10185
0.17186
0.17048
0.12021
0.16468
0.13278
0.16610
0.18205
0.09304
0.11764
0.02280
-0.10566
-0.12265
-0.15031
-0.21319
-0.29357
-0.37890
-0.35345
-0.29730
-0.24950
-0.12180
-0.08355
-0.13751
-0.22772
-0.26973
-0.20365
-0.16775
-0.19519
-0.19105
-0.15232
-0.13148
-0.05785
-0.01685
-0.03818
-0.06313
-0.08896
-0.11765
-0.14884
-0.07960
-0.11225
-0.13461
-0.11805
-0.17329
-0.23578
-0.32616
-0.28504
-0.17615
-0.04802
-0.01305
-0.05466
-0.08004
-0.16221
-0.21740
-0.26259
-0.31264
-0.25244
-0.20728
-0.19876
-0.15052
-0.12835
-0.11402
-0.06887
-0.01302
-0.04938
-0.19819
-0.30517
-0.27863
-0.29627
-0.27328
-0.23923
-0.27031
-0.30146
-0.30587
-0.18617
-0.10777
-0.04995
-0.10163
-0.14993
-0.18465
-0.32703
-0.34137
-0.32500
-0.23433
-0.20476
-0.18218
-0.07772
-0.04344
0.01074
-0.01769
-0.01153
-0.03209
-0.06679
-0.11853
-0.15843
-0.05463
-0.13184
-0.18379
-0.13785
-0.13317
-0.12653
-0.12020
-0.01432
0.04218
0.06231
0.09549
-0.00653
-0.10013
-0.13648
-0.19159
-0.21891
-0.20604
-0.20819
-0.21110
-0.13838
-0.08772
0.01130
0.07570
0.04445
0.02128
0.01995
-0.03627
-0.12353
-0.13414
-0.13567
-0.12488
-0.20334
-0.26177
-0.18322
-0.05631
0.05943
0.18584
0.18029
0.07980
0.02443
0.00002
0.00492
-0.05643
-0.06883
-0.05761
-0.03471
0.01618
0.08527
0.14169
0.17547
0.20647
0.20642
0.27606
0.28661
0.18458
0.17914
0.19141
0.10338
0.03212
0.02887
0.03971
0.06002
0.13651
0.24814
0.41315
0.50335
0.40788
0.30694
0.31215
0.28344
0.20120
0.20102
0.19475
0.18673
0.22495
0.24085
0.27658
0.35010
0.40854
0.42904
0.39655
0.33678
0.32499
0.30218
0.23024
0.18478
0.16610
0.14929
0.17142
0.20096
0.24064
0.32083
0.38471
0.37675
0.35035
0.32470
0.17927
0.11474
0.09251
0.03052
0.01803
-0.00576
0.00214
0.05162
0.08399
0.09804
0.30121
0.48186
0.43215
0.38980
0.28823
0.12119
0.02117
-0.05090
-0.03143
-0.04342
-0.02315
0.03137
0.12953
0.25920
0.31140
0.40437
0.33840
0.26089
0.24490
0.25605
0.28230
0.25383
0.24401
0.23354
0.27542
0.29469
0.26981
0.32294
0.36594
0.40910
0.46095
0.52338
0.56788
0.51783
0.43329
0.28270
0.19309
0.07014
0.04065
0.08668
0.11127
0.17230
0.13800
0.11297
0.07176
0.08289
0.08432
0.05289
0.02704
-0.06175
-0.15276
-0.23514
-0.22244
-0.21011
-0.26217
-0.24996
-0.22755
-0.21779
-0.24954
-0.25342
-0.13796
-0.05419
-0.04757
-0.08101
-0.14068
-0.24351
-0.39027
-0.45214
-0.41822
-0.27760
-0.17705
-0.11977
-0.08000
-0.13900
-0.15741
-0.18781
-0.18247
-0.20141
-0.22782
-0.22732
-0.27024
-0.26744
-0.18563
-0.19394
-0.27674
-0.26927
-0.29086
-0.29862
-0.19872
-0.10501
-0.07583
-0.05111
-0.07306
-0.08363
-0.14222
-0.28249
-0.34916
-0.36097
-0.31042
-0.22055
-0.16312
-0.12705
-0.19403
-0.27487
-0.26746
-0.28634
-0.36163
-0.39234
-0.34446
-0.30648
-0.29294
-0.33069
-0.35225
-0.34902
-0.34476
-0.35194
-0.39951
-0.39472
-0.33237
-0.35072
-0.33492
-0.22562
-0.15170
-0.17900
-0.23470
-0.23168
-0.22734
-0.22128
-0.27326
-0.25368
-0.19872
-0.12953
-0.13661
-0.20330
-0.20009
-0.28665
-0.30122
-0.23190
-0.20678
-0.20967
-0.22904
-0.22980
-0.24268
-0.28859
-0.28064
-0.31223
-0.35214
-0.34169
-0.30066
-0.24004
-0.14763
-0.04663
-0.05314
-0.11176
-0.17153
-0.21026
-0.24993
-0.20238
-0.12098
-0.06109
-0.06327
-0.08251
-0.13113
-0.19121
-0.12949
-0.06709
-0.02528
-0.00830
0.01774
0.03740
0.03273
-0.02745
-0.05155
-0.02342
-0.03029
-0.03820
-0.04098
-0.04307
0.01069
0.06055
0.10840
0.19670
0.22691
0.23552
0.17899
0.19981
0.24166
0.28760
0.36008
0.38052
0.41536
0.35760
0.30605
0.32437
0.28369
0.23669
0.23891
0.28027
0.30628
0.28162
0.36571
0.40665
0.41884
0.39824
0.33022
0.32890
0.25462
0.22397
0.23970
0.24109
0.30051
0.35015
0.36835
0.38007
0.38268
0.41530
0.44498
0.48660
0.51836
0.54058
0.49505
0.42926
0.35676
0.26521
0.19128
0.12218
0.12962
0.15891
0.19095
0.21837
0.26926
0.28080
0.30117
0.30638
0.25179
0.20272
0.17326
0.12711
0.09334
0.10127
0.10199
0.12684
0.14079
0.12584
0.10661
0.12326
0.19974
0.30715
0.31280
0.30084
0.26724
0.21338
0.14860
0.10207
0.11003
0.11467
0.16212
0.15985
0.19313
0.24221
0.22327
0.21085
0.23623
0.26977
0.29677
0.27597
0.23828
0.22798
0.18601
0.12065
0.08143
0.07844
0.05583
0.02290
0.01505
0.06277
0.11151
0.13190
0.17140
0.16168
0.14346
0.14411
0.07085
-0.00562
-0.01776
-0.01798
-0.03948
-0.05953
-0.10786
-0.13815
-0.10783
-0.06143
-0.04123
-0.06419
-0.07688
-0.09610
-0.12710
-0.17264
-0.21827
-0.27434
-0.31517
-0.29500
-0.28242
-0.28896
-0.30173
-0.27715
-0.23409
-0.15961
-0.05005
-0.01076
0.01608
-0.01165
-0.08517
-0.08760
-0.07316
-0.07248
-0.10326
-0.18050
-0.24993
-0.22225
-0.16896
-0.12696
-0.11207
-0.08728
-0.05254
-0.07794
-0.11746
-0.18834
-0.17220
-0.19590
-0.29952
-0.34383
-0.37724
-0.41009
-0.39425
-0.34591
-0.30258
-0.26971
-0.23392
-0.15626
-0.10493
-0.06895
-0.09258
-0.10029
-0.11659
-0.12322
-0.14194
-0.27470
-0.37782
-0.43647
-0.42783
-0.37630
-0.30184
-0.21852
-0.14681
-0.09662
-0.07606
-0.06890
-0.07691
-0.10538
-0.15128
-0.20346
-0.22108
-0.20468
-0.18056
-0.17894
-0.21239
-0.22657
-0.18088
-0.11880
-0.06357
-0.04470
-0.03315
0.01042
0.04929
0.03301
-0.03060
-0.06370
-0.11226
-0.11659
-0.15977
-0.15106
-0.11149
-0.14209
-0.13811
-0.13351
-0.12940
-0.12901
-0.12174
-0.14991
-0.14040
-0.17290
-0.19828
-0.22623
-0.30459
-0.31003
-0.28738
-0.26756
-0.22556
-0.21627
-0.21304
-0.12194
-0.07161
-0.03820
0.01101
0.05409
0.07872
0.07107
0.02260
-0.02707
-0.02748
-0.04655
-0.09117
-0.13228
-0.13120
-0.07522
-0.01460
0.00566
0.03042
0.06075
0.09027
0.10636
0.08997
0.05973
0.04999
0.05511
0.03016
0.00356
0.00631
0.05496
0.05627
0.04934
0.09115
0.14722
0.21353
0.18118
0.16264
0.20651
0.22419
0.23986
0.25234
0.24383
0.20061
0.15750
0.11608
0.10015
0.09240
0.11523
0.12955
0.11562
0.14846
0.22332
0.30765
0.29938
0.25343
0.20239
0.14577
0.08820
0.09007
0.08124
0.06346
0.08019
0.05607
0.05898
0.03852
0.03537
0.03982
0.08109
0.09046
0.08849
0.13719
0.16960
0.18913
0.14640
0.06380
0.04455
0.06610
0.02218
0.00247
-0.01079
0.01272
0.02425
-0.00040
0.02090
0.06571
0.08753
0.12478
0.17258
0.19965
0.20164
0.17115
0.16909
0.15497
0.15871
0.16561
0.16734
0.15906
0.17641
0.20821
0.23777
0.26733
0.29190
0.29611
0.28801
0.31873
0.36796
0.38255
0.35723
0.33960
0.30484
0.27856
0.20628
0.16246
0.12913
0.11786
0.14092
0.14592
0.14646
0.13121
0.15488
0.17764
0.20066
0.18000
0.17599
0.15411
0.12560
0.10845
0.06166
0.01263
-0.05161
-0.06144
-0.09331
-0.13352
-0.10709
-0.06943
-0.05125
-0.05330
-0.06532
0.00974
0.06982
0.00757
-0.03996
-0.05406
-0.06722
-0.10899
-0.11621
-0.09447
-0.13018
-0.14407
-0.11313
-0.06772
-0.02039
0.01539
0.04206
0.05713
0.05628
0.04999
0.01942
-0.01792
0.00436
0.00259
-0.02197
-0.04731
-0.08340
-0.10435
-0.11287
-0.10755
-0.11998
-0.11449
-0.11588
-0.13518
-0.13152
-0.09226
-0.04917
-0.03172
-0.04657
-0.08482
-0.13412
-0.15610
-0.18267
-0.22657
-0.25952
-0.28673
-0.26017
-0.23049
-0.18307
-0.17245
-0.18163
-0.14128
-0.11608
-0.13871
-0.16351
-0.18749
-0.18645
-0.17859
-0.21843
-0.21329
-0.21481
-0.21444
-0.20964
-0.19359
-0.17715
-0.19993
-0.16898
-0.10554
-0.07574
-0.03131
-0.01993
-0.05316
-0.07799
-0.11204
-0.13060
-0.16016
-0.18764
-0.21261
-0.19622
-0.17090
-0.18438
-0.18428
-0.19928
-0.21610
-0.17777
-0.16329
-0.17771
-0.16647
-0.14543
-0.14217
-0.17965
-0.20185
-0.21453
-0.23213
-0.24964
-0.25467
-0.25269
-0.25182
-0.27308
-0.27604
-0.26742
-0.23985
-0.18650
-0.14898
-0.10650
-0.09771
-0.07120
-0.07516
-0.10749
-0.10703
-0.09621
-0.09342
-0.11292
-0.15371
-0.16070
-0.12389
-0.10619
-0.06529
-0.03298
-0.00497
0.00265
0.00266
0.04295
0.05947
0.03832
0.01590
0.00689
-0.00250
0.02205
0.07002
0.09105
0.07549
0.07857
0.05337
0.02466
0.05246
0.06722
0.10768
0.11593
0.13715
0.17635
0.18367
0.22455
0.20362
0.17821
0.17060
0.14010
0.13450
0.13557
0.15239
0.16235
0.15171
0.16301
0.20049
0.22284
0.21154
0.17993
0.17459
0.18474
0.20507
0.25673
0.29100
0.27568
0.21240
0.16395
0.16440
0.16166
0.14490
0.12181
0.07455
0.04575
0.07694
0.10412
0.10388
0.08449
0.05438
0.06250
0.06413
0.08124
0.10231
0.08214
0.08565
0.11544
0.14081
0.16356
0.16519
0.13725
0.13636
0.12437
0.12685
0.13366
0.16089
0.21249
0.21349
0.24288
0.29991
0.35666
0.37897
0.35966
0.31312
0.29066
0.28436
0.28197
0.27772
0.23713
0.22469
0.22822
0.25467
0.28655
0.31268
0.31204
0.28914
0.25683
0.22013
0.22816
0.22211
0.19571
0.17220
0.17941
0.15816
0.11867
0.10003
0.03595
-0.00671
-0.02025
-0.05270
-0.05094
-0.02810
-0.03625
-0.01919
-0.03500
-0.07024
-0.08492
-0.10323
-0.13454
-0.15788
-0.14899
-0.19735
-0.23572
-0.22140
-0.19996
-0.20507
-0.18389
-0.19324
-0.22873
-0.19847
-0.16596
-0.13737
-0.14083
-0.14835
-0.12982
-0.10045
-0.06914
-0.04378
-0.05093
-0.03052
-0.04936
-0.08582
-0.07607
-0.09116
-0.08573
-0.10175
-0.12550
-0.14930
-0.14424
-0.11904
-0.09446
-0.08020
-0.06918
-0.04458
-0.03911
-0.05622
-0.12084
-0.15316
-0.15933
-0.18211
-0.19321
-0.18925
-0.17993
-0.17867
-0.19726
-0.21694
-0.22691
-0.21973
-0.19639
-0.14632
-0.09191
-0.08747
-0.08919
-0.09705
-0.12537
-0.13218
-0.13718
-0.16772
-0.15400
-0.14401
-0.17390
-0.19652
-0.18408
-0.15484
-0.15386
-0.16889
-0.19439
-0.20182
-0.18698
-0.14682
-0.10724
-0.05202
-0.00492
0.00254
-0.02403
-0.04598
-0.04909
-0.09705
-0.13723
-0.14098
-0.11699
-0.09662
-0.07285
-0.03841
-0.02238
-0.03647
-0.06666
-0.06921
-0.04517
-0.02902
-0.00578
0.03063
0.03020
0.02553
0.01195
-0.03906
-0.07718
-0.06940
-0.06281
-0.07927
-0.06864
-0.04422
-0.04828
-0.05155
-0.06264
-0.03845
0.00043
-0.01190
0.00580
0.01742
0.02537
0.02904
0.02992
0.07052
0.09356
0.10170
0.12088
0.10024
0.06689
0.08444
0.09252
0.08325
0.10437
0.17700
0.22363
0.22226
0.21556
0.23125
0.25072
0.23533
0.21521
0.20633
0.21342
0.19119
0.17544
0.16568
0.15016
0.16601
0.19475
0.23525
0.26390
0.25075
0.22441
0.19463
0.19501
0.22680
0.21989
0.24279
0.28506
0.30392
0.29261
0.25136
0.22700
0.21156
0.21181
0.21907
0.19614
0.16159
0.14023
0.13422
0.13901
0.12580
0.11862
0.11930
0.12866
0.13188
0.10764
0.07648
0.07233
0.08968
0.08521
0.06586
0.02818
-0.00202
-0.03615
-0.08647
-0.10932
-0.10813
-0.09418
-0.07146
-0.06079
-0.05315
-0.05000
-0.05634
-0.07421
-0.07025
-0.03420
-0.02699
-0.02289
-0.01116
-0.01485
-0.02496
-0.00467
0.04023
0.05626
0.03457
0.01305
0.00524
0.00181
-0.01152
-0.01416
0.02053
0.03226
0.04396
0.07187
0.09464
0.11008
0.11966
0.13986
0.17099
0.19439
0.18360
0.14787
0.10392
0.09475
0.08567
0.07920
0.08495
0.06167
0.04378
0.03753
0.02807
0.00026
-0.01945
-0.02983
-0.04795
-0.05886
-0.06368
-0.08054
-0.12494
-0.15282
-0.15386
-0.14997
-0.15933
-0.19681
-0.21718
-0.22874
-0.25170
-0.26433
-0.26763
-0.28052
-0.28657
-0.25500
-0.24181
-0.23865
-0.23387
-0.22738
-0.20628
-0.20528
-0.20764
-0.19664
-0.17881
-0.18708
-0.17942
-0.14364
-0.13732
-0.14750
-0.14438
-0.12047
-0.09299
-0.06137
-0.05673
-0.07634
-0.07545
-0.06301
-0.07020
-0.11541
-0.15230
-0.15818
-0.14587
-0.12096
-0.10135
-0.08655
-0.09186
-0.09921
-0.10368
-0.12914
-0.13760
-0.13486
-0.14102
-0.13244
-0.12349
-0.12047
-0.13338
-0.16293
-0.15303
-0.13209
-0.13031
-0.14003
-0.16472
-0.18540
-0.19518
-0.18546
-0.15535
-0.12351
-0.14078
-0.14944
-0.12904
-0.12892
-0.15120
-0.17530
-0.15105
-0.13305
-0.12051
-0.08153
-0.06048
-0.05835
-0.04490
-0.04642
-0.05184
-0.04026
-0.02999
-0.02363
-0.02820
-0.03104
-0.02023
-0.01121
-0.02464
-0.02650
-0.03445
-0.05053
-0.04951
-0.04290
-0.03246
-0.02562
-0.03829
-0.04457
-0.03082
-0.02315
-0.04229
-0.08741
-0.10597
-0.10609
-0.09460
-0.10797
-0.14086
-0.13425
-0.11252
-0.10403
-0.10320
-0.11247
-0.12569
-0.11802
-0.09911
-0.07796
-0.07117
-0.06479
-0.05754
-0.04719
-0.04989
-0.06093
-0.05552
-0.06851
-0.06579
-0.02888
0.00673
0.02444
0.04871
0.08265
0.11137
0.12635
0.13110
0.14302
0.12313
0.11125
0.13712
0.15499
0.18019
0.19738
0.18992
0.18877
0.20661
0.21875
0.21098
0.20580
0.21093
0.21726
0.24265
0.28283
0.29816
0.29061
0.26853
0.24902
0.23317
0.22239
0.22194
0.23157
0.23910
0.22545
0.22914
0.22769
0.23183
0.23920
0.23700
0.23296
0.20266
0.20560
0.21128
0.18725
0.16551
0.15667
0.15631
0.16393
0.18063
0.17836
0.15754
0.14136
0.13008
0.11254
0.11723
0.12772
0.11870
0.10736
0.09764
0.09018
0.07408
0.04922
0.04303
0.05110
0.07849
0.09388
0.07910
0.07204
0.07866
0.11020
0.13579
0.14543
0.14731
0.13791
0.12364
0.11426
0.12938
0.16725
0.21090
0.24169
0.24371
0.24660
0.25801
0.26601
0.27242
0.28983
0.29234
0.27681
0.28368
0.28053
0.27988
0.28035
0.30813
0.33486
0.32303
0.30500
0.29198
0.28247
0.27027
0.25198
0.20650
0.18265
0.17873
0.17564
0.16272
0.13288
0.11316
0.10058
0.08526
0.07343
0.05532
0.02525
-0.00292
-0.02451
-0.03323
-0.02377
-0.02170
-0.06233
-0.11915
-0.16168
-0.19877
-0.23897
-0.24981
-0.24617
-0.25109
-0.23447
-0.21161
-0.19936
-0.19958
-0.20570
-0.22017
-0.23187
-0.23732
-0.24077
-0.22085
-0.21220
-0.20254
-0.17968
-0.16284
-0.14519
-0.14200
-0.13854
-0.13102
-0.12938
-0.12537
-0.13974
-0.15597
-0.15939
-0.14553
-0.12147
-0.13732
-0.18505
-0.23423
-0.25725
-0.25394
-0.23973
-0.24378
-0.24985
-0.24699
-0.24946
-0.24914
-0.24758
-0.25282
-0.26180
-0.27438
-0.30529
-0.31833
-0.32242
-0.33158
-0.34120
-0.33283
-0.30823
-0.29992
-0.30424
-0.30600
-0.31289
-0.32804
-0.33881
-0.34506
-0.33646
-0.32911
-0.33180
-0.30723
-0.27843
-0.26703
-0.24531
-0.23411
-0.23350
-0.24153
-0.24202
-0.23516
-0.22689
-0.20768
-0.19887
-0.20102
-0.18897
-0.16252
-0.14996
-0.15962
-0.17693
-0.18222
-0.16717
-0.13875
-0.12783
-0.13136
-0.15626
-0.17213
-0.15987
-0.16826
-0.18051
-0.19076
-0.20142
-0.19817
-0.18652
-0.18195
-0.19590
-0.19023
-0.17683
-0.16553
-0.14364
-0.13958
-0.13892
-0.13199
-0.13117
-0.14355
-0.13776
-0.12019
-0.10469
-0.07842
-0.04424
-0.01170
0.00174
0.00778
0.00167
0.00012
0.01135
0.03423
0.07000
0.09030
0.09136
0.08975
0.09335
0.10718
0.12309
0.12144
0.13045
0.14502
0.16381
0.18924
0.20039
0.21522
0.22913
0.24047
0.25430
0.26221
0.25715
0.25771
0.27334
0.29596
0.29440
0.28746
0.30214
0.30878
0.31059
0.30892
0.29129
0.27764
0.28629
0.29338
0.30836
0.31946
0.32562
0.33841
0.34357
0.33911
0.33370
0.33308
0.32832
0.33116
0.34077
0.33933
0.31759
0.29041
0.26590
0.25040
0.24524
0.25291
0.25629
0.23326
0.20830
0.20690
0.21650
0.20081
0.17604
0.16357
0.14948
0.14734
0.14182
0.12310
0.11372
0.10823
0.10332
0.10132
0.11368
0.11286
0.09744
0.09752
0.10255
0.11792
0.13937
0.14813
0.15385
0.16794
0.16921
0.16124
0.16948
0.17887
0.17947
0.19305
0.21350
0.22757
0.24469
0.25212
0.24666
0.24279
0.25803
0.27526
0.28403
0.29867
0.29669
0.30805
0.32729
0.31102
0.28932
0.28824
0.28825
0.28812
0.28480
0.26777
0.24267
0.21129
0.18073
0.15353
0.14499
0.13647
0.12527
0.11709
0.11041
0.08484
0.03510
0.00777
-0.01378
-0.04568
-0.07922
-0.11277
-0.13578
-0.14808
-0.17541
-0.21853
-0.25379
-0.27360
-0.27884
-0.26803
-0.25146
-0.24583
-0.24960
-0.26388
-0.27949
-0.28958
-0.27752
-0.24490
-0.22502
-0.20748
-0.20096
-0.20863
-0.19674
-0.17403
-0.14137
-0.10555
-0.08308
-0.06832
-0.05831
-0.05413
-0.05875
-0.06666
-0.07360
-0.06776
-0.06538
-0.08207
-0.12099
-0.15435
-0.15898
-0.15302
-0.14200
-0.13939
-0.13717
-0.14605
-0.16044
-0.17342
-0.18446
-0.18932
-0.18265
-0.17159
-0.17870
-0.19035
-0.21882
-0.25629
-0.28899
-0.30546
-0.29889
-0.28296
-0.26816
-0.26275
-0.26265
-0.27653
-0.29971
-0.30640
-0.29598
-0.28318
-0.28544
-0.29095
-0.29764
-0.30815
-0.30962
-0.31579
-0.31250
-0.29667
-0.28474
-0.27807
-0.27179
-0.27036
-0.26604
-0.25995
-0.24048
-0.21087
-0.19095
-0.17723
-0.17954
-0.17443
-0.16275
-0.15425
-0.15040
-0.14510
-0.14486
-0.15517
-0.15858
-0.16395
-0.17033
-0.17851
-0.18981
-0.19697
-0.20466
-0.21252
-0.20554
-0.20036
-0.20283
-0.19671
-0.19605
-0.20156
-0.20424
-0.20164
-0.19139
-0.17713
-0.16886
-0.16951
-0.15891
-0.14801
-0.13815
-0.12265
-0.12198
-0.12072
-0.12225
-0.13017
-0.12706
-0.11791
-0.10012
-0.07689
-0.05179
-0.02228
-0.00387
0.00553
0.00749
0.00896
0.01948
0.03811
0.06360
0.08018
0.09361
0.09272
0.08885
0.09594
0.10624
0.13387
0.15816
0.17295
0.18714
0.19568
0.20281
0.20798
0.21241
0.22099
0.22655
0.22766
0.22124
0.21278
0.20859
0.20395
0.20754
0.21815
0.23209
0.23763
0.23294
0.22956
0.22948
0.23148
0.24107
0.24916
0.24905
0.24820
0.24014
0.22269
0.20464
0.19133
0.17701
0.17174
0.17449
0.17649
0.17177
0.16555
0.16549
0.16339
0.15235
0.14492
0.14347
0.13513
0.12508
0.11077
0.09498
0.08230
0.08223
0.08688
0.09363
0.10268
0.10655
0.11135
0.12569
0.14565
0.16437
0.18705
0.20046
0.20279
0.20653
0.21605
0.22717
0.24190
0.25964
0.27777
0.29396
0.31214
0.32728
0.33918
0.35320
0.36454
0.37688
0.38598
0.39103
0.38782
0.39036
0.39904
0.40574
0.41160
0.40377
0.39010
0.38002
0.36789
0.34532
0.32142
0.30759
0.29471
0.27942
0.26321
0.24283
0.22511
0.20858
0.19822
0.19423
0.17837
0.15747
0.13650
0.10913
0.07983
0.05859
0.04496
0.03176
0.01735
-0.00100
-0.02974
-0.05672
-0.07338
-0.08737
-0.09058
-0.08466
-0.08620
-0.09445
-0.09819
-0.09932
-0.09919
-0.09231
-0.08441
-0.08982
-0.09593
-0.09446
-0.09360
-0.09226
-0.08895
-0.07942
-0.06772
-0.05154
-0.04231
-0.04933
-0.05977
-0.06622
-0.06256
-0.06398
-0.07023
-0.07438
-0.08333
-0.08766
-0.09724
-0.10902
-0.11551
-0.12442
-0.12875
-0.13203
-0.13806
-0.14430
-0.15485
-0.16416
-0.17069
-0.17668
-0.18368
-0.19515
-0.21130
-0.22869
-0.24482
-0.26408
-0.27609
-0.27906
-0.28225
-0.28743
-0.28799
-0.29024
-0.29639
-0.30065
-0.29875
-0.28973
-0.28095
-0.27342
-0.26839
-0.26499
-0.26415
-0.25694
-0.24521
-0.22753
-0.21600
-0.21520
-0.21564
-0.21678
-0.21783
-0.21731
-0.20922
-0.20438
-0.19972
-0.19808
-0.19884
-0.19965
-0.20250
-0.20262
-0.20280
-0.20210
-0.19941
-0.20202
-0.20579
-0.20831
-0.21616
-0.22788
-0.23937
-0.24274
-0.24553
-0.24754
-0.24365
-0.23753
-0.23313
-0.23042
-0.23097
-0.23601
-0.24481
-0.24877
-0.24577
-0.24095
-0.23287
-0.22715
-0.21710
-0.20551
-0.19224
-0.17813
-0.16641
-0.15902
-0.15815
-0.15469
-0.14857
-0.14191
-0.13366
-0.11748
-0.09661
-0.07658
-0.05827
-0.04680
-0.04005
-0.02924
-0.01603
0.00371
0.02890
0.05235
0.08010
0.10378
0.11762
0.12906
0.13809
0.14491
0.15333
0.16396
0.17345
0.17773
0.18261
0.19095
0.19990
0.20790
0.21307
0.21277
0.20681
0.20012
0.18973
0.18009
0.17971
0.18694
0.19829
0.20867
0.21905
0.22187
0.21351
0.20412
0.19369
0.18858
0.19118
0.19518
0.19816
0.19357
0.17946
0.15925
0.14025
0.12874
0.12207
0.12047
0.11895
0.11255
0.10314
0.09007
0.07735
0.06840
0.06725
0.07404
0.07825
0.07316
0.05957
0.03918
0.02525
0.02089
0.02284
0.03136
0.03846
0.04497
0.05457
0.06753
0.08093
0.09209
0.10804
0.12787
0.14033
0.15066
0.15484
0.15298
0.15375
0.16058
0.17718
0.19680
0.21548
0.23233
0.24768
0.26099
0.27816
0.29319
0.30178
0.30626
0.30797
0.31184
0.31902
0.33180
0.34243
0.34634
0.34352
0.33570
0.32755
0.31869
0.30643
0.29477
0.28513
0.27396
0.25911
0.24276
0.22823
0.21389
0.19927
0.18533
0.16760
0.14321
0.11649
0.08702
0.05857
0.03579
0.01753
0.00217
-0.01669
-0.04296
-0.07018
-0.09584
-0.11476
-0.12706
-0.13541
-0.13478
-0.13329
-0.13390
-0.13893
-0.14379
-0.14300
-0.14048
-0.13187
-0.12055
-0.11295
-0.11195
-0.11640
-0.12049
-0.11888
-0.10682
-0.08765
-0.06652
-0.04729
-0.03616
-0.03094
-0.03023
-0.03093
-0.02604
-0.01981
-0.01525
-0.01440
-0.02172
-0.03505
-0.05055
-0.06126
-0.06362
-0.06106
-0.06154
-0.07161
-0.08764
-0.10760
-0.12795
-0.14484
-0.15499
-0.15895
-0.16256
-0.16778
-0.17894
-0.19518
-0.21353
-0.22866
-0.23488
-0.23439
-0.23297
-0.23295
-0.23223
-0.23198
-0.23130
-0.22982
-0.22378
-0.21335
-0.20426
-0.19607
-0.19083
-0.18823
-0.18571
-0.18135
-0.17481
-0.16585
-0.15756
-0.15253
-0.14947
-0.14871
-0.14744
-0.14778
-0.14807
-0.14531
-0.14127
-0.13808
-0.13559
-0.13077
-0.12437
-0.11677
-0.11035
-0.10674
-0.10497
-0.10471
-0.10587
-0.10917
-0.11231
-0.11441
-0.11733
-0.12018
-0.12305
-0.12394
-0.12474
-0.12398
-0.12101
-0.12010
-0.12361
-0.13212
-0.14346
-0.15476
-0.16245
-0.16617
-0.16863
-0.17173
-0.17543
-0.17899
-0.17664
-0.17039
-0.16304
-0.15688
-0.15362
-0.15207
-0.14577
-0.13382
-0.11334
-0.08548
-0.05553
-0.02627
-0.00526
0.01020
0.02095
0.03150
0.04815
0.06950
0.09531
0.12542
0.15338
0.17797
0.19369
0.20621
0.21452
0.22354
0.23223
0.23907
0.24562
0.25164
0.25692
0.25931
0.26099
0.26198
0.26328
0.25853
0.25033
0.23628
0.22793
0.22096
0.22224
0.23087
0.24691
0.25923
0.26652
0.26364
0.25463
0.23861
0.22088
0.20988
0.20224
0.20262
0.20314
0.20395
0.19595
0.18761
0.16993
0.16358
0.15380
0.15093
0.13692
0.12000
0.09102
0.06182
0.02953
0.00366
-0.01316
-0.02595
-0.03210
-0.05312
-0.05580
-0.09617
-0.04359
