sample-data.txt   1 channel (mono)
Sample Rate: 22050 Hz. Sample values on linear scale.
Length processed: 9643 samples 0.43732 seconds.


-0.38724
-0.54854
-0.38862
-0.41057
-0.45462
-0.52496
-0.50042
-0.53270
-0.55433
-0.62892
-0.57940
-0.51303
-0.45690
-0.43824
-0.36922
-0.28437
-0.28439
-0.23448
-0.17610
-0.16123
-0.15287
-0.18760
-0.27077
-0.31298
-0.24856
-0.15129
-0.12541
-0.14837
-0.22458
-0.12843
-0.09024
-0.21478
-0.20361
-0.04678
-0.08842
-0.18662
-0.32047
-0.44853
-0.43148
-0.44898
-0.60074
-0.68223
-0.48067
-0.35415
-0.13666
0.05375
0.00599
-0.15350
-0.34930
-0.50695
-0.46397
-0.31527
-0.26161
-0.12309
0.05157
0.21637
0.32969
0.29529
0.13339
-0.08377
-0.21560
-0.31890
-0.32097
-0.22478
-0.27795
-0.24215
-0.18930
-0.30868
-0.40275
-0.42427
-0.38624
-0.28188
-0.13817
-0.00479
0.08167
0.19220
0.20667
0.08012
-0.00877
-0.01868
0.01048
0.00526
-0.02182
0.00186
0.01833
-0.02689
-0.11400
-0.19574
-0.19509
-0.15856
-0.12118
0.00951
0.10070
0.07404
0.11086
0.16199
0.24730
0.34165
0.46250
0.55600
0.56356
0.49454
0.44978
0.50370
0.54582
0.55641
0.58722
0.69972
0.80494
0.90551
0.77397
0.51319
0.35996
0.30144
0.33836
0.56094
0.81404
0.84979
0.85703
0.74528
0.61933
0.55972
0.40761
0.33496
0.38147
0.57265
0.81416
0.90680
0.85417
0.75570
0.63301
0.48139
0.40247
0.25772
0.19160
0.28112
0.34821
0.42247
0.51422
0.47385
0.44417
0.46877
0.34198
0.26573
0.13452
0.02352
0.06717
0.12573
0.14687
0.14045
0.08130
-0.04672
-0.19607
-0.18072
-0.01559
-0.03214
0.04109
-0.00032
-0.26221
-0.39604
-0.60256
-0.75894
-0.86994
-0.82452
-0.55813
-0.20827
0.27120
0.65109
0.74920
0.58160
0.39429
0.38347
0.41862
0.33782
0.35496
0.17278
-0.11597
-0.19768
-0.31135
-0.34087
-0.35064
-0.23045
0.07612
0.32209
0.56631
0.76598
0.64321
0.50392
0.36640
0.14438
0.01150
-0.12376
-0.23229
-0.32505
-0.40984
-0.52316
-0.64620
-0.58175
-0.47134
-0.47005
-0.50952
-0.61838
-0.63430
-0.65413
-0.64489
-0.63929
-0.70761
-0.71283
-0.71380
-0.63685
-0.51669
-0.53912
-0.54545
-0.53474
-0.58858
-0.50875
-0.47772
-0.44319
-0.44329
-0.54029
-0.49641
-0.40865
-0.38571
-0.36192
-0.47419
-0.64808
-0.72987
-0.82972
-0.76300
-0.74147
-0.67428
-0.39362
-0.32712
-0.40086
-0.52093
-0.55973
-0.51649
-0.51135
-0.52612
-0.48920
-0.41125
-0.34715
-0.27845
-0.35956
-0.43207
-0.45583
-0.42161
-0.32562
-0.24496
-0.11165
-0.01300
-0.06019
-0.14623
-0.15580
-0.12498
-0.11325
-0.15177
-0.14151
-0.01545
0.07711
0.07882
0.02748
-0.06603
-0.09921
-0.09755
-0.04470
0.00119
0.09659
0.13582
0.10622
0.15612
0.14442
0.03963
-0.04741
-0.10303
-0.08533
0.07616
0.06978
0.03470
0.07507
0.03751
0.01171
-0.01957
-0.06641
-0.10772
-0.09305
-0.02210
0.05157
0.07826
0.05359
0.02709
-0.02237
-0.03304
-0.00028
0.05660
0.15841
0.20252
0.24531
0.30310
0.31691
0.25874
0.23622
0.15204
0.11452
0.23420
0.31301
0.39350
0.38099
0.37320
0.40739
0.48536
0.62622
0.73754
0.77385
0.81826
0.84533
0.80317
0.80091
0.74041
0.76080
0.79106
0.83133
0.94282
0.97564
0.95854
0.86654
0.76908
0.74058
0.80575
0.88554
0.96266
0.89722
0.77476
0.65536
0.52881
0.54682
0.53819
0.61111
0.69477
0.70001
0.74407
0.74239
0.66512
0.59225
0.48520
0.41100
0.44222
0.46301
0.47422
0.48052
0.39533
0.26231
0.11283
-0.06273
-0.12037
-0.04907
0.08906
0.11085
0.09461
0.05139
-0.01823
-0.08713
-0.15562
-0.17430
-0.20980
-0.20656
-0.18547
-0.13903
-0.05258
-0.00615
-0.03247
-0.02923
-0.05809
-0.07364
-0.06021
0.00926
0.08712
0.10316
0.12608
0.14228
0.19974
0.16960
0.03247
-0.08415
-0.15538
-0.22191
-0.26232
-0.26482
-0.21113
-0.10052
-0.13633
-0.28475
-0.43409
-0.51207
-0.50249
-0.46484
-0.40953
-0.41907
-0.41211
-0.36391
-0.37201
-0.39856
-0.35482
-0.27360
-0.18792
-0.21119
-0.20717
-0.20705
-0.36073
-0.46737
-0.53182
-0.55622
-0.51839
-0.49334
-0.42845
-0.36610
-0.36370
-0.37093
-0.43549
-0.55616
-0.64885
-0.68412
-0.69436
-0.69484
-0.75587
-0.75255
-0.77151
-0.76410
-0.69486
-0.67617
-0.71516
-0.80895
-0.88475
-0.84744
-0.80818
-0.93344
-0.95568
-0.92391
-0.90228
-0.85647
-0.74361
-0.62302
-0.58788
-0.57619
-0.43460
-0.33406
-0.32422
-0.34914
-0.52342
-0.62143
-0.54781
-0.49198
-0.45177
-0.37278
-0.35481
-0.27260
-0.24059
-0.29417
-0.34737
-0.30955
-0.19241
-0.08459
-0.00509
0.03308
0.03840
0.01155
-0.05283
-0.06916
-0.00200
0.04908
0.06086
0.16017
0.30310
0.22969
0.19813
0.14402
-0.00004
-0.04448
0.03666
0.15784
0.24940
0.37679
0.41478
0.31665
0.21158
0.19853
0.11749
0.05528
0.10636
0.13468
0.23394
0.25314
0.23183
0.32194
0.30254
0.25999
0.23374
0.19091
0.15000
0.14295
0.22026
0.31978
0.28802
0.19142
0.12956
0.05016
0.04521
0.05435
0.12596
0.21977
0.27994
0.30775
0.32339
0.35444
0.29931
0.24276
0.25513
0.26033
0.26299
0.26916
0.22578
0.23326
0.26476
0.25905
0.25910
0.29073
0.36363
0.45297
0.53833
0.62647
0.68623
0.69420
0.76159
0.79617
0.69754
0.59392
0.60435
0.56274
0.49297
0.49502
0.52692
0.63703
0.65878
0.65044
0.70796
0.71008
0.68943
0.68773
0.61131
0.53894
0.49047
0.50682
0.51635
0.41257
0.33202
0.26143
0.17433
0.12091
0.11556
0.14668
0.13876
0.11083
0.05586
-0.02391
-0.02242
-0.02604
-0.04793
-0.02437
0.05273
0.06614
0.04155
0.02086
0.04079
0.04937
0.00828
0.00599
0.04399
0.04407
0.00522
-0.05700
-0.17431
-0.23484
-0.26885
-0.23618
-0.19144
-0.14882
-0.10783
-0.15471
-0.23901
-0.32338
-0.37357
-0.38767
-0.36727
-0.38198
-0.35617
-0.32011
-0.35487
-0.32296
-0.28973
-0.23338
-0.18133
-0.16685
-0.08860
-0.07446
-0.15134
-0.23349
-0.37738
-0.39259
-0.22671
-0.15331
-0.09810
-0.06541
-0.13099
-0.10186
-0.11667
-0.19366
-0.19615
-0.20342
-0.12770
-0.06999
-0.08146
-0.17904
-0.36098
-0.46086
-0.52446
-0.50947
-0.31332
-0.23040
-0.28287
-0.22342
-0.18998
-0.21881
-0.27909
-0.33166
-0.36235
-0.45278
-0.42887
-0.36952
-0.24866
-0.04463
0.07784
0.09023
-0.01284
-0.14110
-0.35431
-0.49312
-0.60804
-0.60697
-0.43062
-0.29844
-0.19553
-0.18379
-0.17327
-0.20234
-0.29882
-0.38494
-0.46201
-0.35995
-0.13308
0.00348
0.02148
-0.10756
-0.27826
-0.37319
-0.44026
-0.46944
-0.35574
-0.25453
-0.19145
-0.15905
-0.23361
-0.23584
-0.23901
-0.26916
-0.28535
-0.20265
-0.05729
-0.07088
-0.12848
-0.13435
-0.07004
-0.00113
-0.02460
0.02645
0.15854
0.31166
0.46129
0.57033
0.63894
0.61462
0.61120
0.60642
0.53998
0.48184
0.50258
0.50326
0.41197
0.34288
0.33245
0.44756
0.51021
0.43122
0.35963
0.39100
0.48840
0.51408
0.50858
0.47935
0.45871
0.46563
0.49397
0.45330
0.34142
0.23429
0.17491
0.14621
0.08790
0.14110
0.27561
0.29444
0.18686
0.09209
0.03787
0.00524
-0.03661
-0.02647
0.01706
0.08568
0.06679
-0.02751
0.00263
0.05565
0.08057
0.07186
0.07889
0.08976
0.11396
0.15131
0.18274
0.21031
0.26052
0.32529
0.34496
0.37874
0.37368
0.35992
0.36032
0.35277
0.39830
0.49308
0.57945
0.61151
0.57414
0.48240
0.43321
0.45440
0.44309
0.43209
0.48436
0.46453
0.41632
0.35970
0.25361
0.20318
0.20068
0.18674
0.26785
0.43825
0.46743
0.47287
0.43383
0.39241
0.39554
0.34653
0.34686
0.32272
0.33494
0.34387
0.32881
0.27149
0.13851
0.02500
-0.06198
-0.09804
-0.14432
-0.11585
-0.11084
-0.13950
-0.16543
-0.21755
-0.23827
-0.28500
-0.25672
-0.25267
-0.28338
-0.38619
-0.40199
-0.32554
-0.27166
-0.26895
-0.24387
-0.22322
-0.22306
-0.26828
-0.30862
-0.22466
-0.28768
-0.26918
-0.24997
-0.20906
-0.27482
-0.29709
-0.27818
-0.26427
-0.19933
-0.26807
-0.21826
-0.20232
-0.16507
-0.13339
-0.20819
-0.34962
-0.51821
-0.55981
-0.56392
-0.42136
-0.21218
-0.31267
-0.28906
-0.23135
-0.21017
-0.26880
-0.31897
-0.19242
-0.20757
-0.17259
-0.27579
-0.38125
-0.37651
-0.29483
-0.38650
-0.52677
-0.39845
-0.16515
-0.04097
-0.08268
0.06215
0.06454
-0.07906
-0.25588
-0.22354
-0.30469
-0.45151
-0.33251
-0.31784
-0.40575
-0.45318
-0.34589
-0.15009
-0.05271
-0.24507
-0.36595
-0.41939
-0.66553
-0.74719
-0.37659
-0.31363
-0.35447
-0.36576
-0.31988
-0.34901
-0.19110
-0.14895
-0.36773
-0.29719
-0.36205
-0.09003
0.12762
0.22175
-0.16582
-0.38417
-0.28685
-0.49171
-0.50650
-0.41306
-0.10594
0.09339
-0.00942
-0.05433
-0.14955
-0.33196
-0.44625
-0.23599
-0.22717
-0.08179
0.09424
-0.08013
-0.05933
-0.14834
-0.04420
-0.06167
0.28180
0.50621
0.54620
0.59525
0.71448
1.05077
0.85881
0.69005
0.59106
0.52031
0.56546
0.55841
0.49424
0.54141
0.68052
0.70610
0.71608
0.48523
0.32523
0.33341
0.08409
0.26974
0.43932
0.53372
0.59774
0.54327
0.28987
0.25995
0.34868
-0.03680
-0.04833
0.13347
0.13955
0.15684
0.62044
0.62569
0.11625
0.07770
0.12019
-0.10573
-0.03502
0.05261
-0.04904
-0.12139
-0.23569
-0.07726
0.17815
0.01486
-0.20529
-0.01028
-0.17843
-0.30594
-0.11129
0.07147
0.04434
-0.02770
0.08991
0.14614
0.03686
-0.02460
0.21611
0.32418
0.22422
0.10389
0.35957
0.38019
0.59273
0.88406
0.72984
0.82717
0.82954
0.84475
0.48601
0.54746
0.83965
0.61400
0.73309
0.81166
0.45303
0.44679
0.67865
0.51504
0.35009
0.35016
0.14538
0.23915
0.46428
0.31714
0.38330
0.06403
0.09518
0.18929
0.14712
-0.14358
-0.27703
-0.09115
-0.25435
-0.05149
-0.00824
0.16459
-0.20095
-0.32787
-0.19168
-0.26376
-0.56751
-0.68515
-0.34232
0.17875
0.64189
0.23259
-0.46185
-0.62171
0.11678
-0.06957
-0.28844
-0.12868
-0.01461
-0.27881
-0.44904
-0.39142
-0.72301
-0.94235
-0.99294
-0.45443
-0.12641
-0.51505
-1.06636
-0.55824
-0.30418
-0.18116
-0.24769
-0.27141
-0.12191
-0.70454
-0.95480
-0.09208
0.14012
-0.37278
-0.35554
0.20651
0.79145
-0.11060
-0.38449
0.43353
0.82005
-0.14302
-0.42282
-0.11320
0.00659
-0.23191
-0.68303
0.07315
0.22347
-0.39031
-1.03230
-0.34803
0.37034
-0.55213
-1.10291
-0.27371
0.62679
0.08418
-0.80495
-0.74531
-0.33678
-0.16891
-0.45057
0.17605
1.01969
-0.25007
-1.08811
-0.09296
1.00208
0.81631
-0.62354
-0.26945
0.61573
0.30272
-0.45906
-1.07342
-0.86367
-0.70947
-1.11253
-0.17844
0.33305
-0.75584
-1.05610
-0.89987
-0.61131
-0.97653
-0.80816
-0.86318
-0.60837
-0.44408
-1.02189
-0.78365
-0.19709
0.78835
0.59879
0.08849
0.07954
-0.64085
-0.55012
0.13945
0.79609
0.99638
-0.17660
-0.49573
-0.03506
0.35307
0.02734
-1.04625
-0.36723
1.00172
0.44921
-0.21992
0.79297
0.83244
-0.23433
0.40173
0.91774
0.68778
0.32614
0.12836
-0.10326
0.19468
0.30081
0.09004
0.85500
1.06534
0.84196
-0.01599
0.32005
0.96465
1.01503
0.93352
0.77651
1.01552
0.58938
-0.03172
-0.33990
0.10843
0.78303
0.96356
0.07219
-0.38065
0.76612
0.41327
-0.57594
-0.36910
0.67156
0.66232
0.40912
0.85550
0.17203
-0.63179
-1.10611
-0.50565
-0.02475
-0.20749
-0.28388
0.70838
0.97137
0.50454
-0.36909
-0.22210
0.86308
0.41591
-0.39576
-0.38133
0.15670
-0.53812
-0.32614
-0.11932
0.22825
0.02792
-0.92778
-0.94532
-0.45436
-0.17509
-0.50521
-0.09212
0.80061
1.03827
0.71804
0.60958
0.54528
-0.40209
-1.01621
-1.01333
-0.63704
0.56882
0.81378
0.94496
1.01016
0.90517
0.91722
0.56344
0.03434
0.31812
0.31332
0.06577
0.03229
-0.09099
0.13805
-0.14182
-0.74327
-0.48295
-0.07940
-0.51527
-0.29393
-0.45277
-0.49361
0.35759
0.81318
0.59510
0.46228
0.18566
0.20321
0.34839
-0.14446
-0.89310
-1.00729
-1.03501
-0.56249
0.28016
0.06121
0.22343
-0.02040
-0.30936
0.01096
0.13855
-0.48107
-0.54557
-0.30435
-0.27102
-0.05712
-0.42863
-0.65112
0.03256
0.74670
0.26129
-0.81953
-0.99974
-0.23018
-0.21724
-0.68061
-0.11521
0.09844
-0.16966
0.13115
0.42731
0.51861
-0.52065
-1.06783
-0.95616
-0.59853
0.29654
0.92605
1.00834
0.95086
0.82709
-0.16648
-0.15167
0.41377
0.44998
0.06706
-0.72851
-0.81616
-0.05278
-0.08760
-0.62349
-0.44455
-0.56134
-0.54331
-0.47058
-0.48918
0.04090
0.28698
-0.15208
-0.08909
0.34659
0.50820
0.62033
0.21291
-0.07144
0.21638
-0.11554
-0.60354
-0.24272
0.11535
0.20355
0.10756
-0.08318
0.35527
0.82460
0.42522
0.50307
0.86940
0.59758
0.20451
-0.29213
-0.34130
0.38868
0.25800
-0.65459
-0.61162
-0.38403
-0.30049
-0.31780
-0.65037
-0.19283
0.52854
0.11284
-0.04481
0.34172
0.26416
0.50335
0.59576
0.37423
0.67509
0.08746
-1.01146
-0.71026
-0.29415
-0.26340
0.02174
-0.06072
0.31163
1.04267
0.46131
-0.02077
0.58648
0.88170
0.98804
0.81845
0.29191
0.72230
1.01443
0.32976
0.16049
0.58022
0.75597
0.69769
0.05684
-0.33572
0.41964
0.71725
0.45986
0.54359
0.66291
0.90838
1.03389
0.58713
0.46316
0.67557
0.40084
-0.22272
-0.08202
0.31128
0.44084
0.08146
0.23007
0.95420
1.02253
0.72570
0.01060
0.19440
0.83789
1.03268
0.10781
-0.96254
-0.46405
0.51387
0.77674
0.40045
0.02929
0.47616
0.20379
-0.22496
-0.24792
-0.00057
0.11706
-0.33208
-0.31463
-0.02584
0.73188
0.10334
-0.43684
-0.05199
0.44715
0.49775
-0.27441
-1.07047
-0.44164
0.89135
1.05771
0.71797
0.28778
-0.07773
-0.16612
-0.45418
-0.32599
0.07065
0.15384
-0.10708
-0.38425
0.24301
0.03415
0.30685
0.02524
-0.72881
0.04006
0.66996
-0.03638
-0.51732
-0.00864
0.22589
0.47989
0.39027
0.11447
0.27356
0.66108
0.49140
0.31547
0.16308
-0.27410
-0.36045
-0.31562
-0.54132
0.06620
0.61102
0.28628
0.37597
0.36070
0.03701
0.31383
0.15803
-0.31933
-0.04922
-0.13310
-0.42918
0.09945
-0.13748
-0.99037
-0.69884
-0.81171
-1.02536
-0.99250
-0.87559
-0.56020
-0.51816
-0.41095
-0.44755
-0.22886
0.13459
-0.20841
-0.47928
-0.27503
0.05429
0.19228
0.32167
-0.07911
-0.11730
0.19943
-0.65520
-0.69241
-0.41238
-0.11292
0.04487
0.04716
0.02470
0.06346
-0.03093
-0.72228
-0.45105
0.09273
0.23949
0.31654
0.29733
-0.40674
-0.57896
-0.41720
-0.59444
-0.64078
-0.60533
0.06301
-0.08427
-0.60876
-0.06656
0.11869
-0.50589
-0.68648
-0.41137
-0.66957
-0.15027
0.66479
-0.20701
-0.35062
0.41501
-0.00745
-0.28741
-0.11113
-0.17321
0.01724
0.78100
0.56302
0.17296
1.00456
0.49664
-0.21042
0.01701
-0.06970
-0.36641
-0.13610
-0.27572
-0.18732
0.21523
0.12909
0.43330
0.40486
-0.06535
-0.28811
0.06588
0.14087
0.05399
0.04773
-0.28798
-0.54840
0.20785
0.49734
0.36070
0.59445
0.47752
-0.17648
-0.43050
-0.26362
-0.20635
0.03916
-0.35733
-0.36175
0.22847
0.67385
0.09781
-0.09916
0.35245
0.45722
0.82755
0.86924
0.49325
0.25437
0.60119
0.56100
0.36037
0.64969
0.62162
0.39064
0.19420
0.28225
-0.00434
0.22798
0.67722
0.20495
0.24043
0.76710
0.80521
0.30809
-0.04952
-0.08807
0.55768
0.60126
0.42127
0.65833
0.77849
0.51900
0.41501
0.92095
0.94650
1.00875
0.87053
0.61981
0.38417
0.51815
0.41428
0.22832
0.52656
-0.10651
0.17781
0.86879
1.04622
0.29206
-0.12558
0.11085
-0.04130
0.54676
0.62235
0.35222
0.24553
0.40631
0.04174
0.18780
0.44975
0.18641
-0.23362
0.09012
0.46317
0.58789
0.59996
-0.41136
-0.47958
-0.55223
-0.39891
0.04837
0.30048
-0.24914
-0.79201
-0.15022
0.60102
0.84494
0.51458
0.18956
0.18723
0.13203
-0.01638
0.09075
0.23865
-0.25055
-0.49044
0.11881
0.12089
0.00381
-0.21339
-0.71168
-0.83593
-0.45682
-0.22172
-0.04942
0.36531
0.09541
-0.40424
-0.14553
-0.13351
-0.11074
-0.01380
0.04548
-0.07031
-0.28368
0.22133
0.17965
-0.28701
-0.45343
-0.25169
-0.14827
-0.16773
-0.50211
-1.01205
-0.85172
0.10940
0.34804
0.43525
0.53884
-0.10078
-0.50897
-0.45309
-0.27656
0.17909
0.22749
-0.73170
-0.92373
-0.78336
-0.98216
-0.94222
-0.25923
-0.31016
-0.30707
-0.06076
-0.18322
-0.04583
-0.23499
-0.29841
-0.53305
-0.59685
-0.05704
-0.28335
-0.35828
-0.41711
-0.98959
-0.95480
-0.49875
-0.02889
0.14005
0.03617
-0.74603
-1.02533
-0.95843
0.06821
0.72325
-0.26884
-0.93558
-0.68013
0.14835
0.34518
-0.10311
-0.21802
0.25871
0.24168
-0.01242
0.13157
0.11964
-0.44572
-1.02984
-0.92800
-0.40973
-0.05011
-0.38623
-0.87969
-1.04420
-0.36613
0.42247
0.27158
0.29487
-0.36121
-0.53270
0.11276
0.23012
0.14466
-0.17875
-0.26386
-0.33818
-0.64840
-0.20547
0.23726
0.20329
-0.02438
-0.84990
-0.95333
-0.25779
0.22040
-0.08004
-0.71669
-0.97318
-0.59456
0.29504
0.85488
0.44841
0.42885
0.07601
0.09550
0.81377
0.47656
0.13832
-0.06550
0.20474
-0.18057
-0.34314
0.27677
-0.02895
-0.60737
-0.61072
-0.35632
0.05975
0.19165
0.15188
-0.09499
-0.56799
-0.03149
0.42508
0.53145
0.10009
-0.51649
-0.40468
0.28316
0.40287
0.21151
0.20216
0.00143
0.26970
0.83995
1.03982
0.95559
0.99679
0.21479
-0.79124
-0.34863
0.78081
1.08882
0.75533
-0.05716
-0.13985
0.05535
0.36617
0.53331
0.11665
-0.21930
-0.04333
0.54205
0.95973
0.88597
0.60711
0.41344
-0.20201
0.03592
0.24081
0.57660
0.44107
0.40340
0.28710
-0.21589
0.06488
0.44422
0.54799
0.06587
-0.24460
-0.65200
0.12021
1.02887
0.92837
0.78521
0.47216
-0.23734
-0.45744
-0.09256
0.14537
0.09436
-0.12174
0.25506
0.50709
0.23403
-0.09495
-0.66029
-1.03599
-0.99830
-0.50374
0.44325
0.33412
-0.04813
0.26017
0.84392
0.80574
0.70785
0.78758
0.20091
0.03008
0.11859
0.25541
-0.05089
-0.08315
0.07464
-0.50963
-0.73716
-0.10622
0.37287
0.47557
0.24339
-0.64158
-0.72926
-0.22054
0.41355
0.39301
-0.13722
-0.15161
-0.35346
-0.08586
0.69411
0.43224
-0.35492
-0.35127
0.00119
0.07759
0.22057
-0.03738
-0.38180
0.19140
0.18905
-0.31236
-0.43337
-0.26411
-0.31502
0.10658
0.42049
0.15507
0.05529
-0.12997
-0.23881
-0.47320
-0.47803
-0.13527
0.72724
1.03875
0.42081
0.02153
-0.30038
-0.90006
-0.25755
0.07092
-0.73073
-0.87996
-0.29173
-0.35188
-0.82195
-0.47202
-0.15391
-0.08938
-0.79064
-0.84332
0.08264
0.47445
-0.00975
-0.33142
-0.56035
-0.79968
-0.63222
0.12423
0.29655
-0.58147
-0.87496
-0.41624
0.43892
0.20862
-0.53509
-0.48519
-0.23305
-0.63579
-0.56369
-0.08818
-0.24195
-0.33581
-0.48982
-0.80102
-1.02337
-0.38073
0.72164
0.97831
0.16249
-0.29256
0.51215
0.67392
0.45000
0.25538
-0.20083
-0.55092
-0.68320
0.06609
0.38892
0.09636
-0.36293
-0.32287
0.15756
-0.22357
-0.40256
0.27484
0.35820
0.25521
0.13088
0.20242
0.75544
0.54681
0.35102
-0.09742
-0.61651
-0.56718
-0.04229
0.47945
0.33598
0.00830
-0.12129
-0.33091
-0.02963
0.39399
0.10159
-0.44176
-0.57232
-0.27430
0.14368
0.32354
0.22946
0.91406
0.80053
0.09681
-0.06367
0.07955
0.43082
0.37030
0.00429
0.25050
0.64173
0.69704
0.91055
0.55967
-0.23294
-0.74803
-0.49214
0.34967
0.47785
-0.16013
-0.13942
0.24377
0.25048
0.07315
0.02858
0.05905
0.28549
0.44245
0.63786
0.39267
0.26861
0.95152
0.97886
0.41790
-0.18731
0.12002
0.54507
0.70157
0.64033
0.43926
0.57290
0.68546
0.80054
0.44943
0.24088
-0.14996
0.16120
0.93215
0.87539
0.19938
-0.03726
0.10051
-0.41198
-0.28791
-0.08740
0.16634
0.19095
0.26879
0.08835
0.02433
0.66509
0.77154
0.83707
0.52884
0.09349
0.22321
0.87063
0.78035
-0.08751
-0.73119
-0.64129
0.00330
0.12094
-0.26679
-0.47755
-0.73411
-0.49619
-0.16496
-0.38904
-0.46837
-0.75206
-0.28525
-0.07280
-0.42964
-0.25034
-0.66572
-0.21714
0.71907
0.33644
-0.03785
-0.18443
-0.01608
0.17939
-0.40824
-0.75672
-0.65286
-0.18469
0.51651
0.48313
-0.06809
-0.49719
-0.18915
0.44451
0.27330
-0.00664
-0.13656
-0.54630
-0.27406
0.22861
0.21924
-0.05004
-0.42792
0.01025
0.00798
-0.62889
-0.88291
-0.75315
-0.07319
0.49853
0.38339
-0.20146
-0.31770
0.19317
0.47090
-0.01231
-0.61976
-0.76007
-0.76396
-0.64748
-0.36523
-0.63383
-0.98903
-1.00995
-0.53365
-0.17919
-0.25955
-0.69489
-1.04720
-0.63228
-0.14214
0.06758
-0.43721
-0.45344
0.04278
-0.41019
-0.78592
-0.55354
-0.67937
-0.46921
-0.24832
-0.37760
-0.38007
-0.61563
-0.40204
-0.14985
-0.22827
-0.07815
-0.60945
-0.97326
-0.52968
-0.12822
-0.00742
-0.46351
-0.54449
-0.24360
0.33956
0.32844
0.04372
-0.22696
-0.69563
-0.74942
-0.62845
0.10829
0.34208
0.17259
0.06552
-0.25785
-0.50300
-0.26077
-0.37461
-0.11144
-0.20550
-0.77347
-0.40997
-0.42245
0.28216
0.54319
0.45257
-0.03692
-0.67513
-0.11132
0.27604
0.17418
-0.14960
-0.25399
0.02423
0.35883
0.26193
0.44003
0.52241
-0.14934
-0.15103
0.26150
0.40923
-0.05959
-0.15948
0.45012
0.33988
0.32557
-0.17034
-0.43833
0.10149
0.82981
0.63233
0.10922
-0.09779
0.03589
0.59434
0.69680
0.86324
0.16626
-0.22230
-0.00458
0.56269
0.64916
0.15788
0.19876
0.17093
0.58845
0.71095
0.47608
0.11231
-0.15035
0.48541
0.83685
0.07909
-0.11628
0.32349
0.60731
0.93809
0.43905
0.59698
0.63356
0.26912
0.78872
1.10196
0.58413
0.16897
0.26041
0.34063
0.93968
1.04338
0.76079
0.37844
0.29285
0.77966
0.76540
0.95218
0.90146
-0.05522
0.30595
0.81498
0.84860
1.07401
0.84046
0.48041
0.42480
0.64515
0.62256
0.33103
0.25143
0.54672
0.32383
0.25895
0.22116
0.20212
0.12617
0.41724
0.68957
0.04003
-0.26931
-0.12764
0.21155
0.20997
0.02493
-0.09982
-0.42091
-0.37572
0.22150
0.67413
0.72196
0.20168
-0.16122
-0.17525
-0.42947
-0.39897
-0.11400
-0.22210
-0.34761
0.00915
-0.01977
0.06996
0.23503
0.16578
0.41306
0.10973
-0.37206
-0.34894
-0.28667
-0.11327
0.34001
0.37986
-0.15487
-0.53888
-0.23693
0.36549
0.69347
0.35918
-0.57051
-1.07671
-0.87352
-0.21773
0.57829
0.56370
-0.12249
-0.59054
0.09606
0.64368
0.27205
-0.10858
-0.32540
-0.40579
-0.20253
0.40272
-0.22353
-0.62286
-0.67607
-0.47374
-0.26083
-0.42155
-0.46534
-0.88823
-1.03705
-0.87670
-0.18306
-0.07949
-0.67753
-1.06322
-0.60692
0.14569
0.18118
-0.38941
-0.70174
-0.94353
-0.95331
-0.77195
-0.25237
-0.17714
-0.56636
-0.85572
-0.75852
-0.01122
0.16413
-0.10276
-0.83319
-0.99653
-0.77840
-0.51460
-0.37215
-0.07811
-0.29987
-0.50479
-0.38737
-0.72942
-0.21341
0.05845
-0.24078
-0.65128
-1.00497
-0.94196
-0.43385
-0.18637
-0.59971
-0.41835
0.31482
0.69924
0.37801
-0.46219
-0.85208
-0.90582
-0.92594
-0.63075
-0.40469
-0.64372
-0.55282
-0.03242
0.28811
0.50775
0.51102
-0.19154
-0.99888
-0.71604
-0.24443
-0.51344
-0.85614
-0.66477
-0.15160
0.25316
0.13563
0.10345
0.32372
-0.02618
-0.40079
-0.11600
-0.08468
-0.43171
-0.15305
0.05310
0.09601
0.51675
0.93721
0.97379
0.47738
-0.22162
-0.18084
0.26946
0.18056
-0.27869
-0.28449
0.06852
0.30781
0.86465
0.89257
0.15688
-0.18107
-0.41438
0.02018
0.93359
0.62228
0.32765
-0.15186
-0.57975
0.01567
0.59759
0.44873
0.06264
0.26175
0.24405
0.55010
0.86904
0.69439
0.08016
-0.30530
0.09720
0.38100
0.78231
0.64837
0.07112
-0.26035
-0.20876
0.00277
0.64400
0.80300
0.21403
0.02285
-0.08158
0.31015
0.79945
0.95573
0.46299
0.08280
0.08599
0.33335
0.81372
1.03312
0.57711
-0.11337
-0.05037
0.45597
1.04655
0.94516
1.02245
0.83112
0.20625
-0.17719
0.26213
0.99606
0.96772
0.59987
0.16762
0.38331
0.75431
0.93314
0.31168
0.28120
0.67937
0.54201
0.18214
0.23013
0.81401
0.95136
0.56251
-0.16377
-0.33908
-0.08382
0.41172
0.72324
0.53122
-0.02736
-0.13066
0.08733
0.33266
0.23989
0.27526
0.31142
-0.08764
-0.06567
0.30315
0.80127
0.66233
0.07423
-0.55070
-0.48887
0.44080
0.58320
0.13237
0.20545
-0.06071
-0.41121
-0.47716
-0.14942
0.62738
0.71802
0.51324
0.11281
-0.35363
0.05663
0.62543
0.39560
-0.10943
-0.22890
-0.59915
0.06284
0.22275
-0.03491
0.32002
-0.23778
-0.70839
-0.29090
0.22690
0.05147
0.14072
-0.38663
-0.31556
0.01127
-0.10701
-0.22188
-0.23497
-0.24064
-0.70513
-0.64413
-0.05026
0.35148
0.26021
0.04668
-0.22457
-0.44522
-0.70278
-0.79830
-0.70371
-0.48249
-0.36224
-0.24273
-0.44037
-0.48883
-0.33680
-0.17090
-0.26106
-0.47150
-0.78554
-0.89505
-0.90544
-0.88385
-0.55834
-0.09496
0.14106
-0.66160
-0.53127
-0.12699
-0.35868
-0.60482
-0.50802
-0.69626
-0.67195
-0.27849
-0.11191
-0.38640
-0.67131
-0.21384
-0.71839
-0.47891
0.23723
-0.04043
-0.11806
-0.36038
-0.69710
-0.46013
-0.17310
-0.24240
-0.72176
-0.88078
-0.47797
-0.09825
-0.00683
0.01968
0.15326
-0.21748
-0.59885
-0.70049
-0.07898
0.18947
-0.10128
-0.50027
-0.53428
-0.39928
-0.82413
-0.49215
0.05355
0.58738
0.18212
-0.26525
-0.12742
-0.16584
0.03548
0.26306
0.04448
-0.40510
-0.33187
-0.40377
-0.18055
0.14854
0.21708
0.15619
-0.10441
-0.31315
-0.24393
-0.24470
-0.17371
0.20258
0.01676
-0.07312
-0.05183
-0.29222
-0.37296
-0.21290
-0.05418
-0.19620
-0.07160
-0.11263
-0.50827
-0.28431
0.10912
0.23797
0.72213
0.36249
-0.34403
-0.34453
-0.44020
0.12663
0.52599
0.39731
0.16287
-0.29202
-0.57923
-0.35076
-0.10872
0.26665
0.44772
0.39936
0.28386
-0.22762
-0.32167
0.08191
0.54893
0.69476
0.84004
0.20502
0.09867
0.58390
0.66907
0.54673
0.65490
0.71723
0.41291
0.43923
0.34652
-0.07893
0.04183
0.93052
1.01700
0.90763
0.43630
0.10643
0.62106
1.00899
0.74828
0.42570
0.36947
0.39503
0.52713
0.17542
-0.04638
0.33569
0.85907
1.03754
0.43827
-0.00157
0.20699
0.19094
0.36731
0.60999
0.45929
0.23418
0.04845
0.21707
0.10118
0.05104
0.53718
0.58581
0.25980
-0.38227
-0.44212
-0.26164
-0.24065
0.14427
0.50611
0.34456
0.29323
0.01676
-0.37617
-0.11069
0.10068
0.13119
0.03686
0.11103
-0.21369
-0.31372
-0.20896
-0.61318
-0.14298
0.49150
0.45344
0.43268
-0.02035
-0.35078
-0.28772
-0.00185
0.10840
-0.12504
-0.06714
-0.12092
-0.41770
-0.09017
0.09007
0.50360
0.97714
0.48450
0.08399
-0.20990
-0.64551
-0.37216
0.03936
-0.26266
0.02842
0.15629
0.14852
-0.11983
-0.21281
-0.12808
-0.13841
0.18608
-0.00458
-0.19069
-0.09377
-0.00852
-0.21927
-0.52821
-0.82798
-0.34303
0.26356
-0.12943
-0.33023
-0.45124
-0.32440
0.13948
-0.20526
-0.10263
-0.10047
-0.16439
-0.25871
-0.61740
-0.73290
-0.68603
-0.39215
-0.13714
0.42036
0.11307
-0.47982
-0.88210
-0.67230
-0.24336
-0.33726
-0.26150
-0.24356
-0.34327
-0.62627
-0.90324
-0.79978
-0.56182
-0.39638
-0.02681
-0.17477
-0.58595
-0.60350
-0.24885
-0.16814
-0.38961
-0.12969
-0.00399
-0.26842
-0.08909
-0.34740
-0.60653
-0.27461
-0.60039
-0.17153
0.10268
-0.07599
0.01577
-0.20063
-0.24352
-0.14845
-0.28195
-0.13704
0.32570
-0.17835
-0.58041
-0.66039
-0.61559
-0.15862
0.14809
0.30732
0.03956
-0.32064
0.12785
0.47964
0.04340
-0.45697
-0.57326
-0.37465
0.11370
0.16463
-0.07776
0.03394
-0.17983
-0.30841
-0.44578
-0.38093
-0.07976
0.38508
0.43056
0.12649
0.00895
-0.30303
-0.36340
-0.29492
0.13095
0.34971
-0.02399
-0.17421
0.10482
-0.04217
-0.22754
-0.09986
-0.10486
0.25740
0.49569
-0.04101
-0.38918
-0.23846
0.07264
0.13335
-0.08056
0.08803
-0.09887
-0.03700
-0.05040
-0.08508
0.23734
0.16368
0.04447
0.22289
0.62907
0.28685
0.27050
0.32410
0.24956
0.37284
0.31638
0.38207
0.26502
0.53952
0.49326
0.46015
0.55292
-0.01466
-0.24696
-0.19565
-0.09369
0.34877
0.65245
0.79284
0.52088
0.23654
0.46287
0.20309
0.28786
0.47327
0.38349
0.41446
0.52254
0.60620
0.42633
0.43070
0.47498
0.49778
0.46099
0.49107
0.37945
0.26789
0.04160
0.35019
0.73592
0.62404
0.18070
-0.25600
0.11307
0.15786
0.01338
-0.11667
-0.15979
0.14316
0.04090
0.11087
0.25757
0.20025
0.48492
0.38411
0.28128
-0.08588
-0.11397
-0.03841
0.12654
0.13124
0.04664
0.30193
0.01709
0.16296
0.02756
0.18072
0.27769
0.09582
-0.02809
-0.19019
-0.00825
-0.11806
-0.15839
-0.02796
-0.15544
0.16380
0.24205
0.18268
0.24344
0.10089
-0.03411
-0.00858
0.09442
-0.14974
0.05175
0.03713
0.21087
0.16026
-0.05706
0.41223
0.22353
0.28742
0.42768
0.18547
0.27851
-0.20507
-0.09715
-0.09866
-0.15778
-0.10717
-0.28007
-0.37780
-0.55542
-0.13542
-0.03817
0.04436
-0.00666
-0.10946
-0.16503
0.04413
-0.26686
-0.43466
-0.43341
-0.33709
-0.25290
-0.53925
-0.53434
-0.31403
0.21288
-0.15837
0.05474
0.05824
0.00893
-0.23420
-0.64808
-0.19706
-0.39625
-0.06915
-0.02483
-0.60763
-0.39088
-0.21407
-0.25052
-0.43778
-0.76524
-0.69436
-0.54798
-0.46211
-0.23126
-0.14343
-0.26928
-0.20365
-0.41062
-0.69765
-0.66356
-0.53212
-0.38611
-0.38919
-0.21661
-0.53937
-0.73452
-0.19928
-0.08496
0.10953
-0.31643
-0.61325
-0.59792
-0.42403
-0.38660
-0.72468
-0.52419
-0.59732
-0.41975
-0.40611
-0.23435
-0.41068
-0.83977
-0.22831
0.09707
-0.14274
-0.33091
-0.70065
-0.78930
-0.57776
-0.40981
-0.50539
-0.46940
-0.29015
-0.30279
-0.35962
-0.27987
-0.05305
-0.02062
0.04955
0.10247
0.03465
-0.21506
-0.28227
-0.39809
-0.64601
-0.69505
-0.53870
-0.08259
0.12666
-0.40351
-0.59809
-0.35025
0.14394
0.34618
-0.05332
-0.20601
-0.40254
-0.41036
-0.18801
-0.21706
-0.19436
0.13286
0.28350
0.07395
0.11845
0.08155
-0.29556
-0.37356
0.09924
0.60385
0.23576
0.29150
-0.14629
-0.33060
0.15623
0.27046
0.61146
0.34423
0.25126
0.18701
0.03028
0.18474
0.45666
0.70546
0.51976
-0.03145
0.10947
0.09376
0.13309
0.21485
0.41173
0.32768
0.13429
0.29954
0.40511
0.61657
0.28474
0.42325
0.59263
0.44706
0.28051
0.52718
0.29018
0.31942
0.88819
0.94593
0.85336
0.64193
0.36004
0.22503
0.03658
0.26534
0.81566
0.68099
0.36517
0.23979
0.22396
0.35943
0.35318
0.13393
0.48113
0.63284
0.46037
0.25968
0.02340
-0.04815
0.15517
0.25660
0.38572
0.16969
0.06615
0.01335
-0.00214
0.29406
0.33513
0.49632
0.28645
0.13616
0.11381
0.19697
0.28032
0.18197
0.27516
0.63312
0.30896
-0.02438
0.04464
-0.13709
-0.04409
0.24453
0.32025
0.21131
-0.00814
0.20788
0.26924
-0.04107
0.13545
0.31641
0.48406
0.25420
-0.03099
-0.03331
-0.12975
-0.16360
0.20313
0.37197
0.23333
0.21477
0.02008
-0.04685
0.10142
0.06953
-0.10734
0.01813
0.08639
-0.02833
-0.12228
-0.27350
-0.14702
0.21415
0.43523
0.28007
-0.19610
-0.30401
-0.09641
-0.03952
0.03641
0.15003
0.04554
-0.29897
-0.36021
-0.36426
-0.58644
-0.53650
-0.11644
0.03125
0.06714
-0.09415
-0.57760
-0.73362
-0.61786
-0.25791
0.03905
0.03566
-0.20942
-0.31588
-0.31029
-0.23480
-0.30205
-0.22028
0.14210
0.16414
-0.27932
-0.71979
-0.67811
-0.45950
-0.25230
-0.21879
-0.17089
-0.19872
-0.25953
-0.45253
-0.55844
-0.34984
-0.13154
0.02013
0.00324
-0.16039
-0.30572
-0.20251
-0.25831
-0.26419
-0.07759
-0.06241
-0.14618
-0.28122
-0.48097
-0.48654
-0.27177
0.01630
0.21647
0.34680
0.30757
-0.12916
-0.39080
-0.37710
-0.12806
0.09012
0.05093
-0.20230
-0.10887
-0.02201
-0.22319
-0.16912
0.04790
0.36338
0.22497
-0.15414
-0.24371
-0.12434
-0.12603
-0.02131
0.06183
-0.09032
-0.15463
-0.34272
-0.43660
-0.39596
-0.51382
-0.18337
0.28831
0.44050
0.28111
0.14161
-0.10264
-0.38171
-0.20751
0.03252
0.24059
0.15833
-0.09452
-0.24639
-0.14680
-0.22908
-0.23989
0.08517
0.35436
0.47343
0.36909
0.12852
-0.18429
-0.23599
-0.00071
0.22721
0.22686
0.06306
-0.05298
-0.07342
-0.12563
0.07907
0.29421
0.28892
0.34939
0.23893
0.16616
0.15319
0.13330
0.23729
0.55888
0.73663
0.53174
0.13164
-0.11304
-0.09306
-0.15678
0.04746
0.59340
0.96550
0.81084
0.35612
-0.06082
-0.05024
0.19965
0.45920
0.58811
0.40286
0.09399
-0.01815
-0.05935
-0.24883
-0.09858
0.25426
0.46863
0.37129
0.15704
0.04608
-0.11109
-0.36130
-0.16095
0.28972
0.22456
0.26881
0.15669
-0.24685
-0.20401
-0.21423
-0.34412
0.00386
0.46161
0.43555
0.16717
-0.05487
-0.15377
-0.03349
0.11354
0.19971
0.41290
0.26470
-0.06897
-0.29145
-0.42224
-0.46531
-0.30935
0.20458
0.56853
0.51172
0.13816
-0.25592
-0.43857
-0.12319
0.25987
0.49908
0.45265
0.14855
-0.03880
-0.15411
-0.09740
0.05524
0.10010
0.27042
0.48241
0.55392
0.38001
0.15067
-0.06690
0.01484
0.39999
0.63923
0.67369
0.30675
0.07140
-0.12455
-0.17940
-0.11337
0.07632
0.17728
0.28887
0.36344
0.00029
-0.47747
-0.43606
0.04445
0.27254
0.37874
0.32608
0.14299
-0.29101
-0.52625
-0.57019
-0.33005
0.05223
-0.00290
-0.13632
0.10281
0.18613
-0.21007
-0.25858
0.10281
0.20216
0.03855
-0.01942
-0.04612
-0.47856
-0.74648
-0.52562
-0.30512
-0.13896
-0.31062
-0.28249
-0.07547
-0.13503
-0.34439
-0.46527
-0.09089
0.17688
-0.12320
-0.10127
-0.01684
-0.35141
-0.63574
-0.42931
-0.12656
-0.04427
-0.12581
-0.18691
-0.09777
-0.19158
-0.21827
-0.05842
0.18797
0.08502
0.03881
0.12206
0.07618
-0.44284
-0.71424
-0.35571
0.03855
0.27797
0.00049
-0.23377
-0.25786
-0.26218
-0.03941
0.43918
0.40777
0.07612
-0.19661
-0.12380
-0.17235
-0.52892
-0.55910
-0.21125
0.22217
0.38393
0.26776
0.05402
-0.03027
-0.04137
-0.14518
-0.17792
0.15455
0.23980
0.16611
-0.03844
-0.21752
-0.58799
-0.87745
-0.56137
-0.01961
0.48315
0.41617
-0.15222
-0.49386
-0.38262
-0.14473
-0.04888
0.20391
0.45957
0.20594
0.18738
0.02303
-0.51053
-0.68288
-0.26860
0.25286
0.41281
0.26686
0.13048
-0.28557
-0.52318
-0.48354
-0.39433
0.06421
0.30686
0.28538
0.26606
0.25929
-0.00092
-0.16464
-0.12090
0.17210
0.49760
0.27916
0.06365
0.03733
0.03555
0.02444
-0.42418
-0.47605
0.09516
0.63883
0.51993
0.26126
0.14634
-0.20492
-0.62860
-0.41905
0.20432
0.15708
0.20430
0.23103
0.24695
0.11867
-0.06739
-0.22459
-0.11041
0.21264
0.28461
0.41150
0.25701
-0.15253
-0.37905
-0.18536
0.30891
0.42810
0.27684
0.25057
0.02132
-0.42425
-0.76166
-0.30684
0.06981
-0.23354
-0.27628
0.35682
0.39020
-0.15130
-0.33439
-0.35090
-0.16587
0.16120
0.18163
-0.00906
0.05196
-0.08012
-0.32975
-0.53282
-0.27171
-0.10577
-0.10791
0.29860
0.51421
0.29319
-0.28989
-0.75195
-0.31645
0.32447
0.25706
0.15696
0.19418
0.14526
-0.47424
-0.66029
-0.11334
0.01235
-0.15640
-0.46224
-0.28767
-0.06823
0.04159
-0.38300
-0.55303
0.12512
0.18016
-0.18056
-0.34377
0.20163
0.08640
-0.19462
-0.08771
0.04569
0.24596
0.43933
0.37591
-0.18478
-0.29239
-0.28991
-0.29353
-0.02516
0.52572
0.40856
0.05266
0.01151
0.13252
0.20174
-0.11071
-0.28987
-0.11179
0.22889
0.03049
-0.35570
-0.08671
-0.21370
-0.36598
-0.38511
-0.12298
0.40141
0.26835
0.25157
-0.41117
-0.44552
-0.29362
-0.13797
0.05169
-0.04923
0.00421
0.17302
0.31144
-0.12685
-0.29829
-0.65988
-0.44697
-0.02463
0.40632
0.16341
0.01659
-0.40173
-0.55488
-0.33263
-0.29419
0.34940
0.32819
0.41366
-0.05417
-0.33465
-0.13097
-0.24912
-0.53527
-0.38909
0.05945
0.53615
0.41821
0.20463
-0.00819
-0.21004
-0.31314
0.02662
0.21056
0.13435
0.21976
0.56643
0.80947
0.15059
-0.12563
-0.69920
-0.54808
-0.28916
0.20533
0.35480
0.59120
0.59046
0.20979
-0.11241
-0.10228
0.10215
0.03606
0.23846
0.29200
0.66449
0.44337
0.24325
-0.61466
-0.67271
0.06070
0.73115
0.89128
0.74327
0.33424
0.07662
0.37666
0.08904
-0.32193
-0.11816
0.22996
0.13285
0.30240
0.17718
0.20569
0.00896
-0.20982
0.09617
-0.24456
0.35133
0.57396
0.31577
0.70099
0.07257
-0.28551
-0.54553
0.16440
0.46921
0.45841
0.56778
0.32523
0.06505
0.09720
0.21628
-0.16096
-0.31751
-0.29505
0.49082
0.57533
0.62617
0.74496
0.16069
-0.40575
-0.04487
0.43030
0.46880
0.41648
0.42449
0.03794
0.02003
0.26557
-0.23001
-0.24384
-0.19737
-0.09393
0.30758
0.97710
0.53155
0.06518
0.25014
-0.06558
0.35830
0.74928
0.79034
0.13611
-0.01042
0.33861
-0.41610
-0.48693
-0.40632
-0.26544
0.09065
0.19286
-0.02677
0.06764
0.19809
-0.01298
0.23109
0.52518
0.66482
0.32242
0.03646
-0.10525
-0.24914
-0.45463
-0.00568
-0.54767
-0.33683
0.19563
-0.06360
-0.29234
-0.89140
-0.40209
-0.40704
0.23272
0.00418
0.13477
0.58292
0.31432
0.00656
-0.75856
-0.49220
-0.38205
-0.78106
-0.60023
-0.03116
0.31075
0.25090
0.19980
-0.32228
-0.90372
-0.52031
-0.43088
-0.13537
0.09321
0.36766
0.33901
-0.13318
-0.57377
-0.47977
-0.16995
-0.49725
-0.97091
-0.55270
0.01858
0.13711
0.14755
-0.28743
-0.56923
-0.33487
-0.47211
-0.12158
0.11800
0.19815
0.42158
-0.22649
0.21120
-0.07580
-0.30777
-0.40878
-0.89783
-0.90599
-0.26581
0.24389
0.30803
0.29041
-0.46723
-0.41522
-0.32554
-0.59915
-0.30581
0.22070
0.04492
-0.25855
0.11337
0.04338
-0.27510
-0.63954
-0.67651
-0.44640
-0.26695
0.22764
0.37653
0.37054
0.06217
-0.06957
-0.41876
-0.23292
0.35736
0.43401
0.15159
-0.15117
-0.24320
-0.40068
-0.10561
0.07038
-0.43308
-0.67779
-0.26709
0.30728
0.59106
0.41134
0.06528
-0.45714
-0.39216
-0.31980
-0.19197
-0.16536
-0.13268
0.37515
0.61933
0.80854
0.61894
0.08383
-0.40264
-0.75515
-0.70233
-0.22557
0.58381
0.80785
0.52460
0.06603
-0.13048
-0.30783
-0.25109
-0.41166
-0.36814
0.47442
0.55453
0.96275
0.53208
0.03535
-0.01977
-0.50596
-0.47791
-0.03408
0.13376
0.27078
0.62156
0.47661
-0.13044
-0.43242
-0.28525
-0.27489
-0.13508
0.13411
0.59667
0.70805
0.52894
0.49456
0.37844
-0.30342
-0.77491
-0.30089
0.12835
0.12599
0.70140
0.56024
0.15472
-0.00987
-0.23204
0.14167
-0.13152
-0.26674
-0.17265
0.30857
0.34920
0.59249
0.43596
-0.29746
-0.37505
-0.11419
0.15864
-0.11911
-0.13436
-0.32367
0.09826
0.26297
0.22746
0.03810
-0.56528
-0.26377
-0.23640
-0.17515
0.46657
0.31843
0.24856
0.78878
0.37720
-0.17751
0.17103
-0.15225
-0.42731
0.17161
0.30632
0.19887
0.08516
0.14555
-0.17105
-0.21423
-0.08390
-0.24232
-0.18785
-0.28156
-0.09014
-0.04759
0.21600
0.25078
0.04847
0.03039
-0.16335
-0.31363
-0.20923
0.20958
0.04982
-0.04307
0.23483
0.19657
-0.20210
-0.29309
-0.43623
-0.07793
0.09128
-0.23611
-0.36208
-0.32060
-0.10487
-0.11350
-0.11879
-0.59765
-0.36848
-0.02570
0.08488
0.34445
0.32896
-0.20030
-0.50796
-0.38425
-0.34385
-0.14665
-0.35448
-0.27333
0.01924
-0.44860
-0.24979
0.33112
0.01693
-0.35960
0.02680
0.21610
-0.19331
-0.05778
-0.04924
-0.05002
-0.65159
-0.62104
-0.01693
-0.08861
0.07262
-0.23628
-0.06859
0.12525
-0.39519
-0.52383
-0.83720
-0.88434
-0.14119
0.61668
0.73621
-0.12452
-0.41403
-0.14948
0.23779
0.13896
-0.16432
0.13216
0.09696
0.17509
0.19174
0.06889
-0.04474
-0.45463
-0.25710
-0.03522
-0.55104
-0.17011
-0.16541
-0.55134
-0.32465
-0.28888
0.05491
0.16102
0.22026
0.69987
0.06880
-0.60663
-0.33836
-0.35788
0.17839
0.46182
0.27822
0.22265
-0.13747
-0.21773
0.02503
0.12114
0.16633
-0.11951
-0.45515
-0.50627
0.21587
0.59952
0.03352
0.23201
0.13203
0.33149
0.19806
-0.25028
-0.34200
-0.37245
0.29737
0.31865
0.43757
-0.05851
-0.29826
-0.20014
-0.41895
-0.17652
-0.28846
-0.22892
0.11656
0.68259
0.41503
0.54327
0.46711
-0.01624
-0.03657
-0.07130
0.06752
-0.22820
0.12086
0.45792
0.52655
0.63200
0.42452
0.49923
0.31337
-0.16362
0.02192
-0.08737
-0.13802
0.24072
0.35249
0.52210
0.47099
0.54602
0.27607
-0.31634
-0.14420
0.23054
0.26556
0.32135
0.10740
0.10963
0.40101
0.27296
0.10806
-0.02821
-0.36597
-0.44277
-0.18458
-0.20247
-0.28533
0.40933
0.56797
0.36727
0.62000
0.29437
0.07843
-0.30735
-0.33278
0.06242
0.20377
0.48497
0.86295
0.64529
0.24789
0.13589
0.06330
0.13567
0.09935
-0.10154
0.00629
0.13254
-0.15880
0.31314
0.65797
0.22001
0.01792
0.11469
-0.19880
-0.14320
-0.08741
-0.22992
0.40067
0.44432
0.30975
0.29514
0.08822
0.21194
-0.12536
-0.41785
-0.39401
-0.48306
-0.27616
0.07051
0.24074
0.37637
0.33785
0.29706
0.23010
-0.19652
-0.24236
-0.22007
-0.31235
-0.17693
0.32301
0.45500
0.10694
0.07328
0.07662
0.13769
0.13147
-0.06487
-0.27700
-0.35999
0.01609
0.04635
0.11944
0.45200
0.38842
0.22762
-0.19366
-0.50635
-0.38804
-0.17964
-0.14005
0.09673
0.22435
0.12639
-0.04375
-0.08956
0.10937
-0.01037
-0.23432
-0.36166
-0.40437
-0.43162
-0.33738
-0.37866
-0.40198
0.13635
0.04691
-0.17283
-0.04031
-0.01486
-0.08805
0.04286
0.04784
-0.13827
-0.04704
-0.07515
-0.11525
0.08318
0.15398
-0.32996
-0.17783
-0.16970
-0.42255
-0.55291
-0.35547
0.03058
0.01712
0.23663
0.32036
0.19787
0.08216
-0.25868
-0.39182
-0.14594
-0.13808
-0.01062
0.02124
-0.06163
0.02825
0.12463
0.10493
0.29113
0.24907
0.05552
-0.04522
-0.21662
-0.19209
-0.31928
-0.38845
-0.20489
0.01018
0.16421
0.23317
0.10632
-0.27789
-0.55937
-0.54439
-0.32985
0.09614
0.35288
0.40264
0.25350
0.18064
0.05462
0.09758
0.24847
0.05996
-0.07780
-0.23527
-0.28350
-0.12458
0.16325
0.23901
0.30986
0.35880
0.21433
-0.02523
-0.21889
-0.32393
-0.53971
-0.39844
-0.10392
0.07281
0.16583
-0.07380
-0.20577
-0.09485
-0.03048
0.04490
-0.29478
-0.55823
-0.42496
-0.30483
0.03836
0.18073
0.18347
0.39897
0.23114
0.00251
0.17019
0.23429
0.04923
-0.12872
0.14758
0.40639
0.45438
0.41740
0.47875
0.51708
0.39089
0.28686
0.18139
0.22662
-0.08854
-0.27195
-0.10630
0.09423
0.15703
0.15974
0.36567
0.59710
0.54099
0.44549
0.35542
0.17437
0.06373
0.15806
0.24629
0.21506
0.38233
0.25988
0.20438
0.06179
-0.06227
-0.05019
0.04775
0.00686
-0.09736
-0.04869
-0.31787
-0.49857
-0.32519
-0.01267
0.13026
0.17296
0.10357
-0.05581
-0.26658
-0.32051
-0.45928
-0.39012
-0.30355
-0.22197
-0.11673
-0.02672
0.05589
-0.17182
-0.23798
-0.16878
-0.06085
-0.19023
-0.18133
-0.42712
-0.53170
-0.15727
-0.15935
-0.15025
-0.09950
0.01747
0.20000
0.16970
0.11858
-0.05002
-0.23457
-0.11685
-0.02713
0.06845
0.12023
0.07625
0.29897
0.45475
0.50239
0.39976
0.07634
-0.04116
0.07999
0.05184
-0.10771
-0.05174
0.32275
0.61824
0.47274
0.37440
0.24586
0.40261
0.45845
0.19270
-0.02629
-0.23157
-0.14636
0.03817
0.10678
0.19772
0.33849
0.22773
0.14811
-0.02332
-0.00737
-0.02534
-0.19147
-0.09324
-0.12265
-0.13814
-0.05970
0.02772
0.33809
0.28279
-0.11627
-0.19411
-0.06797
0.06313
-0.10589
-0.24955
-0.27248
-0.34094
-0.51288
-0.32958
-0.19583
-0.17084
0.13839
-0.02013
-0.24713
-0.30603
-0.26727
-0.17531
-0.32998
-0.48101
-0.20299
0.12699
0.21797
0.13937
0.11850
0.14490
0.21516
0.11915
-0.01804
-0.30114
-0.55090
-0.52081
-0.60919
-0.56204
-0.53295
-0.21177
-0.12216
-0.06147
0.02470
-0.18843
-0.39044
-0.36833
-0.09405
0.02019
-0.03378
-0.10086
-0.20592
-0.27546
-0.13987
0.14775
0.37766
0.24572
0.14972
0.02620
-0.18915
-0.07325
0.13349
0.09996
-0.06156
-0.30169
-0.23628
-0.04990
-0.00570
-0.04287
-0.05613
-0.10799
-0.31616
-0.45785
-0.29173
-0.15871
-0.29914
-0.26021
-0.03492
-0.00894
-0.02955
0.10423
0.10243
0.05558
-0.03646
-0.10272
-0.02017
-0.04391
-0.10781
0.16300
-0.00366
-0.14870
0.00683
0.03818
0.07151
-0.01915
-0.02291
-0.04730
0.01272
0.04239
-0.04583
-0.11404
-0.02667
-0.03105
-0.00292
0.13486
0.19834
0.19774
0.14023
0.22102
0.19823
0.00223
-0.17442
-0.13136
0.06798
0.35325
0.68291
0.67682
0.31611
0.08575
0.09378
0.18160
0.24691
0.26502
0.24983
0.19253
0.09820
-0.02410
0.07725
0.15477
0.20710
0.19519
0.11287
0.23580
0.39461
0.49253
0.33923
0.11582
0.01113
-0.10643
-0.13489
0.01099
0.07661
0.02333
-0.11162
-0.01764
0.30087
0.31130
0.31779
0.29176
0.06966
-0.04428
-0.15095
-0.24659
-0.13982
0.00673
0.07424
-0.01568
-0.05831
0.07907
0.11953
0.26931
0.32599
0.12089
0.02106
-0.00429
0.05740
-0.01798
-0.08789
-0.02028
0.04647
0.17043
0.05488
0.00802
0.00592
-0.07052
-0.10427
0.11677
0.15783
-0.03208
0.07228
0.05112
0.08941
0.25846
0.33817
0.25702
0.04187
-0.17361
-0.15567
-0.14332
0.00599
0.27961
0.18608
-0.02562
-0.11954
-0.20173
-0.26163
-0.29162
-0.10038
0.22391
0.11160
-0.06860
-0.21718
-0.48824
-0.57292
-0.28336
-0.03528
0.03313
-0.06110
-0.36678
-0.39913
-0.20945
-0.01099
-0.00825
-0.18877
-0.16871
-0.03592
-0.19236
-0.36900
-0.29887
-0.22805
-0.20547
-0.30987
-0.39632
-0.38723
-0.21481
-0.18220
-0.33862
-0.18500
-0.09235
-0.06130
-0.20676
-0.53142
-0.58865
-0.37943
-0.12025
-0.06856
-0.10671
-0.13284
-0.07099
-0.06780
0.11921
0.04262
-0.29893
-0.30111
-0.17066
-0.04119
0.00675
0.03920
0.07262
0.27138
0.09456
-0.32213
-0.21517
0.20525
0.15622
-0.03649
-0.01985
-0.07134
-0.12460
-0.16340
-0.13474
-0.06525
0.00929
0.08675
0.06108
-0.08162
-0.27484
-0.31768
-0.07131
-0.02265
0.02148
0.24102
0.31351
-0.07080
-0.29423
0.02814
0.25638
0.22698
0.21151
0.06702
-0.08973
-0.00910
0.19396
0.52008
0.44591
0.14468
0.18518
0.36727
0.38312
0.16504
0.01412
0.16562
0.43757
0.68891
0.60193
0.33940
0.19064
0.10538
0.16048
0.21851
0.17823
0.20419
0.15644
0.25833
0.36288
0.25165
0.33868
0.37207
0.56184
0.72521
0.46708
0.10975
0.01098
0.10180
0.22646
0.35512
0.54011
0.52386
0.33294
0.18155
-0.09164
-0.12339
0.03299
0.34069
0.46431
0.38615
0.18021
-0.00785
-0.10658
-0.06840
0.03316
-0.01744
0.15301
0.23376
0.06923
-0.03051
0.04255
0.10960
0.28271
0.33704
0.16009
-0.03883
-0.06742
-0.11770
-0.08090
0.12383
0.36298
0.42072
0.30925
0.17670
0.04103
0.05169
0.06431
0.18931
0.20649
0.31260
0.17835
-0.00331
0.15166
0.14267
0.02614
0.06958
0.05527
-0.23545
-0.35007
-0.26192
-0.20946
-0.20504
-0.17054
-0.06541
-0.08917
-0.37134
-0.58096
-0.49989
-0.43947
-0.51207
-0.33789
-0.13731
-0.18264
-0.24566
-0.29139
-0.38151
-0.29842
-0.27975
-0.28109
-0.24506
-0.42927
-0.33968
-0.25043
-0.14761
-0.29317
-0.46675
-0.31031
-0.25411
-0.33928
-0.35257
-0.16927
-0.08499
-0.19911
-0.31747
-0.38642
-0.49606
-0.43956
-0.43368
-0.35492
-0.39130
-0.54417
-0.48710
-0.23453
-0.11742
0.04145
0.04126
-0.01136
-0.05930
-0.25874
-0.16270
0.17755
0.28507
-0.09958
-0.07449
-0.00138
0.03361
0.26636
0.23753
-0.07695
-0.11332
-0.09722
-0.12176
0.09474
0.23251
0.08317
0.04758
0.29665
0.28944
0.03297
-0.12177
-0.16776
-0.33437
-0.29894
-0.01459
0.16241
0.21624
0.25671
0.05496
0.00512
-0.07699
-0.12626
-0.13322
-0.08479
0.21551
0.26939
0.21682
0.05934
-0.05356
-0.14158
-0.04070
0.04222
0.11645
-0.10032
-0.30575
-0.22930
-0.17723
-0.00060
0.01397
0.23097
0.42762
0.28019
0.05492
0.06516
-0.03468
0.08218
0.18870
0.25884
0.31308
0.29206
0.30837
0.16602
0.09910
0.03815
0.30723
0.44434
0.47047
0.45580
0.46268
0.40405
0.34009
0.12460
0.13734
0.44615
0.40623
0.27064
0.07105
-0.07021
0.05471
0.45881
0.43952
0.14537
0.20488
0.24123
0.28661
0.20398
0.00699
0.13392
0.10235
-0.14743
-0.11590
0.09219
0.05177
0.34071
0.40217
0.26263
0.19435
-0.24233
-0.22293
0.04848
0.12035
0.34811
0.30757
0.16790
0.05011
-0.32656
-0.38815
-0.40122
0.00792
0.04237
-0.10174
-0.00312
-0.34056
-0.28230
-0.27433
-0.07286
-0.00504
-0.29373
-0.18348
-0.10063
-0.18187
-0.19456
-0.19226
-0.44198
-0.53659
-0.35507
-0.04070
0.05807
-0.18066
-0.43773
-0.44601
-0.27117
-0.32265
-0.43114
-0.23590
-0.18896
-0.33706
-0.41918
-0.38447
-0.20695
-0.08193
-0.06134
-0.38891
-0.64592
-0.73267
-0.54942
-0.52371
-0.50333
-0.28564
-0.37066
-0.25911
-0.18153
-0.34395
-0.40656
-0.28424
-0.35832
-0.32498
-0.35964
-0.49563
-0.46964
-0.43193
-0.41023
-0.46271
-0.29291
-0.21036
-0.03878
-0.04659
-0.48969
-0.38818
-0.02247
-0.14952
-0.15727
-0.29832
-0.28009
-0.17674
-0.55500
-0.67551
-0.42259
-0.46170
-0.55095
-0.09429
-0.20398
-0.12156
0.28232
0.12241
0.09173
0.02820
-0.03248
0.03064
-0.10297
-0.20527
-0.28248
-0.43683
-0.07052
0.11015
-0.05721
0.06652
0.08170
0.16282
-0.02492
-0.10133
0.03043
0.18101
0.27858
0.11573
-0.17373
-0.19760
-0.14727
-0.33660
-0.13730
0.10582
0.27362
0.27482
0.09274
0.33335
0.25383
-0.14899
0.22535
0.34396
0.33496
0.01762
-0.29713
-0.15317
-0.14922
-0.05455
0.24060
-0.04478
0.08875
0.42562
0.41993
0.74163
0.42385
0.45169
0.39182
0.16366
0.15673
0.51995
0.36451
-0.05808
-0.04133
-0.10282
0.02827
0.46839
0.56760
0.51466
0.61324
0.62857
0.92648
0.79072
0.79306
0.69131
0.48388
0.60423
0.21842
0.11933
0.30746
0.49111
0.66393
0.15524
0.36573
0.63890
0.44629
0.50973
0.55602
0.55808
0.59505
0.72897
0.86568
0.68071
0.55792
0.58568
0.41403
0.31476
0.41146
0.45686
-0.00463
-0.10245
0.16269
0.36813
0.47838
0.55977
0.29458
0.50583
0.72514
0.80926
0.59998
0.24460
0.18833
0.05883
0.47278
0.46683
0.22764
-0.36091
0.01027
0.54761
-0.13263
-0.31528
0.15643
0.36122
0.14759
0.23678
0.53957
0.61562
0.46208
0.14533
0.11413
0.05071
0.17665
0.22979
-0.39967
-0.25203
-0.47126
-0.68392
-0.43421
-0.07946
0.41869
0.35985
0.54809
0.50149
0.21641
-0.00932
-0.27037
-0.16703
-0.07715
-0.12251
0.12283
0.03394
-0.22662
-0.66417
-1.02711
-0.47065
-0.10580
0.00715
0.31660
0.50440
0.56453
0.12107
-0.39781
-0.27807
-0.18310
-0.27137
-0.11120
-0.14541
-0.50681
-0.67717
-1.03737
-0.94634
-0.51198
-0.83824
-0.52642
-0.01534
0.45994
0.54275
0.05430
-0.06272
-0.46649
-0.44839
-0.41049
-0.59333
-0.42016
-0.64252
-0.69068
-0.56071
-0.57944
-0.68666
-0.72609
-0.42872
-0.05744
0.25630
-0.19772
-0.20315
-0.12002
-0.39376
-0.69282
-0.59608
-0.32902
-0.32506
-0.53574
-0.68097
-0.04665
-0.57548
-0.62329
-0.47841
-0.59719
-0.36609
-0.40176
0.07224
0.36815
0.34909
0.06457
-0.17220
-0.55755
-0.59455
-0.62180
-0.59000
-0.68015
-0.76643
-0.47828
-0.83561
-0.29392
0.17492
-0.08767
-0.26065
-0.18050
-0.04055
-0.35080
-0.30239
-0.01820
0.02031
0.18356
-0.05664
-0.19514
-0.04826
0.04157
0.31466
0.17861
0.03041
0.05931
-0.02225
-0.58220
-0.48271
-0.09088
-0.06131
0.28934
0.40191
-0.02019
0.14138
0.15368
0.11100
0.16353
-0.32595
-0.44806
-0.36256
-0.14802
-0.36183
-0.00045
0.36344
0.17796
0.00322
-0.17147
-0.28163
-0.27087
0.47585
0.70365
0.30321
0.21752
0.55823
0.70735
0.52659
0.30621
0.23403
0.46389
0.43088
0.21061
-0.03288
-0.05066
-0.45690
-0.71337
-0.39288
-0.05949
0.26805
0.55058
0.84739
0.42606
0.11390
0.21192
0.46523
0.62529
0.61947
0.70108
0.33221
0.21117
0.23193
0.04188
-0.16000
-0.32483
-0.06703
-0.06085
0.05984
0.42735
0.45900
0.47793
0.30657
0.33789
0.43390
0.17592
0.13657
0.32441
0.40799
0.37142
0.23296
0.03428
0.05343
0.14309
-0.21007
-0.37278
-0.30289
-0.23197
-0.05536
0.36914
0.68271
0.80115
1.07018
0.94019
0.67480
0.38436
0.11302
-0.04256
0.01269
-0.02550
-0.05271
-0.15987
-0.31848
-0.54520
-0.55393
-0.19733
0.14762
0.28577
0.08931
0.06079
0.16077
0.34901
0.53931
0.56009
-0.08326
-0.27598
-0.11113
-0.33665
0.05972
0.51870
0.31723
-0.02913
-0.52343
-0.81695
-0.60689
-0.02956
0.00800
0.01955
0.17480
0.20919
0.30576
0.40934
0.23384
0.10990
0.10772
-0.36652
-0.61189
-0.77849
-0.08966
-0.05931
0.21853
0.18326
-0.49357
-0.48123
-0.53110
-0.35016
-0.23297
0.03253
0.31003
0.55805
0.43452
0.30681
-0.37591
-0.79027
-0.55316
-0.44238
-0.37573
-0.32128
-0.19754
-0.19025
-0.29652
-0.38664
-0.31068
-0.34276
-0.41913
-0.24450
-0.23519
-0.38194
-0.05882
0.12071
0.30291
0.33834
0.18862
0.12892
0.00078
-0.16446
-0.17676
-0.21607
-0.53384
-0.39057
-0.15024
-0.00881
0.24216
0.15359
-0.16355
-0.15702
-0.13637
-0.19300
-0.49799
-0.40919
0.16640
0.35991
0.08117
-0.20006
-0.01087
-0.02229
-0.07727
0.06402
0.14362
-0.07247
-0.18959
0.01412
0.19686
0.04164
-0.32501
-0.32024
-0.30901
-0.38138
-0.25862
-0.08229
0.03419
0.09717
0.24661
0.48687
0.58715
0.17450
-0.26471
-0.14777
-0.22008
-0.26707
-0.30002
-0.40613
-0.01786
0.19173
0.40433
0.42092
0.25434
0.13986
-0.30081
-0.43720
-0.08154
0.15197
0.23829
0.36872
0.55795
0.87269
0.88540
0.45952
-0.00179
0.05229
-0.03888
-0.43336
-0.31798
-0.45799
-0.51322
-0.19137
0.24986
0.73637
0.53738
0.17391
-0.18197
-0.38395
-0.17874
0.08555
0.18832
0.27698
0.43680
0.69685
0.91219
0.91523
0.48242
0.21368
0.18250
-0.01140
-0.22034
-0.21993
-0.20247
-0.33878
-0.27505
0.11312
0.83201
0.46374
-0.04768
-0.21434
-0.28867
-0.11334
-0.07650
0.06415
0.14967
0.11656
0.38265
0.65961
0.52241
0.10297
-0.30781
-0.08236
-0.05183
-0.37661
-0.55570
-0.38017
-0.11326
0.00906
0.45607
0.73454
0.10984
-0.34738
-0.21468
0.18012
0.58445
0.38684
0.21638
0.07434
0.18339
0.44610
0.35166
0.06139
-0.36510
-0.27714
-0.19662
-0.12308
-0.26195
-0.49336
-0.44798
-0.40515
-0.07778
0.38424
0.17387
-0.25738
-0.09028
0.26348
0.32695
-0.01591
0.02892
0.38506
0.80372
0.61929
0.14077
-0.07780
-0.01219
-0.00932
-0.08611
-0.12710
-0.10727
-0.44697
-0.54580
-0.27228
-0.30584
-0.10771
0.25953
0.26601
-0.05853
-0.10574
-0.32247
-0.28146
-0.20117
-0.05580
0.05805
0.13702
-0.19789
-0.47000
-0.31820
-0.24100
-0.08748
-0.14099
-0.26833
-0.38718
-0.17514
0.04749
-0.20144
-0.08693
-0.01478
-0.22960
-0.31703
-0.32342
0.18367
0.15722
0.07803
-0.00336
0.07868
0.19242
-0.01211
-0.10895
-0.21627
-0.18417
-0.04136
-0.08773
-0.33430
-0.27794
-0.30248
-0.33665
-0.10710
0.07175
0.01069
0.05026
0.18858
-0.03806
-0.34878
-0.24052
-0.19489
-0.19519
-0.03604
0.17555
0.12467
0.19429
0.37140
0.15749
-0.08132
-0.31934
-0.36220
-0.21575
-0.44798
-0.71508
-0.49525
0.02386
0.58479
0.56817
-0.04130
-0.36854
-0.30882
-0.38061
-0.45340
-0.51498
-0.40139
-0.33247
-0.10414
0.15040
0.22774
0.26586
-0.10908
-0.45045
-0.41205
-0.28501
-0.14312
0.10015
0.03686
-0.09630
0.17940
0.49861
0.26420
-0.10818
-0.21444
-0.25205
-0.13738
-0.39017
-0.81899
-0.78176
-0.64428
-0.27666
0.19470
0.55102
0.54307
0.26555
-0.15887
-0.34206
-0.31890
-0.28206
-0.30097
-0.34523
0.00661
0.24608
0.18621
-0.12927
-0.24016
-0.17699
0.22841
0.34641
0.08943
-0.19734
-0.39939
-0.35695
-0.26082
0.07945
0.29463
0.25252
0.23026
0.29004
0.13670
0.05623
-0.08785
-0.07469
0.31058
0.48990
0.48058
0.24879
-0.05561
-0.10023
-0.04047
0.06305
0.26299
0.13616
-0.13584
-0.03682
-0.05009
0.03346
0.16698
0.05338
-0.08741
-0.02019
0.30675
0.45610
0.40802
0.49636
0.55776
0.61429
0.73516
0.57863
0.37343
0.40855
0.61932
0.38158
-0.00747
-0.05850
-0.05000
0.12105
0.23802
0.32885
0.31771
0.07349
-0.08491
-0.33071
-0.35150
-0.02181
0.35213
0.60173
0.67684
0.67445
0.59268
0.57001
0.56133
0.41728
0.13569
-0.12848
-0.15742
-0.00432
0.18878
0.26508
0.22618
0.13802
-0.03517
-0.21112
-0.32935
-0.41915
-0.39653
-0.06800
0.22781
0.28273
0.29705
0.23005
0.02197
0.02392
0.14661
0.12587
0.26336
0.49371
0.41096
0.11328
0.05592
0.24047
0.14825
0.02803
0.13881
0.24335
0.23174
-0.00595
-0.09725
-0.07431
-0.13163
-0.13254
-0.01275
0.12777
0.30871
0.30758
0.16267
0.04511
0.10917
0.35363
0.32042
0.28738
0.10608
-0.14845
-0.35457
-0.41423
-0.12019
0.10137
0.03073
-0.03335
-0.06557
-0.40278
-0.76198
-0.71593
-0.37250
-0.16364
0.12156
0.31554
0.20954
-0.14177
-0.50343
-0.74119
-0.85783
-0.65055
-0.41652
-0.16811
0.14704
-0.01151
-0.30812
-0.41150
-0.55059
-0.49306
-0.38242
-0.15028
-0.05581
-0.06189
-0.23855
-0.51076
-0.62313
-0.69004
-0.56144
-0.28844
-0.08562
0.17273
0.37186
0.16132
-0.15895
-0.51232
-0.67190
-0.52370
-0.42748
-0.39189
-0.13679
-0.03390
-0.03719
-0.11119
-0.00971
0.12818
0.22511
0.25700
-0.08348
-0.38324
-0.60032
-0.61368
-0.52567
-0.40534
-0.43330
-0.37978
-0.19816
0.03713
0.16082
0.09682
0.16730
0.28170
0.18572
-0.22769
-0.56052
-0.61731
-0.38338
-0.09116
-0.00951
0.16401
0.15989
0.26146
0.23734
-0.01960
0.07632
0.10540
0.13914
0.17269
0.13612
-0.10508
-0.00144
0.14030
0.13395
0.08397
-0.03907
-0.01223
0.04644
0.37820
0.51127
0.50451
0.38105
-0.07553
-0.43140
-0.29740
-0.10023
0.04346
0.34199
0.48546
0.60335
0.49253
0.21315
-0.03257
-0.04879
-0.00634
-0.10990
0.07139
0.12146
0.19121
0.25704
0.24195
0.21206
0.09671
0.13222
0.29197
0.03032
-0.04833
0.16132
0.29058
0.07260
-0.17753
0.31279
0.39562
0.16490
0.24732
0.49966
0.27955
0.22498
0.33536
0.44232
0.36240
0.09708
0.16911
0.29648
0.31989
0.40906
0.51927
0.22834
-0.02565
0.06743
0.04669
-0.08322
0.01037
-0.10506
0.44923
0.44920
-0.00658
0.19778
0.26026
0.09712
0.21846
0.42007
0.08252
0.21844
0.44734
0.23831
-0.04475
0.01237
0.08513
0.12201
0.17556
0.04914
-0.00329
-0.14410
-0.13544
0.10898
0.09896
-0.11277
-0.02477
0.26680
0.25700
0.05268
0.07841
-0.14861
-0.07097
0.24663
0.10169
0.02772
-0.10371
-0.26664
-0.13206
0.12027
0.09315
0.20769
0.42171
0.28484
0.12156
0.04694
-0.13047
-0.14555
0.06953
0.09716
-0.12622
-0.18746
-0.20752
-0.22053
-0.11969
-0.03923
0.01314
0.02429
0.07723
-0.10199
-0.29943
-0.35407
-0.46693
-0.50719
-0.23825
0.06986
0.24774
0.10429
-0.06850
-0.01418
-0.02292
-0.19702
-0.24438
-0.04750
-0.03374
-0.02782
0.04329
0.06286
-0.04539
-0.30077
-0.24148
-0.05353
-0.20206
-0.32659
-0.35650
-0.08935
0.13009
-0.13275
-0.20806
0.17149
0.07422
-0.22229
-0.28359
-0.32874
-0.02995
0.04563
0.15532
0.23972
0.09866
0.02164
-0.11241
-0.01203
0.00729
-0.25633
-0.34823
-0.25103
-0.17825
-0.09536
-0.21316
-0.49160
-0.62574
-0.55755
-0.40849
0.03630
0.10841
-0.10358
0.12110
0.01359
-0.07932
-0.34906
-0.47387
-0.23839
-0.13936
-0.06076
-0.10944
-0.13834
-0.03178
0.11626
0.06176
-0.04116
-0.03138
-0.09575
-0.07741
0.17852
0.09165
0.09828
-0.25199
-0.66375
-0.38519
-0.13260
-0.12466
-0.01846
-0.02351
-0.03568
0.15573
0.00398
-0.25010
-0.47460
-0.27781
0.03991
0.26393
0.35197
0.14711
-0.15382
0.02985
0.25887
0.13520
-0.10118
-0.00096
0.16486
0.02818
0.08886
-0.07151
-0.40284
-0.38802
0.35737
0.31981
-0.19619
-0.05888
0.24834
0.17446
0.04044
-0.10562
-0.46225
-0.07797
0.18914
0.13710
0.27961
0.20095
0.06840
0.05960
0.32317
0.26385
-0.04781
-0.03680
-0.05616
-0.06596
-0.10790
-0.10660
-0.19026
0.06026
0.25192
0.18126
-0.03491
-0.27308
0.09805
0.26333
0.13796
-0.14488
-0.01579
-0.11674
-0.24437
0.16520
-0.18311
-0.13850
0.31755
0.39812
0.32455
0.07684
-0.23879
-0.46103
-0.23713
0.04356
0.01387
-0.05518
0.11729
0.30409
0.20189
0.30383
0.13616
-0.13915
-0.03648
0.14089
0.07167
-0.18791
-0.13632
0.18132
0.27737
-0.06028
0.07206
0.13163
0.14684
-0.05442
-0.17816
0.05994
0.03624
0.04860
0.16138
0.15606
0.24118
0.16935
-0.14412
0.25653
0.38185
0.18242
0.00336
-0.24786
-0.41718
-0.29006
-0.27181
-0.25218
0.03405
-0.01138
0.04048
0.41500
0.34767
0.06254
-0.14529
-0.21658
0.06323
-0.08045
-0.00984
0.24530
0.34551
0.30086
0.42523
0.30512
0.05397
0.30087
0.37536
0.33389
0.10954
0.04045
0.06342
-0.14363
-0.16306
-0.05389
-0.13085
-0.30299
-0.24509
0.18903
0.14484
0.11222
-0.06262
-0.42352
-0.16864
-0.10452
0.13863
0.43090
0.30949
0.38918
0.29464
-0.13058
-0.23333
-0.29581
-0.24384
-0.03653
-0.00972
0.11883
0.24458
0.28519
0.38472
0.29478
0.24876
0.22402
0.10012
0.11098
0.19012
0.10417
-0.13378
0.17319
0.16497
-0.23578
-0.13073
0.00723
0.17340
0.50599
0.52399
0.21731
0.10502
0.04384
-0.01796
-0.09611
-0.25022
-0.18122
0.08516
0.13134
0.21465
0.16971
0.22953
0.27718
0.03336
0.10378
0.29506
0.32523
-0.03108
-0.11884
0.28340
0.04247
-0.27990
0.11545
-0.01027
-0.36143
-0.45173
-0.32295
-0.14061
0.03466
0.24617
0.19961
-0.12668
-0.28168
-0.06683
-0.04612
-0.02035
-0.19408
-0.19341
-0.11556
-0.51971
-0.27425
0.03400
-0.42671
-0.22166
0.17613
0.48007
0.28850
-0.23351
-0.14818
-0.23539
-0.02974
0.19190
0.27658
0.24040
-0.24152
-0.23842
0.10680
-0.04196
0.03294
0.33732
-0.01058
-0.24055
-0.13440
0.11215
-0.03083
-0.46592
-0.00627
0.18456
-0.12605
-0.16628
-0.45812
-0.55048
-0.30862
-0.38424
-0.11927
0.06583
-0.32081
-0.25073
-0.16295
-0.33245
-0.16561
-0.09402
-0.07872
-0.08566
-0.38286
-0.29893
-0.08443
-0.24665
-0.43720
-0.15727
0.02018
0.00282
-0.04027
0.11204
0.11842
-0.31381
-0.24411
0.02357
-0.09754
-0.23274
0.07306
0.06447
0.07348
0.15055
-0.03868
-0.19161
-0.18971
-0.07296
0.04816
-0.00162
-0.26008
-0.08371
-0.01418
0.09215
0.24748
0.00880
-0.07572
-0.06998
-0.06367
-0.09714
0.02202
0.09319
-0.02688
-0.18385
-0.26285
0.03483
-0.03484
-0.37075
-0.23423
-0.17977
-0.25124
-0.16115
-0.10841
-0.24327
-0.25566
0.12735
-0.04146
-0.07455
0.15708
-0.10724
-0.34786
-0.27569
-0.21313
-0.45671
-0.31174
-0.07034
-0.35868
-0.47669
-0.13671
-0.00142
0.05024
0.20162
0.12706
0.02182
0.12919
0.18300
0.36624
0.11471
-0.21699
0.14660
0.35906
-0.03115
-0.26789
-0.00363
0.03284
-0.24668
-0.02475
0.38907
0.15930
0.15497
0.40868
0.33647
0.08518
0.00219
-0.16992
-0.19378
-0.07279
-0.22488
0.00067
0.33695
0.38478
0.38872
0.14702
0.07966
0.22190
0.28824
0.28990
0.01522
-0.04119
0.17658
0.10904
-0.05046
0.01728
0.07170
0.05588
0.03873
0.22673
0.27582
0.22699
0.23912
0.21309
0.24740
0.20947
0.07635
-0.03495
-0.16328
-0.15524
0.02193
0.04559
-0.06953
-0.09917
0.04517
0.20720
0.33801
0.39706
0.39446
0.34608
0.33699
0.31222
0.30107
0.15887
0.32126
0.39064
0.08769
0.05518
0.06724
0.11155
0.14279
0.17397
0.24110
0.44545
0.49305
0.42416
0.40143
0.20695
0.05689
0.04299
0.14040
0.17327
0.05379
-0.00732
0.17182
0.35247
0.33815
0.30155
0.06940
-0.03316
0.22696
0.12613
0.04955
0.28709
0.35737
0.40317
0.36101
0.32883
0.24422
0.23633
0.10797
-0.19865
-0.30525
-0.34838
-0.18021
-0.02902
0.00487
-0.01149
0.05858
0.20350
0.18165
0.00523
-0.05231
-0.16402
-0.15513
0.14078
0.12251
0.06908
0.04750
-0.00836
0.02751
0.07089
0.09340
-0.05730
-0.16062
-0.18950
-0.02248
0.17548
0.29876
0.43028
0.25358
0.21624
0.14561
0.01869
-0.03449
-0.09078
-0.09890
-0.07697
-0.10591
-0.20934
-0.13447
-0.12083
0.07517
0.17320
0.28344
0.37923
0.10021
-0.10024
-0.21705
-0.35321
-0.36903
-0.25097
-0.16006
-0.04260
0.08400
-0.08275
-0.26422
-0.28987
-0.33499
-0.25895
-0.25902
-0.22580
-0.07247
0.09064
-0.06691
-0.15240
-0.16607
-0.17991
-0.23459
-0.33697
-0.28650
-0.21040
-0.21961
-0.41910
-0.34000
-0.17599
-0.06329
-0.14240
-0.14486
-0.13642
-0.20494
-0.21871
-0.34112
-0.44416
-0.31276
-0.07999
0.00457
0.04037
0.08683
0.08886
-0.02024
-0.21691
-0.27123
-0.16537
-0.17476
-0.21251
-0.17797
-0.07123
-0.05875
-0.00725
-0.02848
-0.21755
-0.31908
-0.26759
-0.24622
-0.25083
-0.12346
0.01865
0.00481
-0.09763
-0.16142
-0.13793
-0.14471
-0.18668
-0.17647
-0.28347
-0.26828
-0.27404
-0.32809
-0.17058
-0.08941
-0.07576
-0.00329
0.08657
-0.03919
-0.16991
-0.11644
-0.17815
-0.05387
0.15678
0.10819
-0.04164
-0.06013
-0.13697
-0.22893
-0.23477
-0.11250
-0.04215
-0.06293
0.13085
0.09087
-0.02725
-0.04450
0.02543
0.07470
0.09436
0.14132
0.09496
0.01416
-0.07740
-0.15527
-0.14037
-0.09159
-0.05280
0.07808
-0.02691
-0.05814
-0.02957
0.02946
0.01972
-0.00284
0.13323
0.12065
0.18503
0.12499
0.14054
0.16390
0.04792
0.00430
-0.01826
0.10681
0.09317
-0.09199
-0.04482
-0.00633
0.10254
0.19866
0.29543
0.19812
0.13159
0.19683
0.01371
-0.10665
-0.24046
-0.06174
0.00780
0.05243
0.08612
0.06557
0.01104
-0.14091
-0.19148
-0.10875
0.04199
0.11603
0.08326
-0.03400
0.02593
0.06688
0.11227
0.18045
0.13195
-0.03593
-0.07221
-0.02041
0.08109
0.11675
0.09216
0.21383
0.31642
0.20938
0.26893
0.35787
0.34634
0.41541
0.37083
0.12845
-0.02448
0.06517
0.13270
0.28297
0.42637
0.36386
0.24190
0.01746
-0.06928
0.00101
-0.01406
0.08167
0.11682
0.20705
0.24923
0.27295
0.32012
0.19047
0.03854
0.12743
0.20952
0.04039
-0.06629
-0.09773
-0.40017
-0.38850
-0.10329
0.10953
0.22000
0.04320
-0.04130
-0.02879
-0.09875
-0.13850
-0.08401
-0.24928
-0.30402
-0.31858
-0.33483
-0.22112
-0.08147
-0.16427
-0.26660
-0.08945
0.00135
-0.06959
-0.10219
-0.09212
-0.09092
-0.09685
-0.04394
0.04393
-0.01026
0.00267
0.14335
0.13800
0.06718
-0.10962
-0.15978
-0.08069
-0.08760
-0.11715
-0.09801
0.15704
0.19654
0.06584
-0.07058
0.05020
0.07616
-0.16947
-0.18867
-0.01029
-0.02748
-0.10801
-0.18689
-0.19914
-0.14711
-0.22710
-0.24487
-0.11752
-0.05202
-0.14167
-0.07248
-0.01711
0.01630
0.06755
0.01026
-0.15853
-0.18903
-0.18832
-0.01542
0.08825
0.15647
-0.04722
-0.15753
-0.02772
0.08024
0.18040
0.05894
0.11124
-0.02197
-0.02858
-0.01807
-0.12746
-0.16375
-0.13291
-0.05585
-0.06367
-0.19775
-0.19861
-0.22085
-0.15036
-0.09693
-0.09296
-0.04067
-0.05962
-0.01497
0.03684
0.07639
-0.07000
-0.12709
-0.12305
-0.03185
0.03850
0.01835
-0.07573
-0.02035
0.07703
0.07304
0.05292
0.16664
0.25332
0.06288
-0.05535
0.00001
-0.07892
-0.14619
0.03146
0.07989
0.14412
0.09000
0.00352
-0.09267
-0.10373
0.08813
0.07385
0.03923
0.09798
0.13266
-0.00222
-0.10662
-0.05311
-0.07732
-0.01141
-0.01490
-0.01279
0.10845
0.12686
0.04842
0.03631
0.07963
0.07799
0.17716
0.25812
0.27312
0.18134
0.08504
0.10417
0.11718
0.05248
0.14637
0.20217
0.07758
-0.00651
-0.00103
0.09809
0.16414
0.17266
0.16120
0.13177
0.14198
0.19806
0.17055
0.27319
0.31055
0.20082
0.11721
0.09217
0.11576
0.12982
0.08891
0.06333
0.11503
0.03170
-0.07692
-0.04652
0.15780
0.24552
0.15791
0.00178
-0.11119
-0.05085
-0.03361
-0.14687
-0.15782
-0.01963
0.01381
0.00489
0.03903
-0.09909
-0.17855
-0.12473
-0.11372
-0.10565
-0.13819
-0.08059
-0.09655
-0.14825
-0.14675
-0.11436
0.01623
-0.07868
-0.12083
-0.00651
0.07538
0.14672
0.04073
0.05992
0.09118
0.04430
-0.03216
0.07003
0.19936
0.09095
-0.01362
-0.03402
0.12141
0.14819
0.12201
0.17480
0.24826
0.23000
0.19045
0.13398
-0.00658
-0.04090
-0.00121
0.01191
-0.02835
-0.04988
0.07248
0.23513
0.22514
0.11624
0.15069
0.19854
0.07993
-0.02545
-0.10291
-0.04713
-0.02704
-0.05685
-0.00140
0.01001
0.05352
0.11405
0.12248
0.04098
-0.01927
-0.01063
0.05868
0.04586
-0.13459
-0.12998
-0.09035
-0.13069
-0.13066
-0.09968
0.02066
0.06083
0.11375
0.06301
0.08344
0.06689
-0.01988
0.08104
0.07210
0.07673
-0.00918
-0.09541
-0.05295
0.07570
0.15844
0.10658
0.05598
0.06984
0.13486
0.06732
0.01216
0.12848
0.17743
0.10522
-0.01040
0.01159
0.14051
0.06970
-0.08016
-0.23385
-0.15350
0.05261
0.10063
-0.00770
-0.03795
0.03103
-0.02067
-0.01848
-0.15564
-0.19263
-0.13089
-0.10789
-0.04292
-0.03075
-0.03888
-0.10729
-0.11503
-0.03131
0.05323
0.09842
0.05890
-0.10608
-0.10011
-0.01984
-0.01434
-0.08406
-0.07543
-0.08559
-0.10062
-0.13029
-0.18861
-0.02374
0.02693
-0.05804
-0.12646
-0.00343
0.05828
0.05279
0.05275
-0.01448
0.00371
-0.00665
-0.02648
-0.11657
-0.14979
-0.15789
-0.19470
-0.12681
-0.05552
-0.02463
-0.01960
0.04266
0.01698
0.00440
-0.04810
-0.16726
-0.23749
-0.23790
-0.18653
-0.15060
-0.08475
-0.12843
-0.16071
-0.12005
-0.05969
-0.12805
-0.18446
-0.18248
-0.10828
-0.10977
-0.15590
-0.11393
-0.16382
-0.15646
-0.15192
-0.10202
-0.00266
-0.02631
-0.10992
-0.11527
-0.09010
-0.08403
-0.13599
-0.13351
-0.08029
-0.04777
0.01297
0.02571
-0.02128
-0.07727
-0.08221
-0.08618
-0.09275
-0.16315
-0.23836
-0.18103
-0.03908
0.04575
0.08548
0.13788
0.10343
0.07401
0.00446
-0.02981
-0.01895
0.01812
0.05468
0.02491
0.01049
0.00546
-0.08079
-0.09816
0.11010
0.08487
0.00324
0.06876
0.12700
0.15430
0.15309
0.09936
0.06543
0.15092
0.10805
0.07532
0.09382
0.11584
0.14561
0.14190
0.23162
0.24550
0.14158
0.12254
0.01707
-0.14261
-0.09832
-0.06491
-0.04928
-0.04519
-0.05751
-0.07579
-0.06798
0.02044
0.02233
0.10560
0.14977
0.10716
0.14351
0.14832
0.12550
0.12899
0.07611
0.08380
0.13449
0.10703
0.14082
0.17401
0.14122
0.16934
0.12319
0.12662
0.26548
0.30171
0.32120
0.27041
0.24097
0.26256
0.19885
0.16664
0.22364
0.21073
0.23282
0.28082
0.31026
0.32173
0.35154
0.30923
0.22473
0.19011
0.15592
0.15457
0.07623
0.09561
0.08509
0.09150
0.17692
0.22076
0.15828
0.12930
0.10093
0.01194
-0.00562
-0.02294
0.02054
0.12255
0.04638
-0.01372
0.01748
-0.00754
-0.01257
-0.02832
0.03701
0.02747
0.05015
0.02251
0.06530
0.03317
-0.01609
-0.03019
-0.17460
-0.17205
-0.14869
-0.09925
-0.14606
-0.12163
-0.06490
-0.09541
-0.19787
-0.25642
-0.20902
-0.19069
-0.16864
-0.14270
-0.17619
-0.14600
-0.17615
-0.29757
-0.23791
-0.22278
-0.22530
-0.16435
-0.12766
-0.07362
0.01242
-0.04962
-0.24166
-0.33382
-0.31682
-0.29135
-0.24961
-0.22973
-0.21738
-0.19794
-0.22986
-0.25638
-0.19978
-0.11816
-0.11299
-0.20119
-0.31155
-0.33003
-0.32943
-0.26702
-0.26186
-0.27512
-0.27530
-0.31293
-0.29844
-0.34909
-0.41915
-0.40334
-0.32820
-0.29448
-0.25817
-0.22752
-0.22679
-0.24287
-0.34486
-0.32426
-0.24391
-0.21538
-0.17049
-0.22595
-0.23661
-0.21829
-0.17770
-0.20638
-0.24188
-0.23330
-0.21405
-0.18900
-0.20518
-0.18384
-0.23980
-0.19537
-0.19517
-0.20323
-0.16541
-0.20538
-0.24389
-0.15612
-0.08391
-0.11070
-0.10927
-0.18790
-0.13132
-0.08913
-0.13244
-0.11379
-0.01793
-0.03360
-0.15736
-0.13518
-0.08794
-0.02856
0.02433
0.01645
0.01276
0.05098
0.05946
0.03067
0.05406
0.09182
0.06469
0.06852
0.04132
0.01936
0.09214
0.14178
0.12978
0.13293
0.16918
0.20544
0.19647
0.21650
0.26285
0.23252
0.25128
0.23819
0.31227
0.33607
0.31431
0.38132
0.36162
0.32003
0.31006
0.30063
0.35603
0.47538
0.48147
0.54031
0.57425
0.45787
0.32267
0.31889
0.40573
0.35661
0.33250
0.38049
0.37682
0.36806
0.32066
0.29856
0.29463
0.35371
0.39695
0.35712
0.30776
0.28443
0.33532
0.29948
0.28917
0.31892
0.34840
0.31993
0.25992
0.24514
0.19403
0.24063
0.25251
0.22064
0.25707
0.27616
0.28906
0.24983
0.14999
0.05960
0.05256
0.14753
0.23190
0.23564
0.25446
0.25468
0.25274
0.25446
0.26535
0.22663
0.16799
0.19324
0.19346
0.15090
0.14768
0.15900
0.17189
0.26835
0.31043
0.35080
0.35977
0.35705
0.33049
0.27613
0.23832
0.24874
0.18311
0.10055
0.17374
0.12726
0.10721
0.16117
0.17708
0.12584
0.08361
0.12515
0.10705
0.05691
0.05941
0.03990
0.03821
0.05814
0.04351
-0.06708
-0.15124
-0.16626
-0.14582
-0.11946
-0.22031
-0.26030
-0.22364
-0.25446
-0.27559
-0.19114
-0.12600
-0.17698
-0.28741
-0.32940
-0.35204
-0.41646
-0.39415
-0.37659
-0.34030
-0.32282
-0.35296
-0.31787
-0.29563
-0.19928
-0.18992
-0.23444
-0.23112
-0.19425
-0.19739
-0.27213
-0.26107
-0.23057
-0.23087
-0.28756
-0.28820
-0.24095
-0.21953
-0.38723
-0.45152
-0.38596
-0.41970
-0.43522
-0.48154
-0.45479
-0.49171
-0.47073
-0.33791
-0.31749
-0.33951
-0.39532
-0.40718
-0.49111
-0.59696
-0.58089
-0.56282
-0.55636
-0.53829
-0.45595
-0.41776
-0.39715
-0.37072
-0.27538
-0.27272
-0.33492
-0.24452
-0.26735
-0.31629
-0.33539
-0.32867
-0.29978
-0.34262
-0.41174
-0.39826
-0.39256
-0.36976
-0.28542
-0.31956
-0.30541
-0.29041
-0.33577
-0.34657
-0.31875
-0.35801
-0.34510
-0.28188
-0.27416
-0.17328
-0.14636
-0.14744
-0.06317
-0.00409
0.08860
0.11876
0.06517
0.05389
0.00310
0.05210
0.09684
0.12922
0.12940
0.10356
0.06467
0.03460
0.05806
0.03239
0.05310
0.03676
0.03288
0.03836
0.04968
0.08106
0.13708
0.09387
-0.04135
-0.09244
-0.01503
0.00262
0.01463
0.10914
0.12596
0.13060
0.12485
0.17917
0.26364
0.24949
0.22319
0.24675
0.27321
0.28675
0.32021
0.27411
0.25075
0.26180
0.20045
0.18547
0.18046
0.20802
0.20833
0.20305
0.16840
0.16387
0.08455
0.08398
0.15289
0.19003
0.28758
0.30281
0.37228
0.35924
0.33155
0.34288
0.34032
0.35239
0.40792
0.41594
0.46014
0.49041
0.42027
0.38957
0.40831
0.42236
0.44845
0.52229
0.52918
0.52519
0.44474
0.38326
0.34550
0.31596
0.35631
0.36338
0.27683
0.32081
0.30790
0.17110
0.17941
0.09098
0.11894
0.23661
0.26026
0.21668
0.16699
0.12149
0.06543
0.14371
0.15173
0.06470
0.12351
0.10260
0.04290
0.13773
0.17501
0.16806
0.17416
0.17255
0.16065
0.17076
0.19740
0.19786
0.08933
0.07135
0.09648
0.07786
0.05199
-0.04396
-0.05572
-0.08217
-0.09611
-0.09702
-0.08430
-0.01801
-0.04012
-0.03525
-0.01160
0.04583
0.05884
-0.01380
-0.00829
-0.01756
0.00363
-0.03375
0.00542
0.09728
0.10047
0.03257
0.01444
0.07196
0.10369
0.07506
0.10679
0.19510
0.09334
0.04910
0.06221
0.10476
0.13857
0.12621
0.06739
0.07515
0.06131
0.05958
0.01060
0.00682
0.04407
-0.07316
-0.18365
-0.26635
-0.26708
-0.35609
-0.31664
-0.25916
-0.25250
-0.24914
-0.17154
-0.14877
-0.18626
-0.19543
-0.17040
-0.11854
-0.14894
-0.08877
-0.16195
-0.19183
-0.15087
-0.15335
-0.13930
-0.12151
-0.14703
-0.18377
-0.17384
-0.18792
-0.11719
-0.04012
-0.21524
-0.27744
-0.24077
-0.25735
-0.12124
-0.07803
-0.05829
-0.14937
-0.26888
-0.27096
-0.14651
-0.16321
-0.24997
-0.18029
-0.13448
-0.08037
-0.02365
-0.08370
-0.10889
-0.05072
-0.09660
-0.06648
-0.13577
-0.16977
-0.28543
-0.28395
-0.17066
-0.13462
-0.14889
-0.22275
-0.25815
-0.30122
-0.26464
-0.24576
-0.16317
-0.25318
-0.35792
-0.37800
-0.42958
-0.35577
-0.20090
-0.31425
-0.28394
-0.13224
-0.19610
-0.24129
-0.22790
-0.12585
-0.01724
-0.01637
0.03089
0.09580
-0.01305
-0.00370
0.07960
0.14767
0.18665
0.19473
0.09717
0.10608
0.09579
0.12929
0.11248
0.02667
0.08593
0.07482
0.10890
0.14872
0.17524
0.04759
-0.09857
-0.15556
-0.15520
-0.22441
-0.36861
-0.50230
-0.43895
-0.36510
-0.37405
-0.30618
-0.37130
-0.42836
-0.32658
-0.23801
-0.21487
-0.23383
-0.23698
-0.17736
-0.12620
-0.02436
0.00127
-0.15557
-0.17345
0.00158
0.10836
0.01064
-0.14245
-0.04139
0.10453
0.24971
0.22662
0.12865
0.07658
0.15466
0.19586
0.29104
0.42317
0.32365
0.31375
0.26588
0.28167
0.30617
0.31120
0.36298
0.30944
0.28173
0.40444
0.34593
0.34790
0.33200
0.47284
0.49676
0.33684
0.34758
0.34052
0.37016
0.29447
0.40838
0.43231
0.30280
0.25050
0.41062
0.45638
0.44167
0.40723
0.45838
0.56429
0.48824
0.33477
0.26114
0.22907
0.14507
0.21626
0.10095
0.01139
0.03124
0.07131
0.16618
0.30455
0.08736
-0.01446
-0.05137
-0.11833
0.06057
0.08035
0.00934
-0.17755
-0.16894
-0.04796
0.04085
-0.08998
-0.22392
-0.11988
-0.07545
-0.13735
0.03391
0.03653
0.06556
0.13668
0.09209
0.17237
0.08778
0.14076
0.13939
0.15062
0.24714
0.25307
0.23190
0.36051
0.41524
0.44351
0.45458
0.37098
0.23296
0.17502
0.24880
0.22073
0.09070
0.12124
0.26336
0.17588
0.15367
0.22707
0.18512
0.03298
-0.03054
0.01883
-0.06226
-0.12603
0.08873
0.03553
-0.01800
-0.05279
-0.10180
-0.06849
-0.09053
-0.13340
-0.23989
-0.24268
-0.23759
-0.25956
-0.31333
-0.31410
-0.33342
-0.31924
-0.36011
-0.34298
-0.39983
-0.45103
-0.40753
-0.43220
-0.45600
-0.45951
-0.45814
-0.46846
-0.46614
-0.47322
-0.46451
-0.46153
-0.44729
-0.44467
-0.43663
-0.44068
-0.44427
-0.43907
-0.42628
-0.34537
-0.36289
-0.35421
-0.20790
-0.20519
-0.30941
-0.39273
-0.33630
-0.35763
-0.36416
-0.22374
-0.17101
-0.17942
-0.01449
0.11695
0.03766
-0.05425
0.04692
0.08360
-0.09989
-0.12659
-0.13529
-0.20270
-0.26530
-0.08805
-0.02251
-0.18724
-0.23593
-0.11045
-0.02712
-0.07882
-0.10470
-0.19063
-0.26750
-0.33917
-0.25432
-0.15207
-0.09864
-0.06096
-0.12923
-0.14316
-0.16247
-0.19802
-0.18244
-0.27044
-0.33206
-0.21144
-0.21960
-0.28675
-0.20783
-0.17180
-0.24130
-0.25671
-0.13355
-0.14790
-0.16120
-0.06258
0.00085
0.00569
-0.03032
0.10192
0.15626
0.06753
0.08730
0.20063
0.19887
0.20236
0.21403
0.15553
0.19142
0.20179
0.19249
0.19145
0.18834
0.18979
0.18825
0.18880
0.18886
0.18629
0.18011
0.17389
0.16928
0.16795
0.17012
0.17491
0.17920
0.18234
0.18384
0.18798
0.19348
0.20185
0.20631
0.21341
0.19968
0.18200
0.21305
0.22941
0.23889
0.25773
0.26799
0.28166
0.28560
0.29323
0.29116
0.25274
0.26518
0.33442
0.33610
0.37049
0.37451
0.39774
0.39063
0.40527
0.39429
0.39923
0.39502
0.32153
0.30227
0.27806
0.30941
0.26028
0.30505
0.23701
0.22363
0.27679
0.26037
0.20696
0.20482
0.19346
0.14624
0.16566
0.20277
0.23491
0.21548
0.25594
0.20146
0.21942
0.18716
0.23455
0.28534
0.23478
0.21074
0.21323
0.20864
0.17949
0.15006
0.13538
0.09943
0.06207
0.06795
0.01137
-0.04040
-0.03668
-0.04862
-0.10111
-0.12679
-0.18846
-0.17630
-0.24383
-0.31229
-0.27260
-0.23165
-0.27205
-0.25368
-0.23598
-0.27404
-0.23968
-0.23318
-0.20848
-0.22268
-0.24657
-0.23463
-0.22638
-0.23215
-0.18830
-0.19163
-0.19386
-0.19337
-0.18044
-0.14138
-0.13697
-0.09037
-0.08985
-0.10121
-0.07210
-0.06617
-0.06397
-0.02535
-0.02959
-0.03678
-0.00023
0.00860
0.00067
0.00587
-0.01478
-0.04473
-0.02303
0.02226
0.03569
-0.02681
-0.10334
-0.12250
-0.13675
-0.15694
-0.16532
-0.18379
-0.18464
-0.17780
-0.12447
-0.08949
-0.12420
-0.13801
-0.11906
-0.12209
-0.16730
-0.17866
-0.17205
-0.22605
-0.23918
-0.24465
-0.31167
-0.32679
-0.30896
-0.31610
-0.34085
-0.36013
-0.38994
-0.39390
-0.40861
-0.40904
-0.33965
-0.23942
-0.18835
-0.13882
-0.06708
-0.09311
-0.11653
-0.10621
-0.04659
0.00680
0.00461
0.01910
0.03525
0.07121
0.12491
0.16989
0.11901
0.06407
0.06068
0.10103
0.09188
0.03174
-0.02746
-0.00374
0.09224
0.12617
0.15142
0.12386
0.13549
0.10275
0.08453
0.08243
0.08880
0.06894
0.02011
0.02261
0.04279
0.04969
0.01592
0.00205
0.03488
0.05779
0.05750
0.09475
0.04983
0.08313
0.10302
0.06260
0.08686
0.11112
0.10660
0.12299
0.12604
0.12000
0.11757
0.11051
0.13084
0.12487
0.11218
0.08871
0.09264
0.08541
0.11573
0.14721
0.13503
0.13568
0.16789
0.18882
0.18591
0.16588
0.16449
0.17472
0.15454
0.16423
0.17579
0.18372
0.19927
0.20046
0.20325
0.19596
0.15628
0.14493
0.15136
0.17032
0.19058
0.15582
0.10893
0.09139
0.03846
0.01894
-0.01217
-0.01340
0.01888
-0.00112
0.00243
0.00819
-0.02678
-0.08946
-0.10876
-0.15750
-0.16047
-0.13106
-0.15642
-0.18784
-0.14454
-0.14009
-0.10765
-0.04864
-0.06686
-0.07280
-0.08467
-0.05122
-0.03214
0.03523
0.09703
0.13505
0.18122
0.19693
0.17211
0.15264
0.12197
0.06807
0.03836
0.02624
0.02868
0.00744
0.05059
0.05192
0.02372
0.02859
0.00349
0.02286
0.01592
-0.05106
-0.07009
-0.04539
0.00005
-0.01422
-0.04525
-0.03630
-0.02348
-0.00168
0.01639
0.01822
0.00425
-0.03488
-0.05403
-0.03068
0.00274
0.01608
-0.02300
-0.05291
-0.10332
-0.10929
-0.08522
-0.07235
-0.08749
-0.06542
-0.03090
-0.08137
-0.12441
-0.13184
-0.11175
-0.09879
-0.09284
-0.14258
-0.18382
-0.21565
-0.24844
-0.25839
-0.25442
-0.22322
-0.19836
-0.19130
-0.19924
-0.18595
-0.15398
-0.10936
-0.06123
-0.00533
0.00918
-0.03750
-0.06548
-0.08122
-0.06499
-0.08280
-0.11465
-0.09151
-0.08780
-0.06533
-0.09449
-0.09073
-0.01507
0.02841
0.06804
0.10860
0.14885
0.16135
0.16513
0.18814
0.26331
0.30938
0.29323
0.26989
0.23852
0.14854
0.06848
0.07827
0.12793
0.17722
0.18314
0.24118
0.27913
0.26342
0.29429
0.30561
0.28412
0.23063
0.19120
0.19738
0.18496
0.17341
0.13641
0.08936
0.04556
-0.03428
-0.07684
-0.12154
-0.13597
-0.12450
-0.12661
-0.09561
-0.08822
-0.10372
-0.09609
-0.09744
-0.11231
-0.09215
-0.07732
-0.10043
-0.11286
-0.06669
-0.03781
-0.04183
-0.02409
-0.01089
0.00389
0.00859
0.02536
0.05311
0.06583
0.04631
0.04132
0.06619
0.05306
0.05073
0.06244
0.05206
0.00207
-0.01324
-0.00562
-0.00628
0.03518
0.07195
0.08601
0.07039
0.02556
-0.02682
-0.04953
-0.06177
-0.09522
-0.12465
-0.12805
-0.12276
-0.12067
-0.11822
-0.13443
-0.17452
-0.20399
-0.18515
-0.16080
-0.13841
-0.14384
-0.17942
-0.16057
-0.13537
-0.11757
-0.09974
-0.10411
-0.11987
-0.11876
-0.10746
-0.10477
-0.11703
-0.13044
-0.13409
-0.15146
-0.16924
-0.15231
-0.11892
-0.11029
-0.11374
-0.12829
-0.15137
-0.17968
-0.21108
-0.24235
-0.23219
-0.20882
-0.18896
-0.19518
-0.23351
-0.28079
-0.29106
-0.26857
-0.27083
-0.22018
-0.18189
-0.21769
-0.25957
-0.26521
-0.28398
-0.30393
-0.26970
-0.24590
-0.20734
-0.18927
-0.20653
-0.19659
-0.19176
-0.18904
-0.19496
-0.17971
-0.15098
-0.15349
-0.16608
-0.16455
-0.13583
-0.09441
-0.10540
-0.12734
-0.11372
-0.14020
-0.17627
-0.16824
-0.15028
-0.13585
-0.09021
-0.03895
-0.01764
0.01788
0.00336
-0.01757
0.01127
0.02262
0.03801
0.03014
0.03389
0.04886
0.05199
0.04241
0.05112
0.08540
0.11675
0.12293
0.14272
0.18032
0.18050
0.20868
0.24143
0.28529
0.30562
0.30524
0.31412
0.31063
0.31474
0.30489
0.30995
0.33447
0.33527
0.33455
0.32860
0.26786
0.22422
0.22253
0.22298
0.22079
0.23929
0.25234
0.22314
0.17713
0.13305
0.15019
0.17837
0.17333
0.19006
0.21112
0.19326
0.15955
0.15019
0.17461
0.18416
0.20155
0.22800
0.21097
0.16079
0.13710
0.14863
0.14889
0.17916
0.19994
0.19284
0.18118
0.21212
0.23886
0.24518
0.22621
0.19876
0.22218
0.25364
0.28923
0.29696
0.31860
0.33296
0.33098
0.31618
0.30744
0.35012
0.40154
0.42315
0.42808
0.43742
0.44255
0.44996
0.44983
0.42317
0.38125
0.35432
0.34474
0.36834
0.38574
0.37444
0.33419
0.27024
0.23804
0.22732
0.19084
0.14676
0.12767
0.11422
0.10842
0.10507
0.09436
0.04667
0.01800
0.00140
-0.02557
-0.02594
-0.04065
-0.06457
-0.09430
-0.09428
-0.09647
-0.09783
-0.10373
-0.11067
-0.12214
-0.15052
-0.19004
-0.21493
-0.20765
-0.22259
-0.18501
-0.14680
-0.16784
-0.20027
-0.20042
-0.18427
-0.17223
-0.16896
-0.16673
-0.18026
-0.22321
-0.24200
-0.23454
-0.21504
-0.19426
-0.15422
-0.10344
-0.07379
-0.11367
-0.16895
-0.17782
-0.14260
-0.12471
-0.15125
-0.17003
-0.21183
-0.25731
-0.28777
-0.28954
-0.26561
-0.25487
-0.26328
-0.25332
-0.28263
-0.33215
-0.33090
-0.36269
-0.40436
-0.40854
-0.40121
-0.40039
-0.39630
-0.40784
-0.41731
-0.44785
-0.45849
-0.45077
-0.48861
-0.50640
-0.50509
-0.50854
-0.50605
-0.48330
-0.46417
-0.43566
-0.41898
-0.41642
-0.41167
-0.39937
-0.39504
-0.37389
-0.33119
-0.31152
-0.29680
-0.27566
-0.24839
-0.22964
-0.20984
-0.19499
-0.16419
-0.15187
-0.10775
-0.05685
-0.06352
-0.07590
-0.08984
-0.08505
-0.07529
-0.07110
-0.08781
-0.10732
-0.09611
-0.05058
-0.07551
-0.13549
-0.13608
-0.15894
-0.18535
-0.18682
-0.19499
-0.21181
-0.22251
-0.21959
-0.22319
-0.22532
-0.21903
-0.22975
-0.23382
-0.20261
-0.16133
-0.15430
-0.14614
-0.13908
-0.11969
-0.08433
-0.06867
-0.04683
-0.02350
-0.01435
-0.02136
-0.01153
-0.01746
0.02091
0.07447
0.09763
0.12293
0.10545
0.08119
0.09215
0.16547
0.23532
0.28249
0.29032
0.26816
0.24201
0.21849
0.22009
0.22576
0.25795
0.31295
0.37575
0.40878
0.40864
0.39162
0.40368
0.42404
0.39542
0.38513
0.37731
0.35431
0.34330
0.33277
0.34328
0.34950
0.34147
0.33913
0.33992
0.34045
0.34551
0.35500
0.34020
0.33093
0.31744
0.29065
0.28597
0.30085
0.29751
0.27763
0.25979
0.23375
0.23687
0.24223
0.23074
0.21289
0.20292
0.18626
0.16390
0.15431
0.15690
0.21128
0.25192
0.26840
0.26172
0.22838
0.21468
0.19758
0.18321
0.18159
0.18170
0.16776
0.15012
0.16017
0.17608
0.18223
0.19358
0.19075
0.17045
0.16218
0.15452
0.14117
0.14491
0.17291
0.18900
0.19029
0.19375
0.18866
0.21009
0.22442
0.22983
0.24161
0.25432
0.28329
0.31275
0.32042
0.30940
0.29834
0.30305
0.33206
0.35075
0.32913
0.28891
0.29156
0.29757
0.29733
0.29808
0.28509
0.26058
0.22522
0.20017
0.18673
0.15793
0.13848
0.13768
0.12189
0.11212
0.09403
0.05789
0.00653
-0.03248
-0.06876
-0.10487
-0.13130
-0.15743
-0.17523
-0.20563
-0.23745
-0.24428
-0.24716
-0.24903
-0.24288
-0.24114
-0.24162
-0.24046
-0.21897
-0.19351
-0.18778
-0.19387
-0.19161
-0.18462
-0.19102
-0.17693
-0.14463
-0.12037
-0.10597
-0.08755
-0.06111
-0.04410
-0.03675
-0.06068
-0.07850
-0.06983
-0.07935
-0.10561
-0.12542
-0.13091
-0.13913
-0.16376
-0.16391
-0.14742
-0.16666
-0.18796
-0.20127
-0.20535
-0.20510
-0.21930
-0.22642
-0.23802
-0.24341
-0.23420
-0.25016
-0.27165
-0.27997
-0.30172
-0.32128
-0.32258
-0.32189
-0.31727
-0.29738
-0.27893
-0.28302
-0.27521
-0.25396
-0.24693
-0.24496
-0.24910
-0.25796
-0.27539
-0.30200
-0.31838
-0.31724
-0.30686
-0.29717
-0.29657
-0.28962
-0.28983
-0.28355
-0.28299
-0.28979
-0.26638
-0.24428
-0.22860
-0.21102
-0.18869
-0.18378
-0.18046
-0.17850
-0.18453
-0.18611
-0.16920
-0.17718
-0.19955
-0.20576
-0.23330
-0.25680
-0.27613
-0.26731
-0.26127
-0.24775
-0.25075
-0.28227
-0.28189
-0.27667
-0.27103
-0.26840
-0.27894
-0.29371
-0.29632
-0.28240
-0.27981
-0.27822
-0.26325
-0.26346
-0.25940
-0.24760
-0.23096
-0.20217
-0.19705
-0.19730
-0.18602
-0.16908
-0.13971
-0.12336
-0.09634
-0.07214
-0.05310
-0.04388
-0.03661
-0.01210
0.00158
0.00839
0.02876
0.05068
0.07549
0.11825
0.13089
0.12634
0.12204
0.13240
0.14617
0.15385
0.16998
0.18473
0.17346
0.14928
0.15757
0.18056
0.19641
0.19700
0.19637
0.18677
0.17466
0.17365
0.18689
0.21389
0.23393
0.24806
0.24240
0.23595
0.22739
0.22673
0.23549
0.23135
0.22665
0.22383
0.23341
0.22198
0.19082
0.16561
0.16584
0.17220
0.16862
0.17157
0.16991
0.16738
0.15997
0.13531
0.11229
0.11466
0.11665
0.10789
0.10724
0.09707
0.07825
0.06251
0.05837
0.07770
0.08809
0.09259
0.11100
0.13410
0.14867
0.16590
0.17187
0.17280
0.18779
0.20727
0.22618
0.24037
0.26572
0.28566
0.29830
0.30996
0.34632
0.38884
0.41336
0.44080
0.46024
0.47377
0.48511
0.48591
0.47090
0.45836
0.46161
0.47299
0.48326
0.48566
0.47521
0.45883
0.44108
0.43044
0.42709
0.40143
0.36263
0.35250
0.33519
0.30528
0.28833
0.27070
0.25569
0.24545
0.22921
0.21161
0.19340
0.16676
0.15568
0.13274
0.10178
0.08136
0.06365
0.04386
0.02256
0.00011
-0.02924
-0.05233
-0.06314
-0.06625
-0.06276
-0.06474
-0.07733
-0.08574
-0.09461
-0.09895
-0.09530
-0.07676
-0.06797
-0.06785
-0.06806
-0.07375
-0.07640
-0.08004
-0.06863
-0.04616
-0.02295
-0.00967
-0.01350
-0.01844
-0.01899
-0.02188
-0.02768
-0.03973
-0.05073
-0.05465
-0.05587
-0.06896
-0.09886
-0.10451
-0.10398
-0.11227
-0.11668
-0.12957
-0.13977
-0.16150
-0.18075
-0.19686
-0.20754
-0.20398
-0.21174
-0.22320
-0.23437
-0.25545
-0.28368
-0.30897
-0.31792
-0.32468
-0.33142
-0.32588
-0.33275
-0.34824
-0.35388
-0.34551
-0.33608
-0.32396
-0.30545
-0.29788
-0.29322
-0.28371
-0.26698
-0.24652
-0.23196
-0.23838
-0.24588
-0.22952
-0.23339
-0.24385
-0.24416
-0.25675
-0.25600
-0.24166
-0.23445
-0.23485
-0.23987
-0.24544
-0.23751
-0.22928
-0.23205
-0.23973
-0.23532
-0.22776
-0.24396
-0.26640
-0.28376
-0.28921
-0.28812
-0.28884
-0.28468
-0.28402
-0.29260
-0.29193
-0.28073
-0.26921
-0.26657
-0.25647
-0.24666
-0.25676
-0.24005
-0.22187
-0.21563
-0.20390
-0.19599
-0.18600
-0.17525
-0.16317
-0.15620
-0.15305
-0.15181
-0.15095
-0.14801
-0.13861
-0.12340
-0.10232
-0.08273
-0.06795
-0.05788
-0.05111
-0.04169
-0.02911
-0.00869
0.01803
0.04472
0.07035
0.09240
0.10581
0.11422
0.12028
0.12798
0.13923
0.15151
0.16332
0.17185
0.17804
0.18275
0.18540
0.18981
0.19531
0.19639
0.19032
0.18110
0.17000
0.16033
0.15899
0.16550
0.17635
0.18832
0.19840
0.20047
0.19402
0.18487
0.17616
0.17272
0.17667
0.18120
0.18474
0.18251
0.17001
0.15051
0.13001
0.11619
0.11006
0.10965
0.10761
0.10194
0.09230
0.07824
0.06621
0.05893
0.05846
0.06265
0.06394
0.05815
0.04578
0.02838
0.01626
0.01399
0.01748
0.02608
0.03393
0.04022
0.04764
0.05845
0.07221
0.08674
0.10570
0.12528
0.13832
0.14748
0.15220
0.15253
0.15552
0.16301
0.17889
0.20161
0.22148
0.23827
0.25181
0.26409
0.27914
0.29242
0.30224
0.30828
0.31100
0.31346
0.31940
0.33013
0.33861
0.34125
0.33914
0.33332
0.32659
0.31945
0.31227
0.30512
0.29466
0.27957
0.26336
0.24903
0.23651
0.22620
0.21514
0.20279
0.18543
0.15765
0.12849
0.09914
0.07065
0.04898
0.03127
0.01501
-0.00473
-0.03044
-0.05876
-0.08522
-0.10453
-0.11793
-0.12645
-0.12674
-0.12589
-0.12749
-0.13148
-0.13479
-0.13412
-0.13322
-0.12605
-0.11452
-0.10573
-0.10357
-0.10757
-0.11123
-0.10920
-0.09680
-0.07859
-0.05850
-0.03968
-0.02783
-0.02349
-0.02325
-0.02342
-0.01931
-0.01351
-0.01068
-0.01008
-0.01658
-0.03037
-0.04629
-0.05758
-0.06115
-0.05992
-0.06061
-0.07000
-0.08594
-0.10638
-0.12749
-0.14475
-0.15402
-0.15806
-0.16245
-0.16812
-0.17939
-0.19501
-0.21310
-0.22756
-0.23355
-0.23362
-0.23222
-0.23243
-0.23193
-0.23188
-0.23128
-0.23013
-0.22460
-0.21468
-0.20621
-0.19840
-0.19294
-0.19007
-0.18764
-0.18293
-0.17587
-0.16665
-0.15850
-0.15362
-0.15074
-0.15018
-0.14918
-0.14950
-0.14950
-0.14650
-0.14243
-0.13921
-0.13672
-0.13188
-0.12552
-0.11785
-0.11128
-0.10755
-0.10559
-0.10515
-0.10607
-0.10927
-0.11227
-0.11446
-0.11728
-0.12023
-0.12300
-0.12399
-0.12469
-0.12403
-0.12097
-0.12014
-0.12358
-0.13214
-0.14345
-0.15475
-0.16247
-0.16614
-0.16867
-0.17167
-0.17550
-0.17891
-0.17673
-0.17029
-0.16315
-0.15677
-0.15373
-0.15195
-0.14589
-0.13371
-0.11344
-0.08540
-0.05560
-0.02622
-0.00529
0.01020
0.02098
0.03145
0.04823
0.06938
0.09545
0.12525
0.15357
0.17776
0.19392
0.20598
0.21476
0.22329
0.23247
0.23885
0.24582
0.25147
0.25706
0.25922
0.26104
0.26198
0.26323
0.25864
0.25016
0.23650
0.22766
0.22128
0.22188
0.23127
0.24648
0.25968
0.26607
0.26408
0.25421
0.23900
0.22052
0.21018
0.20201
0.20277
0.20308
0.20392
0.19609
0.18736
0.17029
0.16312
0.15437
0.15027
0.13767
0.11918
0.09189
0.06090
0.03045
0.00276
-0.01231
-0.02669
-0.03152
-0.05344
-0.05593
-0.09514
-0.04847
