50,
28,
48,
38,
47,
50,
66,
72,
84,
90,
99,
102,
110,
115,
117,
118,
125,
130,
126,
123,
130,
142,
144,
143,
142,
141,
136,
138,
143,
143,
138,
138,
139,
142,
146,
150,
145,
135,
131,
134,
134,
129,
129,
132,
127,
112,
102,
99,
97,
98,
106,
107,
98,
96,
108,
117,
115,
109,
114,
122,
124,
123,
124,
126,
130,
138,
145,
149,
149,
141,
131,
128,
132,
138,
148,
160,
165,
165,
164,
160,
153,
157,
168,
170,
168,
172,
178,
180,
180,
180,
181,
183,
182,
184,
190,
192,
190,
194,
203,
210,
213,
209,
201,
192,
188,
191,
199,
206,
207,
201,
186,
174,
172,
172,
163,
155,
158,
160,
150,
141,
144,
146,
135,
126,
124,
122,
117,
114,
112,
111,
109,
107,
108,
108,
107,
111,
119,
122,
126,
131,
133,
136,
141,
142,
139,
138,
139,
137,
136,
140,
143,
141,
138,
139,
143,
143,
141,
139,
141,
148,
154,
154,
150,
152,
161,
169,
168,
163,
161,
162,
165,
170,
173,
172,
174,
177,
177,
177,
176,
173,
172,
171,
168,
162,
155,
149,
145,
136,
129,
129,
128,
119,
114,
113,
107,
99,
97,
97,
95,
97,
103,
104,
97,
90,
89,
95,
98,
97,
97,
92,
77,
63,
61,
61,
55,
50,
45,
36,
29,
30,
37,
39,
35,
34,
40,
42,
41,
46,
58,
69,
74,
77,
81,
85,
92,
103,
113,
122,
130,
136,
141,
146,
152,
156,
160,
167,
174,
177,
179,
183,
188,
193,
196,
197,
196,
194,
193,
194,
193,
195,
200,
209,
218,
220,
215,
210,
209,
208,
205,
205,
207,
210,
211,
210,
208,
206,
203,
203,
205,
201,
191,
184,
183,
181,
171,
160,
157,
158,
159,
159,
156,
149,
145,
150,
160,
162,
156,
155,
161,
161,
153,
150,
156,
161,
167,
173,
175,
171,
161,
153,
153,
160,
166,
169,
171,
174,
176,
172,
170,
173,
183,
193,
198,
197,
194,
197,
202,
203,
202,
202,
204,
209,
213,
214,
214,
215,
219,
224,
227,
225,
215,
203,
195,
191,
194,
198,
198,
193,
189,
187,
180,
171,
168,
165,
163,
163,
161,
149,
138,
140,
150,
151,
141,
135,
137,
139,
137,
130,
121,
115,
117,
119,
114,
104,
98,
99,
97,
93,
93,
96,
98,
96,
91,
83,
75,
72,
76,
83,
88,
84,
80,
82,
88,
93,
93,
90,
89,
93,
101,
97,
86,
83,
90,
93,
91,
89,
92,
94,
90,
85,
84,
89,
95,
90,
83,
78,
76,
74,
71,
72,
76,
80,
77,
71,
69,
71,
70,
67,
62,
60,
62,
64,
64,
63,
64,
63,
64,
64,
63,
57,
52,
49,
45,
44,
42,
39,
35,
28,
19,
15,
17,
18,
16,
16,
15,
15,
15,
15,
15,
15,
16,
20,
19,
17,
20,
30,
41,
49,
60,
67,
66,
63,
68,
80,
91,
96,
99,
104,
113,
126,
132,
131,
133,
143,
157,
165,
163,
159,
163,
176,
183,
177,
174,
177,
179,
175,
174,
175,
177,
179,
185,
191,
190,
181,
169,
163,
164,
169,
171,
169,
163,
163,
165,
160,
152,
146,
146,
148,
148,
144,
135,
123,
114,
110,
110,
111,
112,
111,
108,
101,
98,
101,
106,
108,
112,
115,
109,
98,
96,
102,
108,
113,
119,
125,
126,
126,
126,
127,
125,
124,
130,
137,
139,
138,
139,
139,
138,
143,
155,
160,
156,
155,
158,
160,
162,
169,
174,
171,
167,
169,
173,
172,
173,
182,
191,
194,
195,
196,
190,
179,
178,
185,
188,
186,
187,
184,
179,
176,
174,
169,
163,
162,
165,
168,
165,
157,
150,
152,
157,
157,
146,
133,
130,
133,
134,
135,
142,
148,
144,
135,
126,
114,
102,
105,
113,
120,
129,
140,
146,
139,
124,
109,
95,
89,
97,
109,
112,
108,
109,
114,
118,
117,
117,
113,
100,
89,
91,
95,
94,
92,
93,
99,
103,
100,
97,
98,
101,
103,
107,
118,
122,
121,
121,
121,
116,
110,
117,
131,
143,
150,
148,
142,
139,
142,
148,
154,
152,
148,
143,
145,
151,
151,
144,
142,
148,
150,
135,
116,
110,
115,
119,
123,
126,
129,
129,
121,
109,
99,
94,
96,
102,
108,
108,
103,
99,
95,
90,
94,
104,
104,
98,
96,
95,
91,
89,
93,
98,
106,
117,
124,
123,
121,
126,
129,
127,
132,
143,
150,
148,
152,
167,
178,
176,
178,
192,
198,
192,
186,
191,
197,
200,
200,
202,
202,
199,
199,
197,
194,
190,
194,
201,
198,
186,
183,
189,
188,
185,
183,
183,
177,
167,
163,
161,
152,
144,
147,
155,
152,
143,
139,
139,
140,
141,
140,
134,
129,
130,
130,
124,
116,
107,
104,
104,
100,
89,
79,
75,
70,
67,
72,
83,
84,
84,
87,
82,
72,
70,
85,
100,
104,
109,
119,
124,
121,
118,
124,
129,
134,
137,
136,
130,
119,
119,
127,
139,
147,
157,
162,
159,
154,
156,
163,
170,
179,
183,
182,
183,
187,
184,
176,
169,
176,
183,
181,
180,
183,
176,
165,
162,
160,
152,
147,
143,
137,
132,
121,
112,
112,
115,
111,
103,
94,
96,
95,
93,
95,
99,
92,
85,
85,
78,
76,
83,
90,
87,
83,
82,
81,
80,
74,
73,
73,
72,
82,
90,
90,
87,
82,
76,
84,
100,
100,
89,
87,
94,
92,
82,
80,
91,
102,
109,
113,
123,
132,
126,
110,
106,
113,
118,
125,
133,
137,
137,
136,
146,
159,
164,
159,
145,
130,
122,
119,
122,
135,
151,
159,
165,
171,
169,
161,
155,
151,
145,
141,
136,
128,
127,
136,
138,
133,
129,
133,
129,
109,
84,
71,
74,
72,
71,
71,
81,
104,
113,
98,
84,
72,
52,
41,
51,
57,
54,
52,
56,
68,
72,
80,
91,
83,
56,
43,
49,
71,
93,
91,
78,
92,
117,
133,
141,
143,
143,
130,
101,
88,
110,
130,
125,
126,
147,
166,
184,
193,
193,
178,
149,
124,
122,
145,
159,
158,
146,
140,
139,
135,
148,
177,
201,
198,
168,
130,
98,
89,
105,
115,
106,
98,
110,
118,
115,
121,
134,
133,
105,
77,
50,
32,
42,
58,
66,
89,
121,
124,
99,
65,
34,
16,
16,
43,
75,
92,
119,
144,
129,
94,
73,
59,
50,
54,
94,
130,
129,
137,
154,
141,
109,
105,
100,
114,
136,
128,
123,
143,
184,
214,
233,
232,
209,
164,
137,
154,
208,
241,
243,
242,
244,
222,
174,
157,
196,
240,
243,
242,
243,
239,
190,
148,
158,
175,
179,
178,
197,
220,
226,
226,
225,
205,
182,
143,
107,
108,
130,
130,
136,
166,
184,
181,
174,
149,
105,
72,
55,
58,
77,
118,
154,
171,
163,
131,
102,
71,
50,
58,
98,
150,
183,
193,
171,
130,
90,
66,
73,
108,
165,
204,
213,
206,
177,
134,
104,
109,
139,
175,
213,
235,
237,
217,
190,
165,
139,
131,
156,
215,
245,
242,
242,
243,
222,
187,
171,
183,
206,
216,
214,
223,
241,
243,
242,
243,
242,
243,
239,
205,
157,
151,
158,
140,
143,
180,
214,
211,
180,
143,
98,
46,
46,
117,
178,
174,
126,
84,
46,
18,
15,
64,
118,
126,
110,
93,
48,
15,
14,
24,
73,
104,
124,
128,
98,
44,
14,
18,
47,
88,
129,
162,
168,
162,
130,
96,
87,
91,
105,
154,
208,
226,
210,
170,
123,
101,
114,
152,
196,
224,
223,
198,
168,
149,
145,
148,
153,
156,
163,
179,
185,
178,
169,
150,
120,
96,
97,
109,
115,
123,
124,
121,
117,
102,
70,
37,
30,
43,
52,
46,
55,
63,
48,
33,
34,
44,
29,
15,
15,
16,
20,
18,
31,
46,
33,
14,
16,
14,
26,
27,
33,
51,
56,
48,
29,
31,
34,
44,
63,
94,
134,
137,
113,
108,
113,
114,
105,
107,
130,
164,
202,
206,
185,
156,
143,
138,
127,
134,
161,
195,
205,
189,
174,
171,
176,
176,
169,
166,
164,
157,
141,
122,
110,
111,
118,
135,
158,
164,
143,
97,
62,
63,
97,
144,
168,
163,
135,
91,
56,
39,
44,
57,
79,
104,
105,
89,
74,
73,
64,
46,
60,
104,
127,
110,
77,
49,
33,
58,
98,
112,
111,
103,
112,
131,
135,
109,
88,
87,
95,
117,
144,
173,
179,
165,
150,
146,
149,
148,
167,
195,
195,
154,
122,
141,
160,
162,
180,
223,
239,
231,
223,
196,
167,
151,
160,
184,
193,
210,
237,
244,
230,
193,
169,
141,
122,
125,
145,
190,
216,
215,
199,
188,
158,
110,
63,
48,
92,
142,
134,
108,
100,
98,
58,
18,
13,
35,
101,
119,
93,
69,
58,
46,
38,
23,
15,
14,
23,
55,
80,
105,
102,
55,
18,
19,
16,
16,
54,
108,
151,
175,
142,
68,
28,
60,
116,
156,
180,
212,
204,
146,
122,
133,
128,
136,
171,
178,
213,
231,
199,
163,
134,
120,
142,
193,
224,
222,
173,
99,
71,
137,
189,
177,
167,
153,
120,
100,
106,
125,
124,
122,
139,
166,
161,
105,
50,
41,
86,
84,
75,
100,
125,
147,
129,
90,
96,
129,
78,
13,
34,
95,
133,
127,
99,
87,
148,
207,
185,
102,
49,
68,
95,
98,
51,
63,
142,
201,
193,
155,
152,
163,
167,
137,
98,
120,
181,
184,
160,
175,
190,
212,
243,
240,
242,
240,
246,
221,
158,
123,
135,
170,
185,
222,
245,
205,
148,
144,
179,
203,
190,
175,
179,
185,
201,
217,
178,
81,
34,
94,
166,
164,
152,
177,
163,
97,
38,
61,
99,
99,
114,
116,
123,
124,
156,
175,
135,
67,
79,
187,
213,
185,
142,
78,
61,
78,
71,
48,
106,
226,
232,
151,
74,
70,
132,
193,
186,
177,
230,
248,
197,
72,
75,
181,
206,
164,
136,
172,
219,
245,
207,
121,
90,
167,
246,
233,
152,
156,
236,
236,
176,
152,
210,
246,
210,
144,
151,
159,
74,
22,
97,
209,
248,
219,
131,
70,
53,
117,
186,
165,
111,
102,
153,
213,
190,
94,
102,
155,
118,
40,
53,
134,
184,
157,
98,
61,
53,
87,
91,
112,
71,
17,
11,
59,
148,
117,
51,
8,
38,
132,
195,
98,
11,
14,
66,
175,
138,
71,
44,
109,
119,
28,
13,
20,
109,
205,
207,
143,
81,
24,
20,
108,
175,
157,
92,
90,
119,
169,
171,
104,
116,
180,
203,
175,
171,
196,
152,
86,
116,
166,
128,
84,
78,
69,
82,
107,
124,
161,
164,
101,
106,
133,
54,
7,
72,
164,
104,
27,
100,
185,
124,
21,
15,
16,
78,
123,
109,
83,
88,
127,
103,
35,
11,
23,
81,
132,
152,
138,
49,
13,
16,
88,
175,
148,
63,
78,
194,
206,
150,
120,
79,
54,
87,
112,
75,
102,
170,
157,
86,
63,
141,
185,
174,
160,
184,
183,
98,
19,
17,
72,
130,
207,
244,
243,
189,
119,
80,
78,
126,
173,
227,
244,
235,
151,
41,
15,
81,
204,
246,
241,
242,
166,
65,
67,
114,
136,
153,
126,
72,
96,
182,
195,
107,
30,
49,
120,
190,
157,
83,
99,
108,
79,
27,
25,
123,
227,
241,
163,
69,
44,
106,
164,
134,
50,
30,
45,
102,
152,
144,
81,
76,
201,
250,
230,
166,
120,
96,
123,
185,
160,
100,
75,
172,
233,
198,
96,
115,
234,
244,
233,
134,
92,
145,
179,
122,
43,
54,
119,
174,
159,
175,
214,
207,
113,
51,
111,
177,
210,
235,
245,
171,
43,
9,
44,
123,
152,
113,
135,
152,
109,
52,
54,
89,
138,
176,
180,
140,
114,
95,
31,
15,
12,
44,
146,
137,
44,
17,
93,
117,
43,
10,
41,
156,
206,
155,
67,
10,
54,
136,
201,
191,
76,
76,
210,
249,
147,
19,
39,
129,
218,
244,
240,
155,
99,
203,
248,
201,
106,
152,
235,
246,
231,
175,
210,
249,
213,
155,
148,
155,
196,
238,
247,
207,
178,
173,
113,
139,
219,
220,
115,
85,
170,
203,
161,
146,
142,
101,
78,
134,
222,
239,
165,
91,
103,
118,
118,
121,
109,
89,
131,
154,
99,
30,
13,
70,
97,
52,
18,
53,
110,
123,
109,
110,
69,
12,
47,
128,
114,
51,
68,
120,
112,
119,
108,
119,
179,
212,
235,
231,
147,
76,
160,
247,
231,
135,
101,
148,
200,
222,
202,
183,
179,
170,
189,
233,
252,
168,
66,
124,
180,
194,
226,
218,
129,
181,
244,
243,
205,
86,
139,
242,
202,
92,
139,
235,
246,
205,
129,
63,
33,
66,
114,
156,
167,
133,
96,
64,
56,
116,
170,
123,
49,
65,
116,
107,
76,
101,
151,
123,
72,
85,
164,
197,
180,
156,
73,
5,
42,
186,
253,
173,
99,
89,
123,
153,
180,
177,
154,
179,
199,
122,
50,
93,
211,
244,
182,
135,
132,
207,
245,
239,
156,
96,
151,
225,
242,
247,
214,
110,
112,
183,
235,
249,
173,
77,
151,
233,
193,
102,
83,
147,
166,
121,
81,
130,
179,
154,
84,
48,
45,
41,
48,
68,
120,
83,
22,
10,
40,
56,
16,
15,
18,
84,
100,
33,
11,
19,
10,
88,
111,
24,
10,
67,
150,
98,
21,
15,
14,
68,
141,
164,
101,
22,
11,
84,
186,
185,
118,
54,
78,
136,
113,
54,
68,
164,
230,
151,
25,
28,
120,
191,
176,
129,
115,
143,
170,
120,
73,
106,
160,
165,
74,
57,
120,
157,
171,
146,
65,
10,
43,
142,
195,
109,
59,
81,
83,
26,
44,
112,
78,
21,
56,
112,
56,
10,
21,
73,
144,
114,
33,
11,
25,
88,
117,
65,
17,
28,
54,
46,
116,
128,
38,
10,
23,
100,
166,
113,
23,
22,
160,
206,
119,
90,
86,
89,
158,
245,
192,
91,
138,
220,
224,
173,
129,
195,
245,
239,
168,
133,
209,
188,
204,
244,
239,
148,
105,
186,
147,
165,
240,
238,
147,
53,
92,
184,
213,
139,
62,
82,
172,
215,
169,
88,
86,
152,
144,
77,
106,
168,
135,
54,
34,
132,
179,
109,
28,
30,
141,
216,
162,
85,
86,
117,
124,
164,
197,
171,
162,
165,
110,
80,
142,
179,
105,
98,
212,
246,
153,
92,
150,
193,
203,
215,
191,
139,
127,
170,
197,
183,
195,
234,
245,
230,
189,
210,
248,
174,
94,
137,
222,
243,
242,
184,
112,
131,
197,
211,
170,
165,
174,
167,
172,
176,
153,
160,
190,
150,
133,
214,
237,
132,
30,
61,
145,
192,
125,
17,
40,
164,
199,
105,
65,
119,
148,
61,
11,
21,
130,
208,
100,
18,
16,
13,
39,
102,
118,
102,
45,
55,
122,
114,
68,
53,
59,
94,
175,
154,
55,
70,
184,
203,
104,
68,
156,
239,
220,
109,
101,
213,
249,
175,
89,
121,
186,
231,
202,
121,
129,
199,
170,
96,
144,
216,
196,
131,
143,
217,
243,
190,
111,
114,
196,
220,
104,
33,
148,
247,
218,
141,
80,
81,
125,
172,
163,
119,
112,
106,
70,
75,
133,
131,
98,
99,
142,
162,
87,
25,
103,
210,
187,
103,
30,
30,
139,
234,
182,
87,
41,
66,
159,
232,
184,
68,
106,
188,
183,
157,
187,
232,
210,
158,
107,
127,
200,
234,
212,
183,
176,
202,
238,
196,
131,
147,
204,
209,
167,
173,
227,
235,
138,
68,
155,
245,
218,
108,
88,
193,
239,
191,
109,
103,
157,
144,
78,
128,
213,
152,
53,
67,
109,
72,
74,
138,
161,
168,
164,
96,
18,
42,
114,
134,
123,
86,
71,
79,
94,
118,
142,
100,
27,
9,
52,
148,
166,
82,
10,
79,
178,
137,
72,
92,
117,
130,
129,
72,
63,
151,
167,
71,
42,
86,
101,
106,
135,
178,
179,
103,
29,
86,
181,
154,
87,
101,
148,
153,
177,
191,
130,
41,
65,
169,
238,
207,
101,
59,
85,
142,
173,
123,
65,
116,
223,
221,
119,
48,
73,
169,
156,
45,
10,
84,
175,
169,
81,
22,
11,
61,
140,
122,
81,
38,
13,
57,
98,
62,
38,
86,
111,
81,
81,
92,
40,
9,
67,
124,
78,
53,
118,
131,
82,
78,
107,
93,
36,
57,
175,
194,
82,
52,
131,
186,
187,
167,
106,
82,
133,
166,
150,
119,
137,
168,
160,
89,
71,
181,
244,
141,
49,
131,
230,
180,
91,
50,
75,
167,
222,
177,
96,
81,
161,
223,
123,
9,
69,
180,
126,
13,
54,
143,
150,
95,
28,
17,
66,
132,
186,
171,
80,
24,
56,
121,
118,
47,
15,
69,
136,
129,
76,
21,
20,
107,
174,
105,
20,
17,
98,
189,
165,
62,
18,
93,
147,
135,
135,
130,
61,
54,
183,
244,
143,
32,
54,
161,
224,
182,
101,
132,
206,
186,
100,
92,
195,
250,
218,
85,
17,
106,
208,
245,
179,
83,
89,
189,
246,
225,
141,
79,
121,
206,
227,
207,
159,
105,
108,
188,
246,
219,
124,
57,
113,
163,
133,
85,
81,
102,
91,
94,
160,
179,
81,
15,
95,
220,
228,
103,
11,
56,
192,
246,
165,
60,
57,
167,
244,
191,
86,
75,
164,
231,
165,
85,
118,
215,
236,
157,
97,
142,
213,
209,
146,
107,
108,
169,
242,
238,
117,
54,
174,
230,
226,
215,
199,
150,
151,
229,
249,
200,
84,
103,
222,
244,
244,
178,
115,
182,
242,
238,
158,
71,
93,
167,
210,
215,
185,
127,
95,
133,
195,
181,
92,
78,
111,
128,
158,
195,
172,
79,
51,
124,
190,
172,
90,
49,
111,
150,
112,
72,
87,
129,
176,
173,
116,
83,
120,
169,
149,
95,
80,
155,
199,
124,
61,
108,
175,
232,
243,
171,
59,
86,
212,
250,
217,
106,
73,
158,
233,
249,
194,
67,
65,
198,
250,
206,
105,
115,
205,
249,
206,
128,
160,
227,
216,
183,
175,
147,
151,
189,
144,
94,
139,
190,
161,
99,
62,
74,
137,
154,
120,
141,
168,
100,
28,
108,
200,
113,
12,
45,
132,
111,
64,
84,
104,
115,
94,
43,
62,
145,
112,
22,
22,
106,
160,
124,
52,
14,
54,
129,
164,
96,
13,
85,
205,
142,
16,
53,
145,
173,
172,
131,
86,
103,
178,
234,
196,
111,
95,
173,
226,
155,
109,
157,
183,
97,
98,
213,
252,
188,
43,
24,
164,
246,
137,
5,
75,
223,
245,
155,
32,
16,
123,
223,
182,
58,
12,
99,
210,
183,
94,
82,
118,
105,
67,
64,
97,
103,
153,
152,
58,
10,
39,
139,
192,
122,
22,
29,
129,
199,
133,
24,
31,
155,
224,
170,
67,
38,
103,
158,
168,
143,
102,
93,
174,
205,
153,
104,
110,
169,
202,
156,
96,
119,
192,
242,
228,
171,
91,
89,
186,
213,
182,
156,
93,
82,
146,
179,
190,
177,
124,
159,
242,
165,
59,
76,
170,
223,
213,
156,
61,
76,
200,
243,
123,
15,
41,
146,
164,
75,
21,
60,
114,
115,
68,
44,
55,
31,
11,
38,
107,
92,
21,
22,
23,
16,
17,
53,
76,
34,
14,
24,
33,
35,
66,
56,
14,
40,
82,
40,
11,
47,
141,
172,
63,
9,
39,
145,
127,
24,
25,
110,
159,
102,
69,
103,
145,
154,
127,
94,
86,
115,
175,
137,
40,
52,
152,
200,
155,
71,
42,
91,
137,
134,
106,
81,
66,
99,
156,
146,
61,
43,
93,
95,
109,
113,
42,
12,
95,
165,
90,
18,
9,
72,
167,
119,
30,
10,
19,
96,
219,
160,
27,
15,
129,
164,
58,
5,
62,
186,
194,
126,
55,
39,
103,
211,
218,
105,
15,
53,
190,
252,
181,
69,
108,
181,
165,
150,
157,
184,
231,
226,
143,
90,
175,
243,
235,
150,
140,
232,
244,
230,
153,
120,
185,
240,
242,
212,
199,
156,
178,
240,
245,
199,
112,
168,
238,
234,
180,
131,
130,
182,
237,
179,
97,
95,
183,
241,
179,
58,
64,
171,
231,
198,
128,
72,
104,
188,
174,
90,
82,
150,
174,
170,
139,
116,
108,
118,
201,
204,
123,
71,
104,
214,
245,
163,
55,
44,
156,
246,
227,
146,
103,
173,
242,
237,
141,
110,
211,
252,
156,
115,
232,
241,
156,
134,
188,
211,
201,
224,
238,
184,
127,
154,
220,
248,
194,
141,
119,
127,
183,
227,
232,
179,
105,
136,
195,
190,
166,
143,
97,
59,
99,
184,
207,
125,
28,
29,
126,
162,
88,
33,
54,
82,
65,
48,
59,
86,
92,
47,
12,
27,
107,
143,
76,
27,
50,
130,
109,
29,
11,
84,
173,
131,
60,
25,
95,
228,
195,
49,
40,
124,
125,
98,
130,
194,
196,
119,
100,
136,
143,
156,
198,
191,
119,
90,
158,
232,
200,
122,
86,
98,
141,
215,
226,
177,
121,
98,
149,
185,
161,
119,
114,
97,
90,
143,
203,
174,
94,
100,
151,
143,
90,
82,
112,
111,
84,
91,
127,
129,
117,
78,
29,
78,
166,
193,
146,
103,
144,
151,
71,
35,
73,
159,
201,
145,
36,
54,
202,
219,
105,
17,
75,
189,
178,
74,
54,
152,
219,
184,
104,
42,
120,
230,
243,
180,
94,
103,
184,
243,
222,
125,
112,
171,
194,
228,
242,
236,
180,
137,
159,
210,
247,
211,
99,
74,
156,
202,
240,
226,
117,
24,
100,
221,
241,
151,
59,
117,
197,
169,
121,
85,
44,
49,
126,
165,
114,
51,
61,
131,
138,
65,
9,
49,
85,
68,
60,
75,
63,
69,
100,
87,
41,
23,
82,
106,
48,
13,
68,
132,
103,
38,
12,
36,
139,
189,
105,
27,
62,
167,
164,
67,
44,
104,
126,
106,
144,
223,
212,
124,
99,
126,
173,
244,
208,
92,
89,
195,
198,
112,
98,
141,
170,
175,
167,
165,
153,
133,
147,
161,
158,
143,
82,
43,
108,
224,
235,
105,
7,
64,
206,
219,
90,
26,
28,
18,
58,
147,
123,
21,
27,
62,
27,
19,
100,
95,
24,
19,
105,
129,
43,
13,
45,
95,
87,
88,
90,
43,
20,
92,
147,
87,
46,
73,
87,
93,
110,
131,
108,
65,
94,
151,
159,
111,
122,
178,
189,
166,
117,
79,
103,
166,
182,
153,
161,
197,
141,
47,
81,
190,
244,
169,
72,
112,
202,
230,
187,
70,
47,
156,
239,
210,
108,
100,
146,
116,
103,
144,
137,
85,
47,
51,
73,
95,
110,
76,
23,
47,
107,
121,
70,
32,
64,
117,
139,
133,
106,
40,
12,
71,
149,
159,
114,
59,
40,
40,
76,
136,
156,
99,
27,
72,
169,
182,
156,
147,
116,
95,
150,
227,
214,
155,
142,
177,
197,
195,
170,
184,
230,
239,
243,
193,
117,
194,
242,
242,
223,
137,
203,
244,
239,
171,
108,
159,
212,
241,
237,
191,
156,
188,
177,
131,
157,
214,
172,
91,
131,
232,
223,
118,
47,
124,
228,
224,
142,
70,
49,
124,
204,
159,
72,
52,
122,
135,
99,
88,
107,
135,
142,
117,
57,
55,
130,
155,
90,
72,
114,
150,
176,
165,
70,
12,
130,
248,
232,
117,
59,
148,
240,
233,
151,
110,
195,
253,
231,
144,
129,
222,
252,
189,
83,
134,
228,
249,
190,
154,
218,
248,
235,
162,
119,
150,
194,
161,
158,
230,
252,
166,
79,
114,
145,
168,
202,
147,
89,
152,
204,
112,
40,
87,
156,
155,
109,
46,
18,
77,
162,
176,
69,
13,
13,
82,
143,
98,
66,
24,
32,
103,
95,
24,
23,
123,
141,
42,
16,
23,
81,
149,
103,
32,
16,
44,
101,
104,
77,
74,
77,
78,
124,
194,
152,
51,
55,
145,
183,
169,
128,
93,
129,
192,
159,
122,
158,
161,
131,
99,
101,
179,
247,
204,
111,
97,
129,
110,
115,
188,
193,
129,
122,
146,
130,
110,
124,
138,
116,
71,
112,
163,
101,
44,
114,
157,
68,
2,
69,
195,
144,
15,
39,
126,
114,
31,
38,
111,
169,
122,
32,
6,
61,
196,
209,
99,
19,
41,
162,
216,
122,
21,
20,
79,
173,
222,
149,
38,
11,
109,
224,
230,
151,
103,
105,
107,
117,
183,
239,
189,
95,
103,
204,
245,
172,
98,
129,
190,
216,
209,
155,
90,
126,
215,
241,
161,
131,
210,
251,
179,
78,
142,
217,
162,
95,
151,
211,
155,
101,
116,
152,
150,
125,
126,
145,
144,
111,
70,
53,
113,
165,
99,
31,
55,
147,
182,
123,
37,
22,
84,
159,
157,
93,
71,
47,
27,
113,
205,
147,
57,
60,
110,
137,
174,
181,
88,
24,
104,
218,
223,
152,
100,
127,
172,
152,
177,
227,
169,
78,
117,
210,
218,
148,
99,
118,
159,
173,
192,
207,
145,
129,
210,
243,
145,
80,
100,
119,
149,
174,
129,
68,
80,
108,
119,
147,
147,
99,
55,
46,
84,
115,
104,
52,
18,
15,
61,
126,
99,
32,
12,
19,
41,
77,
82,
51,
18,
17,
17,
31,
56,
67,
63,
45,
39,
25,
21,
19,
78,
64,
16,
21,
51,
106,
49,
20,
18,
92,
183,
115,
31,
16,
75,
156,
168,
96,
51,
109,
172,
173,
130,
87,
116,
196,
249,
212,
114,
65,
137,
217,
212,
161,
133,
122,
139,
200,
242,
203,
157,
183,
170,
132,
149,
214,
203,
139,
132,
187,
211,
180,
162,
124,
117,
167,
185,
143,
129,
151,
154,
153,
152,
120,
127,
187,
178,
120,
119,
174,
217,
205,
121,
82,
145,
216,
204,
124,
90,
136,
201,
207,
147,
115,
184,
244,
216,
169,
154,
197,
226,
202,
176,
154,
166,
220,
239,
191,
141,
170,
222,
243,
223,
177,
150,
174,
222,
207,
143,
131,
209,
246,
235,
175,
171,
230,
244,
217,
145,
144,
183,
210,
186,
143,
140,
193,
234,
188,
105,
78,
117,
135,
124,
125,
130,
88,
37,
39,
103,
120,
84,
52,
41,
30,
55,
101,
81,
19,
30,
82,
39,
9,
27,
112,
111,
28,
18,
33,
42,
27,
62,
69,
31,
12,
65,
130,
64,
18,
84,
140,
72,
17,
77,
148,
171,
160,
134,
64,
50,
139,
210,
153,
55,
73,
177,
204,
141,
137,
180,
164,
112,
152,
210,
151,
90,
138,
206,
177,
131,
172,
198,
145,
101,
141,
202,
190,
133,
92,
72,
97,
170,
197,
123,
47,
66,
100,
124,
149,
150,
90,
26,
53,
107,
100,
55,
44,
63,
49,
54,
101,
87,
31,
28,
101,
75,
18,
26,
124,
178,
71,
18,
28,
98,
133,
136,
140,
97,
61,
147,
232,
146,
59,
125,
209,
146,
96,
154,
214,
177,
145,
158,
157,
110,
112,
206,
246,
218,
132,
126,
191,
203,
200,
210,
210,
230,
237,
201,
146,
146,
212,
239,
216,
127,
88,
154,
219,
226,
166,
101,
69,
88,
171,
217,
165,
75,
60,
133,
173,
123,
55,
69,
145,
173,
120,
44,
39,
112,
159,
143,
92,
42,
50,
129,
158,
87,
37,
85,
126,
119,
111,
98,
63,
59,
125,
152,
91,
42,
82,
156,
170,
120,
77,
88,
130,
161,
182,
168,
131,
102,
111,
169,
201,
166,
121,
143,
159,
167,
194,
186,
127,
126,
197,
194,
97,
87,
198,
247,
174,
53,
65,
163,
208,
147,
73,
71,
104,
141,
116,
78,
109,
175,
126,
26,
10,
74,
152,
161,
95,
24,
35,
69,
82,
53,
26,
11,
24,
64,
116,
98,
28,
9,
59,
152,
95,
17,
35,
90,
94,
90,
92,
50,
55,
68,
77,
123,
198,
169,
72,
57,
109,
181,
204,
134,
79,
137,
225,
190,
110,
132,
214,
239,
155,
91,
145,
235,
215,
128,
126,
182,
191,
157,
118,
137,
202,
200,
126,
111,
190,
206,
140,
103,
139,
203,
190,
125,
82,
92,
125,
141,
147,
137,
124,
96,
81,
120,
134,
78,
54,
122,
165,
108,
58,
71,
98,
123,
117,
80,
91,
141,
117,
40,
51,
100,
113,
109,
95,
108,
161,
168,
91,
64,
145,
210,
190,
123,
89,
158,
238,
206,
103,
123,
236,
248,
179,
145,
208,
234,
202,
210,
243,
245,
214,
216,
231,
202,
198,
238,
239,
241,
221,
194,
194,
223,
237,
234,
194,
127,
194,
237,
232,
162,
145,
233,
220,
157,
157,
214,
190,
134,
149,
183,
151,
98,
96,
149,
177,
150,
114,
86,
69,
109,
177,
149,
55,
37,
109,
145,
104,
37,
57,
130,
123,
54,
64,
155,
164,
91,
40,
39,
94,
173,
188,
99,
65,
168,
240,
183,
70,
98,
217,
225,
125,
75,
145,
204,
210,
170,
102,
111,
187,
235,
195,
129,
154,
225,
201,
90,
114,
225,
229,
164,
153,
190,
201,
192,
163,
147,
177,
214,
208,
166,
100,
71,
141,
195,
139,
66,
100,
169,
167,
94,
25,
79,
167,
138,
58,
58,
105,
120,
106,
47,
10,
66,
130,
105,
42,
40,
104,
110,
40,
11,
82,
145,
80,
21,
62,
139,
137,
79,
52,
84,
138,
129,
75,
66,
141,
193,
131,
40,
46,
139,
196,
154,
89,
93,
163,
194,
135,
68,
82,
155,
203,
169,
92,
84,
152,
183,
152,
116,
92,
118,
165,
144,
90,
101,
145,
143,
116,
79,
62,
101,
142,
126,
66,
38,
83,
148,
135,
52,
20,
46,
57,
66,
94,
83,
33,
19,
54,
82,
72,
50,
49,
48,
38,
51,
85,
96,
97,
83,
39,
17,
58,
133,
134,
86,
37,
29,
96,
148,
121,
63,
44,
63,
156,
163,
52,
18,
131,
230,
141,
58,
89,
148,
182,
170,
125,
114,
164,
202,
180,
133,
108,
160,
243,
218,
117,
100,
190,
233,
204,
170,
137,
105,
123,
198,
242,
200,
113,
82,
142,
215,
203,
116,
59,
105,
191,
201,
140,
95,
122,
149,
115,
81,
117,
176,
138,
43,
42,
121,
155,
121,
85,
56,
60,
126,
159,
101,
44,
74,
136,
127,
81,
82,
129,
149,
116,
84,
72,
73,
83,
114,
142,
110,
82,
123,
156,
119,
73,
77,
105,
149,
163,
111,
73,
122,
206,
223,
172,
118,
95,
122,
172,
196,
176,
127,
101,
145,
207,
176,
95,
99,
144,
134,
92,
102,
178,
200,
104,
36,
108,
166,
116,
93,
112,
97,
94,
132,
136,
86,
60,
87,
107,
77,
49,
94,
120,
56,
24,
104,
135,
43,
9,
104,
167,
100,
25,
25,
62,
101,
125,
104,
68,
51,
75,
107,
89,
53,
70,
135,
155,
116,
86,
78,
76,
96,
150,
178,
141,
94,
93,
151,
206,
194,
129,
85,
70,
128,
229,
252,
149,
41,
85,
180,
218,
175,
132,
147,
185,
195,
173,
143,
119,
167,
242,
231,
165,
146,
173,
199,
207,
174,
115,
116,
186,
246,
218,
120,
84,
156,
205,
156,
117,
149,
181,
186,
170,
120,
72,
89,
176,
231,
177,
86,
98,
175,
171,
122,
134,
165,
137,
126,
179,
208,
163,
125,
150,
183,
172,
168,
209,
218,
173,
168,
222,
238,
204,
179,
195,
222,
235,
219,
215,
196,
216,
247,
253,
224,
194,
242,
248,
245,
217,
177,
206,
243,
241,
226,
185,
210,
235,
242,
201,
170,
229,
237,
230,
176,
153,
192,
234,
236,
178,
132,
166,
227,
229,
162,
93,
108,
169,
192,
166,
143,
126,
103,
110,
148,
170,
142,
72,
32,
81,
160,
146,
71,
34,
58,
103,
116,
99,
85,
81,
65,
71,
83,
66,
71,
112,
110,
54,
26,
50,
94,
99,
64,
56,
73,
66,
73,
124,
130,
81,
64,
97,
120,
118,
125,
140,
123,
72,
82,
142,
143,
100,
121,
155,
101,
51,
88,
132,
98,
57,
65,
96,
116,
98,
49,
47,
113,
136,
67,
8,
37,
127,
140,
45,
0,
28,
95,
85,
33,
28,
43,
45,
38,
54,
65,
48,
46,
79,
48,
7,
19,
103,
129,
50,
11,
47,
73,
37,
38,
91,
97,
45,
25,
41,
65,
93,
108,
74,
38,
60,
122,
149,
117,
98,
133,
161,
122,
110,
182,
227,
169,
112,
128,
190,
238,
215,
140,
159,
243,
242,
150,
133,
219,
255,
218,
133,
145,
228,
245,
203,
190,
195,
178,
174,
199,
220,
187,
142,
139,
172,
154,
121,
146,
184,
173,
145,
129,
103,
95,
121,
145,
123,
67,
65,
138,
164,
98,
68,
110,
122,
103,
115,
128,
108,
99,
129,
156,
119,
82,
118,
177,
162,
121,
125,
139,
141,
132,
133,
144,
166,
154,
109,
115,
193,
225,
137,
77,
134,
201,
198,
153,
122,
145,
198,
178,
114,
116,
160,
177,
158,
119,
112,
174,
201,
123,
75,
141,
194,
155,
112,
137,
161,
128,
80,
94,
155,
169,
115,
68,
80,
102,
115,
119,
95,
44,
30,
84,
126,
88,
24,
33,
74,
61,
47,
65,
53,
21,
43,
75,
53,
22,
17,
32,
45,
43,
36,
33,
22,
25,
66,
85,
38,
20,
58,
77,
65,
69,
79,
71,
76,
98,
110,
101,
93,
121,
155,
146,
117,
120,
146,
154,
155,
154,
144,
136,
156,
191,
188,
153,
128,
150,
191,
186,
140,
119,
150,
163,
153,
155,
165,
157,
118,
102,
133,
172,
163,
130,
108,
104,
139,
171,
135,
73,
77,
128,
138,
90,
64,
107,
140,
107,
76,
88,
99,
97,
92,
81,
83,
106,
108,
81,
73,
102,
130,
123,
98,
101,
141,
173,
150,
112,
137,
187,
175,
133,
134,
166,
196,
209,
191,
171,
166,
176,
207,
229,
204,
174,
196,
237,
250,
213,
185,
221,
252,
237,
223,
232,
225,
217,
222,
223,
229,
237,
221,
188,
175,
193,
233,
237,
183,
135,
147,
196,
215,
182,
132,
131,
165,
179,
168,
155,
141,
126,
135,
166,
167,
122,
87,
120,
168,
164,
126,
112,
123,
117,
122,
138,
132,
120,
150,
166,
113,
80,
121,
169,
153,
113,
99,
115,
139,
156,
163,
143,
110,
119,
182,
206,
159,
120,
141,
177,
175,
151,
140,
168,
189,
176,
163,
171,
179,
187,
203,
192,
162,
162,
196,
216,
191,
166,
186,
200,
161,
148,
206,
217,
146,
106,
144,
189,
193,
153,
93,
88,
153,
204,
169,
97,
81,
128,
144,
105,
89,
123,
129,
96,
74,
64,
62,
96,
132,
110,
56,
41,
70,
99,
103,
85,
63,
56,
85,
117,
114,
83,
64,
66,
75,
101,
127,
110,
61,
65,
118,
121,
86,
92,
111,
102,
94,
100,
106,
121,
127,
120,
124,
125,
120,
135,
146,
123,
115,
146,
158,
135,
120,
126,
139,
153,
153,
138,
131,
134,
118,
102,
115,
137,
135,
110,
94,
111,
147,
134,
74,
54,
84,
113,
124,
114,
70,
51,
94,
107,
45,
12,
70,
116,
81,
35,
39,
60,
59,
57,
61,
54,
49,
72,
80,
41,
18,
60,
108,
100,
75,
76,
95,
98,
96,
112,
120,
96,
89,
131,
151,
125,
112,
131,
137,
119,
120,
152,
170,
143,
116,
145,
189,
180,
135,
121,
152,
191,
197,
162,
127,
141,
189,
198,
155,
128,
153,
177,
164,
142,
141,
155,
151,
142,
148,
158,
152,
147,
143,
131,
134,
154,
155,
138,
133,
136,
135,
141,
157,
166,
150,
115,
100,
129,
168,
168,
134,
110,
122,
145,
147,
129,
115,
122,
137,
138,
127,
118,
114,
129,
156,
158,
123,
107,
133,
155,
163,
179,
176,
134,
122,
182,
233,
197,
132,
128,
179,
210,
189,
151,
157,
200,
196,
121,
74,
131,
211,
208,
131,
75,
102,
166,
171,
125,
103,
110,
111,
120,
134,
113,
71,
58,
86,
120,
121,
94,
75,
75,
79,
82,
76,
61,
61,
82,
91,
72,
51,
59,
76,
82,
86,
89,
74,
67,
96,
115,
96,
68,
73,
108,
132,
110,
71,
65,
93,
119,
113,
86,
78,
90,
87,
82,
106,
119,
80,
44,
66,
106,
109,
77,
55,
76,
112,
105,
52,
35,
83,
130,
117,
67,
47,
78,
120,
120,
92,
76,
86,
108,
117,
110,
101,
94,
96,
112,
124,
115,
100,
96,
104,
114,
110,
94,
88,
96,
107,
125,
138,
121,
95,
107,
146,
160,
143,
138,
158,
171,
166,
156,
158,
167,
177,
192,
204,
194,
170,
170,
197,
223,
230,
217,
195,
184,
190,
212,
232,
228,
210,
204,
206,
203,
205,
212,
220,
220,
207,
199,
204,
208,
210,
209,
192,
174,
190,
214,
211,
200,
190,
171,
149,
166,
201,
204,
171,
151,
172,
196,
182,
143,
139,
177,
199,
188,
176,
164,
162,
183,
195,
172,
158,
177,
190,
174,
155,
169,
193,
182,
145,
148,
191,
204,
167,
139,
154,
180,
185,
166,
145,
150,
172,
167,
143,
151,
188,
193,
157,
133,
155,
192,
197,
175,
154,
154,
176,
188,
165,
144,
166,
199,
189,
142,
119,
147,
173,
148,
120,
124,
129,
127,
123,
107,
93,
99,
106,
96,
93,
101,
96,
73,
63,
82,
99,
86,
63,
61,
80,
92,
79,
52,
40,
44,
53,
68,
71,
54,
35,
40,
54,
50,
38,
44,
69,
85,
78,
69,
82,
106,
110,
102,
104,
106,
107,
111,
107,
104,
121,
128,
103,
92,
116,
140,
135,
113,
104,
112,
114,
102,
101,
109,
106,
95,
93,
99,
103,
97,
86,
72,
70,
98,
119,
85,
42,
59,
101,
100,
72,
60,
65,
72,
79,
79,
66,
47,
37,
44,
56,
51,
37,
35,
43,
53,
65,
67,
51,
40,
56,
80,
84,
70,
68,
86,
97,
92,
95,
108,
115,
119,
122,
115,
106,
120,
156,
174,
149,
124,
143,
172,
164,
146,
158,
177,
173,
161,
165,
180,
184,
174,
158,
146,
143,
149,
163,
171,
158,
140,
143,
152,
151,
150,
146,
131,
134,
158,
160,
129,
110,
127,
152,
143,
117,
123,
155,
158,
127,
108,
121,
141,
143,
131,
127,
138,
142,
127,
118,
135,
159,
163,
150,
130,
126,
150,
173,
163,
149,
153,
158,
158,
165,
173,
169,
154,
141,
154,
180,
178,
153,
146,
160,
160,
148,
146,
157,
167,
168,
165,
164,
173,
186,
183,
168,
170,
190,
197,
183,
168,
164,
173,
181,
169,
148,
146,
161,
164,
153,
143,
137,
136,
134,
129,
128,
131,
126,
114,
115,
122,
117,
103,
103,
110,
105,
99,
108,
121,
108,
79,
79,
104,
107,
90,
92,
108,
108,
96,
88,
90,
98,
96,
84,
85,
103,
114,
106,
92,
91,
109,
120,
111,
103,
111,
121,
119,
113,
115,
126,
128,
119,
114,
122,
130,
127,
115,
104,
115,
136,
138,
120,
108,
114,
120,
113,
107,
121,
138,
132,
115,
114,
127,
133,
122,
104,
99,
115,
135,
135,
126,
119,
110,
104,
120,
140,
133,
115,
112,
123,
130,
122,
104,
94,
99,
100,
98,
105,
107,
95,
92,
100,
100,
96,
100,
106,
109,
114,
125,
132,
126,
120,
129,
144,
145,
140,
149,
164,
165,
155,
155,
171,
180,
172,
161,
166,
184,
202,
205,
191,
179,
188,
204,
198,
185,
191,
208,
209,
198,
192,
197,
203,
202,
195,
189,
187,
186,
182,
174,
170,
169,
159,
146,
150,
167,
167,
144,
127,
139,
155,
149,
135,
137,
140,
138,
142,
142,
129,
129,
145,
144,
128,
124,
138,
149,
145,
139,
145,
148,
135,
135,
149,
151,
147,
156,
163,
154,
143,
144,
155,
159,
145,
139,
152,
155,
141,
140,
151,
154,
150,
151,
153,
155,
159,
165,
160,
147,
150,
168,
170,
152,
145,
154,
157,
152,
144,
136,
133,
138,
138,
128,
113,
113,
130,
133,
109,
100,
120,
122,
94,
83,
93,
92,
87,
89,
87,
78,
78,
81,
75,
64,
58,
68,
78,
70,
63,
68,
70,
67,
70,
75,
81,
93,
92,
82,
78,
85,
96,
101,
95,
93,
107,
117,
115,
114,
120,
126,
130,
126,
124,
132,
131,
124,
132,
143,
135,
128,
134,
139,
137,
134,
128,
125,
126,
127,
125,
124,
129,
132,
124,
102,
92,
104,
116,
107,
95,
101,
113,
113,
98,
85,
89,
105,
112,
106,
104,
108,
117,
127,
125,
109,
99,
105,
112,
108,
110,
119,
115,
94,
87,
100,
99,
87,
96,
113,
107,
94,
99,
108,
106,
103,
115,
127,
121,
112,
119,
131,
133,
136,
142,
138,
128,
133,
154,
165,
154,
143,
152,
164,
165,
158,
158,
167,
175,
172,
160,
152,
158,
172,
178,
168,
159,
161,
166,
161,
157,
162,
166,
154,
140,
142,
146,
139,
136,
138,
137,
133,
134,
134,
126,
115,
114,
128,
137,
125,
111,
113,
125,
133,
129,
112,
97,
104,
128,
140,
120,
90,
92,
125,
139,
112,
85,
100,
135,
140,
115,
103,
121,
140,
140,
133,
130,
124,
122,
138,
154,
153,
145,
140,
137,
138,
143,
138,
129,
130,
140,
153,
154,
135,
123,
136,
148,
146,
151,
166,
171,
164,
149,
138,
143,
159,
163,
154,
141,
135,
142,
147,
139,
124,
120,
122,
121,
118,
113,
103,
94,
94,
91,
79,
74,
82,
86,
75,
59,
52,
54,
55,
53,
60,
68,
62,
48,
49,
64,
69,
56,
42,
49,
74,
91,
84,
65,
63,
84,
104,
98,
83,
93,
121,
132,
120,
112,
119,
134,
141,
130,
118,
134,
159,
154,
134,
132,
149,
160,
150,
134,
139,
160,
166,
154,
144,
139,
146,
160,
159,
149,
147,
147,
139,
135,
141,
147,
140,
128,
131,
143,
132,
108,
107,
119,
117,
118,
133,
136,
125,
122,
126,
125,
124,
130,
140,
142,
140,
137,
130,
123,
126,
133,
131,
129,
133,
133,
127,
124,
125,
133,
148,
145,
129,
131,
151,
153,
145,
148,
153,
155,
156,
156,
164,
180,
183,
172,
171,
188,
205,
205,
188,
177,
189,
211,
219,
202,
178,
184,
212,
219,
198,
189,
198,
200,
191,
184,
186,
190,
188,
185,
185,
186,
189,
193,
181,
155,
152,
176,
185,
167,
146,
137,
144,
162,
170,
158,
138,
130,
142,
159,
153,
125,
116,
136,
149,
141,
129,
123,
120,
121,
122,
123,
123,
120,
112,
109,
116,
123,
124,
126,
132,
130,
120,
117,
126,
136,
132,
122,
120,
126,
127,
127,
126,
114,
107,
122,
139,
133,
123,
132,
148,
153,
148,
148,
152,
150,
151,
163,
166,
143,
129,
138,
146,
143,
146,
147,
129,
112,
117,
133,
136,
117,
91,
87,
101,
110,
106,
96,
81,
76,
92,
103,
90,
76,
77,
80,
82,
86,
85,
74,
68,
78,
89,
85,
74,
69,
71,
69,
58,
54,
67,
78,
69,
63,
77,
96,
99,
91,
86,
94,
113,
124,
121,
113,
114,
124,
135,
137,
135,
141,
146,
141,
139,
150,
152,
132,
121,
141,
162,
152,
136,
142,
149,
136,
121,
129,
142,
141,
132,
125,
117,
115,
128,
132,
114,
99,
110,
127,
131,
126,
121,
114,
108,
116,
136,
140,
116,
94,
97,
112,
117,
107,
90,
81,
86,
89,
80,
71,
78,
83,
74,
71,
85,
92,
81,
77,
95,
116,
113,
100,
103,
120,
128,
126,
127,
127,
125,
135,
156,
159,
144,
143,
164,
171,
154,
147,
158,
169,
173,
175,
174,
169,
168,
178,
185,
170,
150,
155,
172,
168,
153,
153,
160,
157,
143,
137,
142,
146,
144,
136,
126,
123,
135,
144,
129,
111,
114,
128,
129,
117,
106,
105,
107,
104,
107,
114,
111,
98,
89,
94,
106,
113,
109,
104,
105,
112,
121,
125,
113,
101,
108,
123,
121,
114,
120,
121,
116,
119,
118,
110,
116,
133,
134,
122,
110,
105,
115,
123,
114,
108,
127,
145,
144,
135,
134,
138,
142,
150,
161,
163,
152,
149,
160,
167,
161,
155,
155,
157,
158,
157,
152,
139,
129,
137,
148,
137,
118,
118,
129,
127,
119,
114,
112,
108,
105,
101,
94,
101,
110,
102,
82,
78,
96,
113,
113,
99,
87,
85,
91,
97,
97,
90,
86,
95,
105,
111,
116,
119,
112,
99,
105,
131,
140,
122,
115,
128,
130,
121,
124,
133,
133,
134,
139,
141,
138,
137,
138,
135,
130,
134,
147,
151,
142,
132,
138,
152,
160,
154,
140,
132,
142,
164,
166,
144,
137,
158,
172,
164,
150,
145,
151,
161,
163,
156,
150,
150,
153,
156,
154,
148,
145,
143,
141,
136,
135,
131,
128,
133,
136,
128,
113,
110,
115,
119,
114,
106,
113,
123,
118,
107,
116,
130,
130,
127,
130,
137,
147,
156,
155,
146,
147,
162,
169,
158,
157,
177,
186,
172,
162,
174,
184,
174,
166,
174,
181,
175,
175,
179,
174,
166,
171,
178,
173,
166,
168,
172,
163,
149,
154,
170,
164,
143,
139,
146,
146,
141,
135,
128,
130,
137,
138,
130,
128,
139,
148,
139,
121,
125,
148,
151,
128,
121,
139,
150,
141,
133,
134,
137,
134,
128,
132,
139,
133,
128,
139,
144,
131,
122,
129,
138,
140,
137,
133,
131,
134,
138,
137,
127,
123,
136,
147,
144,
138,
136,
135,
138,
146,
145,
132,
126,
137,
152,
148,
129,
124,
139,
152,
148,
136,
125,
128,
142,
144,
127,
109,
113,
125,
123,
112,
106,
109,
110,
104,
100,
107,
112,
110,
107,
108,
108,
102,
95,
103,
118,
114,
93,
92,
111,
120,
103,
82,
82,
101,
116,
110,
91,
83,
95,
103,
89,
75,
91,
116,
116,
101,
102,
116,
125,
123,
119,
123,
131,
133,
128,
120,
116,
124,
133,
130,
124,
125,
124,
112,
100,
100,
108,
107,
99,
99,
108,
110,
101,
89,
88,
93,
98,
104,
101,
90,
86,
90,
89,
86,
89,
93,
96,
99,
99,
96,
90,
85,
87,
106,
123,
114,
100,
105,
112,
103,
95,
105,
121,
118,
104,
101,
107,
108,
108,
111,
114,
117,
124,
134,
133,
124,
125,
137,
138,
128,
131,
146,
155,
155,
155,
150,
144,
147,
158,
161,
156,
153,
157,
159,
154,
150,
159,
171,
170,
158,
153,
158,
168,
170,
163,
152,
150,
160,
168,
161,
146,
139,
145,
147,
140,
133,
133,
136,
138,
133,
125,
123,
127,
128,
128,
129,
124,
119,
120,
124,
122,
120,
123,
122,
121,
126,
126,
117,
123,
135,
130,
117,
118,
125,
131,
129,
120,
119,
125,
125,
123,
130,
131,
123,
123,
132,
137,
133,
127,
128,
135,
138,
131,
128,
136,
140,
132,
131,
142,
149,
141,
129,
124,
132,
145,
147,
135,
122,
125,
142,
151,
130,
100,
106,
136,
142,
116,
96,
100,
114,
116,
101,
90,
94,
100,
96,
86,
75,
75,
88,
92,
80,
75,
80,
82,
89,
97,
88,
74,
81,
95,
99,
101,
99,
100,
108,
118,
123,
118,
108,
108,
120,
125,
118,
120,
128,
129,
129,
139,
145,
133,
124,
138,
160,
160,
142,
135,
145,
154,
155,
156,
153,
149,
154,
163,
157,
142,
139,
148,
154,
143,
135,
139,
146,
143,
135,
134,
133,
131,
132,
139,
135,
122,
118,
128,
135,
132,
127,
129,
131,
123,
113,
119,
130,
124,
116,
124,
133,
137,
139,
138,
134,
139,
147,
144,
134,
134,
148,
156,
145,
138,
150,
166,
168,
160,
155,
154,
162,
169,
172,
170,
168,
174,
180,
180,
180,
186,
196,
199,
196,
193,
194,
200,
207,
209,
202,
194,
201,
212,
213,
198,
188,
195,
201,
193,
181,
182,
193,
195,
182,
179,
188,
176,
149,
147,
164,
168,
158,
149,
144,
143,
139,
131,
128,
136,
137,
129,
117,
114,
121,
128,
127,
114,
104,
107,
117,
121,
115,
109,
103,
101,
109,
116,
113,
111,
123,
134,
124,
106,
101,
111,
120,
115,
105,
104,
112,
110,
100,
97,
105,
115,
110,
94,
92,
106,
112,
103,
95,
96,
103,
111,
111,
114,
122,
119,
109,
112,
131,
142,
139,
130,
119,
115,
122,
129,
122,
111,
111,
114,
111,
108,
106,
105,
99,
91,
91,
95,
85,
71,
77,
89,
84,
71,
70,
74,
71,
70,
73,
74,
72,
71,
74,
77,
79,
77,
72,
77,
79,
80,
85,
88,
96,
103,
100,
90,
93,
109,
120,
120,
118,
121,
129,
137,
142,
137,
130,
137,
151,
154,
147,
148,
153,
151,
152,
153,
146,
132,
132,
152,
165,
156,
139,
129,
131,
139,
138,
118,
106,
122,
139,
132,
116,
118,
127,
127,
114,
106,
117,
138,
140,
124,
112,
110,
113,
120,
125,
123,
120,
120,
117,
116,
118,
120,
121,
116,
110,
112,
116,
107,
98,
102,
110,
110,
105,
103,
105,
103,
97,
102,
112,
112,
107,
118,
130,
119,
111,
127,
140,
138,
135,
144,
158,
164,
157,
141,
138,
155,
173,
178,
172,
166,
167,
170,
172,
169,
173,
179,
178,
170,
163,
165,
179,
183,
167,
156,
166,
180,
173,
162,
157,
148,
138,
138,
138,
132,
130,
135,
134,
124,
114,
115,
123,
122,
116,
117,
120,
114,
107,
115,
124,
122,
114,
109,
103,
99,
115,
132,
125,
107,
110,
132,
143,
132,
118,
125,
135,
129,
110,
105,
127,
142,
134,
118,
107,
117,
139,
138,
106,
89,
115,
149,
145,
118,
109,
124,
139,
132,
123,
130,
145,
147,
139,
134,
138,
143,
144,
137,
130,
133,
146,
145,
126,
114,
122,
133,
126,
116,
119,
121,
119,
111,
103,
108,
114,
119,
122,
113,
98,
97,
109,
103,
80,
77,
94,
105,
98,
84,
87,
101,
103,
92,
84,
92,
107,
116,
112,
96,
94,
105,
104,
104,
109,
110,
112,
112,
106,
106,
119,
122,
106,
99,
109,
122,
124,
119,
116,
123,
132,
133,
135,
137,
141,
150,
151,
144,
148,
158,
151,
134,
137,
154,
159,
152,
145,
148,
156,
152,
147,
148,
142,
128,
126,
136,
137,
132,
128,
126,
132,
141,
141,
131,
125,
125,
130,
130,
124,
125,
133,
128,
119,
121,
131,
135,
132,
127,
131,
143,
142,
125,
111,
115,
133,
146,
137,
120,
121,
134,
133,
126,
125,
134,
140,
136,
122,
116,
124,
138,
149,
147,
139,
139,
148,
152,
145,
140,
149,
164,
174,
179,
182,
176,
168,
173,
183,
188,
183,
182,
193,
202,
191,
173,
174,
190,
197,
184,
171,
173,
182,
182,
176,
173,
178,
188,
190,
175,
159,
165,
182,
180,
158,
144,
146,
151,
151,
152,
155,
155,
152,
146,
138,
138,
149,
152,
140,
125,
116,
123,
140,
147,
141,
134,
128,
124,
129,
135,
134,
133,
134,
135,
138,
139,
137,
136,
140,
141,
138,
133,
130,
134,
154,
175,
174,
155,
145,
147,
149,
145,
139,
141,
152,
159,
153,
141,
131,
133,
137,
128,
114,
114,
130,
137,
124,
108,
104,
107,
117,
129,
125,
109,
97,
102,
114,
120,
115,
107,
110,
125,
131,
121,
112,
116,
124,
127,
121,
117,
120,
122,
119,
119,
124,
122,
115,
110,
106,
108,
111,
102,
88,
88,
102,
104,
86,
72,
78,
90,
89,
77,
76,
95,
107,
98,
87,
90,
102,
110,
104,
93,
91,
101,
115,
124,
125,
119,
118,
129,
139,
132,
119,
121,
131,
130,
121,
119,
123,
122,
111,
103,
108,
115,
114,
113,
120,
123,
119,
118,
115,
103,
100,
116,
126,
116,
106,
108,
111,
104,
97,
108,
128,
129,
112,
104,
111,
118,
115,
105,
98,
101,
112,
116,
104,
97,
106,
118,
119,
111,
104,
110,
117,
118,
119,
124,
128,
134,
138,
133,
131,
137,
139,
137,
135,
137,
139,
141,
143,
147,
147,
143,
140,
137,
131,
129,
137,
146,
147,
145,
145,
144,
144,
140,
133,
132,
139,
149,
154,
149,
137,
136,
149,
153,
141,
138,
150,
157,
152,
146,
145,
148,
153,
159,
163,
167,
165,
156,
152,
152,
153,
153,
143,
126,
122,
132,
136,
133,
129,
124,
117,
111,
112,
122,
125,
113,
103,
102,
100,
97,
103,
109,
103,
89,
80,
83,
87,
83,
81,
90,
97,
93,
88,
88,
90,
94,
98,
100,
102,
107,
115,
117,
110,
109,
120,
127,
116,
101,
97,
104,
111,
110,
109,
112,
111,
106,
99,
97,
100,
97,
90,
92,
98,
100,
100,
97,
93,
96,
103,
105,
106,
105,
103,
101,
101,
104,
109,
110,
111,
117,
124,
119,
108,
108,
116,
119,
115,
112,
111,
111,
115,
120,
118,
114,
117,
118,
111,
109,
118,
122,
113,
108,
117,
125,
122,
113,
108,
114,
119,
115,
116,
121,
119,
116,
115,
107,
99,
103,
107,
99,
100,
113,
122,
121,
113,
110,
118,
121,
118,
126,
131,
121,
116,
125,
136,
143,
148,
155,
161,
159,
161,
172,
180,
180,
184,
191,
180,
164,
167,
179,
176,
162,
158,
158,
151,
141,
138,
143,
147,
150,
154,
152,
146,
146,
154,
156,
157,
169,
177,
170,
161,
170,
186,
186,
177,
184,
203,
207,
194,
185,
188,
189,
187,
189,
190,
180,
169,
170,
177,
173,
158,
151,
160,
167,
162,
155,
153,
153,
153,
156,
159,
149,
142,
149,
158,
156,
154,
163,
173,
169,
161,
165,
173,
169,
161,
167,
178,
174,
162,
169,
185,
184,
173,
171,
175,
182,
188,
182,
170,
173,
188,
197,
195,
189,
191,
198,
199,
189,
178,
177,
176,
168,
155,
142,
143,
158,
161,
146,
127,
118,
117,
125,
134,
131,
122,
114,
106,
103,
108,
112,
116,
117,
114,
105,
101,
100,
101,
103,
101,
98,
96,
93,
93,
99,
109,
111,
101,
91,
93,
106,
116,
112,
106,
111,
119,
119,
111,
100,
103,
120,
128,
121,
118,
124,
124,
117,
113,
109,
115,
129,
127,
115,
115,
124,
133,
130,
115,
104,
113,
120,
107,
96,
103,
110,
109,
102,
94,
91,
97,
99,
87,
79,
87,
98,
97,
91,
90,
94,
97,
96,
96,
102,
101,
94,
92,
88,
81,
77,
79,
80,
73,
68,
70,
70,
62,
53,
54,
60,
58,
50,
46,
48,
53,
54,
51,
50,
54,
58,
59,
64,
71,
78,
77,
69,
74,
87,
93,
89,
93,
105,
110,
108,
112,
115,
115,
118,
119,
115,
114,
123,
133,
132,
127,
135,
148,
155,
151,
148,
153,
155,
153,
154,
151,
146,
141,
142,
146,
144,
143,
147,
149,
146,
140,
136,
136,
132,
126,
124,
124,
121,
121,
129,
138,
147,
154,
156,
152,
147,
148,
154,
161,
163,
159,
156,
160,
164,
162,
156,
153,
158,
165,
162,
154,
149,
150,
156,
164,
165,
161,
159,
160,
157,
150,
153,
164,
176,
181,
175,
164,
159,
162,
167,
165,
162,
164,
168,
172,
179,
180,
172,
166,
171,
179,
175,
172,
178,
181,
179,
181,
189,
197,
197,
197,
198,
195,
193,
193,
192,
183,
169,
160,
156,
155,
161,
165,
161,
150,
141,
141,
141,
135,
130,
127,
125,
120,
110,
102,
97,
99,
105,
104,
95,
85,
78,
81,
87,
93,
94,
89,
80,
77,
82,
84,
82,
84,
90,
91,
91,
101,
112,
113,
108,
109,
119,
122,
113,
111,
127,
143,
147,
141,
136,
133,
128,
124,
128,
130,
126,
126,
128,
119,
105,
106,
116,
116,
105,
103,
108,
108,
101,
96,
99,
102,
101,
110,
119,
114,
106,
106,
110,
110,
113,
118,
112,
101,
101,
105,
105,
104,
105,
111,
113,
108,
100,
92,
86,
85,
88,
90,
93,
96,
95,
88,
86,
88,
89,
88,
90,
93,
94,
93,
94,
97,
95,
87,
85,
97,
106,
106,
106,
113,
120,
123,
124,
125,
123,
122,
127,
133,
134,
133,
138,
148,
151,
147,
144,
145,
147,
147,
154,
168,
176,
178,
179,
177,
169,
160,
163,
170,
171,
165,
160,
157,
149,
138,
131,
135,
144,
151,
150,
139,
127,
125,
129,
129,
128,
132,
129,
115,
107,
116,
135,
145,
144,
140,
135,
133,
135,
140,
143,
143,
148,
151,
146,
137,
134,
140,
142,
140,
146,
150,
138,
128,
132,
140,
143,
142,
147,
148,
138,
127,
125,
134,
144,
147,
147,
151,
154,
149,
145,
143,
141,
142,
145,
150,
152,
148,
145,
146,
146,
147,
152,
154,
151,
150,
157,
164,
160,
159,
170,
182,
191,
198,
198,
188,
174,
164,
163,
161,
158,
156,
161,
164,
166,
167,
161,
150,
145,
148,
150,
141,
130,
123,
115,
108,
105,
103,
98,
95,
90,
80,
66,
63,
71,
75,
74,
79,
85,
84,
81,
85,
94,
98,
101,
109,
119,
121,
115,
115,
124,
132,
129,
124,
128,
133,
133,
128,
127,
136,
143,
140,
134,
131,
129,
130,
127,
122,
121,
124,
124,
116,
107,
109,
111,
108,
100,
91,
91,
94,
90,
85,
88,
94,
95,
92,
87,
85,
89,
93,
94,
95,
100,
106,
107,
102,
95,
92,
94,
100,
103,
100,
95,
94,
95,
94,
90,
89,
92,
95,
94,
94,
95,
97,
96,
90,
86,
90,
97,
95,
83,
77,
87,
93,
91,
86,
84,
91,
105,
116,
119,
122,
130,
140,
141,
139,
145,
155,
165,
173,
176,
180,
184,
185,
181,
178,
177,
179,
183,
189,
193,
190,
187,
183,
183,
188,
191,
184,
176,
173,
171,
163,
153,
148,
150,
159,
169,
171,
165,
156,
147,
145,
151,
154,
151,
150,
151,
149,
140,
132,
140,
156,
166,
165,
157,
146,
140,
146,
159,
165,
164,
172,
176,
164,
148,
145,
151,
155,
157,
160,
158,
151,
147,
148,
150,
148,
145,
145,
143,
141,
137,
132,
133,
140,
148,
150,
144,
136,
134,
133,
128,
127,
134,
143,
145,
142,
143,
141,
137,
140,
144,
143,
144,
145,
141,
140,
142,
142,
145,
150,
154,
153,
152,
149,
146,
149,
150,
143,
128,
117,
120,
126,
123,
123,
125,
119,
104,
97,
101,
108,
110,
103,
94,
87,
84,
83,
81,
75,
70,
70,
67,
61,
60,
67,
74,
73,
68,
66,
63,
59,
63,
75,
83,
83,
81,
82,
86,
91,
97,
104,
114,
116,
109,
105,
111,
120,
127,
134,
136,
136,
137,
137,
132,
128,
130,
138,
143,
144,
143,
141,
134,
128,
128,
129,
127,
128,
125,
120,
115,
116,
119,
122,
120,
120,
122,
121,
113,
109,
113,
117,
123,
126,
123,
119,
117,
119,
121,
116,
113,
118,
122,
116,
105,
100,
103,
107,
107,
104,
107,
110,
108,
105,
105,
103,
105,
113,
115,
109,
110,
119,
126,
126,
121,
121,
123,
127,
132,
137,
144,
150,
154,
158,
155,
154,
166,
180,
183,
179,
180,
190,
202,
207,
204,
202,
203,
200,
194,
193,
198,
204,
203,
199,
196,
196,
197,
197,
194,
185,
181,
183,
182,
173,
163,
164,
169,
170,
170,
168,
161,
155,
150,
143,
142,
147,
150,
146,
133,
119,
115,
124,
136,
144,
145,
141,
135,
134,
133,
134,
140,
144,
148,
149,
144,
133,
127,
131,
139,
145,
144,
139,
134,
130,
130,
131,
130,
134,
138,
134,
126,
119,
114,
117,
125,
132,
134,
132,
128,
126,
124,
116,
110,
116,
125,
126,
125,
125,
125,
124,
128,
135,
138,
140,
141,
138,
136,
138,
142,
141,
137,
138,
142,
145,
141,
135,
134,
138,
136,
120,
101,
97,
108,
117,
114,
104,
98,
94,
90,
88,
89,
89,
88,
86,
78,
66,
62,
68,
70,
67,
63,
60,
57,
57,
58,
57,
54,
53,
51,
51,
51,
52,
56,
57,
57,
54,
51,
55,
65,
73,
75,
73,
74,
78,
79,
78,
84,
94,
101,
101,
102,
104,
103,
99,
94,
98,
108,
116,
118,
114,
110,
108,
110,
115,
116,
114,
115,
116,
113,
107,
106,
111,
115,
118,
119,
116,
113,
110,
107,
106,
106,
111,
116,
114,
108,
102,
100,
99,
101,
105,
107,
106,
102,
101,
103,
104,
106,
109,
109,
102,
93,
88,
93,
102,
108,
108,
110,
117,
124,
131,
135,
139,
142,
143,
140,
132,
125,
131,
142,
144,
142,
144,
148,
150,
149,
151,
156,
161,
165,
169,
172,
176,
184,
192,
195,
192,
192,
200,
208,
207,
204,
208,
216,
219,
214,
206,
200,
198,
197,
193,
187,
181,
174,
168,
163,
160,
163,
166,
164,
153,
143,
140,
138,
135,
132,
128,
125,
124,
124,
120,
117,
122,
131,
135,
131,
126,
123,
125,
128,
132,
136,
139,
140,
141,
140,
137,
140,
147,
150,
150,
150,
151,
149,
145,
148,
153,
157,
158,
154,
149,
150,
154,
159,
161,
164,
166,
168,
166,
161,
159,
157,
153,
149,
148,
150,
153,
150,
143,
140,
144,
148,
147,
145,
147,
149,
147,
147,
152,
154,
152,
152,
153,
154,
154,
152,
151,
147,
139,
129,
122,
118,
117,
119,
119,
114,
109,
108,
109,
106,
102,
104,
106,
103,
95,
90,
88,
88,
88,
86,
82,
78,
77,
80,
82,
82,
81,
79,
75,
73,
76,
81,
86,
87,
86,
85,
88,
95,
104,
105,
102,
103,
111,
116,
112,
108,
112,
121,
127,
129,
130,
129,
125,
125,
126,
126,
127,
130,
132,
130,
127,
128,
128,
126,
125,
126,
126,
123,
122,
124,
124,
122,
122,
122,
122,
122,
120,
118,
116,
118,
120,
122,
123,
120,
114,
110,
111,
112,
111,
110,
110,
109,
107,
105,
102,
99,
100,
103,
105,
103,
101,
103,
106,
106,
104,
103,
108,
113,
116,
118,
120,
120,
120,
122,
125,
127,
127,
127,
132,
141,
148,
149,
149,
151,
156,
163,
166,
167,
170,
177,
185,
188,
188,
192,
197,
198,
193,
188,
190,
197,
200,
199,
200,
202,
199,
194,
189,
186,
187,
187,
183,
178,
173,
172,
170,
167,
164,
165,
170,
169,
161,
156,
154,
153,
154,
153,
151,
148,
144,
143,
143,
144,
148,
156,
159,
152,
144,
143,
144,
146,
149,
153,
158,
159,
154,
149,
147,
151,
159,
165,
162,
155,
153,
156,
157,
155,
154,
158,
159,
156,
155,
156,
156,
156,
155,
155,
156,
157,
158,
154,
150,
146,
144,
145,
145,
143,
142,
143,
144,
141,
138,
140,
140,
137,
134,
133,
136,
139,
139,
137,
134,
134,
136,
136,
131,
126,
124,
121,
115,
105,
97,
94,
96,
99,
100,
96,
88,
80,
77,
81,
83,
84,
83,
78,
75,
76,
75,
73,
73,
75,
75,
73,
72,
71,
70,
69,
68,
67,
66,
65,
64,
63,
64,
65,
67,
70,
69,
70,
73,
79,
83,
85,
84,
84,
86,
88,
89,
94,
99,
104,
107,
109,
110,
111,
110,
108,
109,
113,
115,
115,
115,
112,
110,
111,
112,
112,
111,
111,
109,
105,
102,
102,
106,
109,
106,
102,
100,
99,
98,
98,
102,
108,
112,
112,
107,
103,
106,
108,
105,
101,
100,
99,
96,
91,
86,
83,
84,
86,
85,
81,
81,
87,
92,
90,
87,
90,
96,
98,
100,
101,
102,
105,
107,
110,
112,
112,
114,
119,
123,
125,
131,
137,
142,
146,
149,
153,
157,
159,
164,
168,
169,
170,
175,
181,
181,
178,
178,
181,
184,
182,
181,
185,
185,
182,
179,
178,
175,
172,
170,
169,
166,
161,
155,
148,
144,
143,
146,
149,
148,
144,
141,
137,
132,
132,
134,
136,
137,
136,
130,
128,
132,
135,
137,
142,
143,
140,
136,
134,
135,
141,
147,
149,
148,
146,
148,
149,
149,
150,
153,
156,
158,
157,
158,
159,
160,
159,
161,
165,
167,
169,
171,
169,
165,
162,
160,
160,
160,
160,
160,
161,
162,
162,
161,
162,
165,
167,
165,
160,
157,
156,
153,
150,
149,
149,
146,
144,
145,
144,
141,
137,
137,
137,
136,
134,
130,
127,
125,
123,
121,
117,
116,
118,
120,
119,
115,
115,
116,
116,
114,
113,
114,
115,
113,
109,
108,
109,
110,
111,
111,
111,
107,
103,
99,
98,
101,
102,
100,
97,
95,
94,
93,
94,
97,
98,
99,
99,
98,
98,
97,
98,
102,
107,
109,
108,
106,
107,
108,
109,
113,
117,
119,
122,
123,
122,
121,
121,
124,
127,
126,
126,
127,
130,
132,
131,
133,
134,
133,
130,
130,
131,
131,
131,
130,
129,
126,
123,
122,
123,
122,
119,
119,
121,
119,
117,
116,
115,
114,
112,
112,
114,
113,
110,
109,
108,
106,
104,
101,
101,
102,
102,
102,
101,
100,
99,
100,
101,
103,
105,
105,
106,
108,
110,
112,
113,
116,
120,
121,
121,
123,
126,
130,
133,
137,
142,
145,
147,
149,
153,
156,
158,
160,
163,
167,
170,
172,
172,
171,
171,
173,
174,
172,
171,
173,
173,
171,
168,
168,
169,
169,
166,
161,
157,
153,
151,
149,
147,
147,
147,
145,
142,
136,
132,
131,
132,
128,
125,
125,
125,
122,
120,
121,
124,
126,
126,
126,
124,
120,
119,
123,
125,
125,
126,
129,
128,
127,
127,
131,
133,
134,
133,
133,
135,
136,
137,
139,
140,
144,
149,
150,
149,
148,
149,
153,
157,
158,
158,
158,
157,
157,
157,
156,
155,
154,
152,
147,
144,
143,
141,
139,
138,
138,
137,
136,
134,
134,
133,
129,
126,
126,
126,
124,
124,
123,
120,
118,
117,
116,
115,
113,
112,
112,
113,
113,
112,
113,
114,
115,
116,
116,
114,
112,
112,
115,
115,
114,
114,
117,
118,
116,
114,
113,
114,
113,
111,
112,
112,
111,
109,
109,
110,
110,
110,
111,
111,
110,
109,
109,
110,
112,
114,
115,
115,
114,
114,
113,
113,
116,
120,
123,
125,
125,
126,
125,
125,
125,
126,
127,
126,
127,
128,
129,
129,
130,
132,
132,
131,
130,
128,
127,
127,
128,
129,
128,
126,
126,
124,
122,
122,
123,
123,
122,
121,
121,
121,
118,
116,
114,
113,
113,
113,
113,
111,
108,
106,
105,
103,
103,
103,
103,
104,
104,
105,
105,
106,
108,
109,
109,
110,
111,
113,
114,
116,
119,
122,
124,
126,
127,
129,
131,
134,
138,
142,
145,
148,
150,
150,
151,
152,
153,
155,
156,
157,
159,
161,
163,
162,
162,
163,
164,
163,
162,
161,
160,
160,
161,
162,
162,
162,
162,
160,
157,
155,
155,
156,
156,
155,
152,
149,
146,
143,
141,
140,
138,
137,
135,
132,
128,
127,
127,
126,
126,
125,
123,
123,
122,
121,
121,
121,
120,
120,
121,
122,
125,
129,
133,
137,
141,
143,
143,
143,
142,
140,
141,
143,
144,
144,
143,
143,
143,
143,
144,
145,
147,
149,
150,
152,
153,
156,
157,
155,
153,
151,
149,
147,
146,
144,
141,
139,
138,
137,
135,
132,
130,
130,
130,
126,
124,
123,
122,
122,
120,
117,
114,
111,
110,
108,
106,
105,
104,
104,
103,
101,
100,
101,
102,
102,
103,
104,
105,
105,
103,
101,
102,
105,
107,
108,
108,
107,
108,
108,
106,
106,
106,
106,
104,
103,
101,
100,
101,
103,
104,
102,
100,
101,
101,
101,
100,
101,
104,
104,
103,
101,
100,
101,
102,
102,
103,
104,
105,
106,
106,
106,
106,
107,
108,
110,
111,
112,
113,
114,
117,
118,
119,
120,
121,
121,
120,
121,
121,
121,
120,
121,
121,
121,
121,
120,
120,
122,
124,
124,
123,
124,
124,
123,
122,
120,
120,
120,
120,
118,
117,
115,
114,
112,
110,
109,
110,
110,
110,
112,
113,
114,
116,
117,
119,
121,
123,
124,
124,
125,
129,
133,
136,
138,
141,
143,
145,
146,
147,
150,
153,
157,
160,
162,
163,
164,
166,
167,
168,
170,
172,
174,
175,
176,
177,
178,
178,
177,
176,
175,
173,
171,
171,
170,
170,
171,
171,
169,
166,
164,
163,
162,
162,
162,
162,
162,
160,
157,
153,
152,
153,
153,
152,
148,
146,
144,
143,
141,
141,
141,
141,
139,
136,
134,
132,
132,
133,
133,
133,
133,
134,
135,
136,
139,
142,
145,
146,
146,
147,
148,
149,
150,
151,
153,
155,
157,
158,
158,
159,
160,
160,
161,
161,
160,
159,
159,
159,
159,
157,
156,
154,
152,
149,
147,
144,
142,
139,
137,
135,
134,
133,
131,
128,
126,
123,
120,
117,
115,
113,
112,
110,
107,
104,
102,
99,
98,
97,
97,
97,
96,
95,
94,
94,
94,
94,
96,
97,
98,
97,
97,
99,
101,
103,
105,
107,
108,
108,
107,
106,
105,
104,
103,
102,
101,
100,
98,
97,
97,
97,
96,
96,
94,
92,
91,
91,
90,
91,
91,
90,
89,
87,
86,
86,
86,
86,
87,
88,
88,
88,
88,
88,
89,
91,
92,
93,
94,
95,
97,
98,
101,
103,
105,
106,
107,
107,
107,
108,
109,
109,
110,
111,
112,
113,
113,
113,
113,
114,
113,
113,
112,
110,
109,
108,
107,
106,
106,
106,
106,
107,
107,
106,
105,
105,
104,
104,
106,
107,
108,
110,
112,
114,
116,
119,
122,
123,
125,
126,
128,
130,
133,
135,
138,
140,
141,
141,
142,
143,
145,
149,
152,
155,
158,
160,
161,
162,
163,
165,
166,
169,
171,
172,
173,
174,
175,
175,
175,
174,
173,
172,
170,
169,
170,
171,
173,
174,
175,
174,
173,
172,
172,
172,
173,
173,
173,
171,
168,
165,
163,
162,
161,
160,
158,
156,
154,
151,
149,
149,
148,
148,
146,
144,
141,
138,
137,
138,
139,
139,
139,
139,
140,
142,
144,
147,
149,
151,
152,
153,
153,
154,
155,
157,
160,
163,
165,
166,
167,
169,
170,
171,
172,
172,
173,
174,
175,
176,
176,
176,
175,
173,
171,
170,
168,
165,
162,
159,
157,
154,
152,
150,
149,
147,
144,
140,
136,
132,
127,
124,
120,
116,
111,
107,
102,
97,
95,
93,
93,
93,
93,
94,
94,
94,
94,
96,
98,
100,
101,
102,
102,
104,
106,
109,
112,
116,
118,
119,
119,
118,
117,
117,
116,
116,
115,
113,
111,
109,
108,
108,
108,
108,
107,
105,
102,
101,
99,
99,
99,
98,
96,
93,
90,
86,
84,
84,
85,
86,
87,
88,
88,
88,
87,
87,
88,
88,
87,
85,
84,
82,
82,
82,
83,
84,
85,
86,
87,
89,
90,
92,
95,
97,
100,
101,
102,
103,
103,
104,
105,
105,
105,
103,
102,
100,
99,
98,
97,
97,
98,
98,
99,
99,
99,
98,
98,
97,
97,
98,
100,
102,
103,
104,
106,
107,
109,
110,
111,
111,
112,
112,
114,
117,
121,
124,
127,
128,
129,
129,
130,
133,
135,
139,
142,
145,
147,
148,
149,
150,
151,
153,
154,
156,
157,
158,
158,
160,
161,
162,
161,
160,
159,
159,
159,
160,
162,
164,
165,
165,
165,
164,
163,
163,
163,
164,
164,
163,
161,
158,
156,
155,
155,
156,
156,
155,
154,
153,
151,
151,
150,
150,
149,
148,
146,
143,
141,
141,
142,
143,
143,
144,
144,
146,
148,
150,
153,
155,
156,
157,
158,
159,
161,
163,
166,
169,
172,
174,
176,
178,
180,
182,
182,
182,
182,
182,
182,
183,
184,
184,
183,
181,
179,
176,
174,
171,
169,
166,
164,
162,
160,
158,
156,
155,
153,
150,
147,
144,
141,
138,
135,
133,
131,
128,
124,
121,
118,
116,
115,
115,
115,
114,
113,
113,
113,
113,
114,
115,
116,
116,
115,
115,
116,
117,
119,
120,
121,
121,
121,
120,
120,
120,
119,
119,
118,
117,
115,
114,
113,
113,
112,
112,
110,
108,
106,
105,
104,
104,
104,
103,
101,
99,
96,
93,
92,
91,
91,
91,
90,
89,
89,
89,
89,
90,
91,
92,
93,
94,
94,
95,
97,
98,
100,
101,
101,
100,
100,
100,
101,
101,
101,
101,
102,
101,
101,
102,
102,
102,
102,
101,
101,
100,
99,
98,
97,
97,
97,
96,
96,
97,
97,
97,
97,
96,
95,
95,
95,
96,
97,
99,
100,
101,
103,
104,
106,
107,
107,
107,
108,
108,
109,
111,
114,
117,
119,
121,
122,
123,
125,
127,
131,
135,
139,
142,
144,
145,
146,
147,
148,
150,
152,
153,
154,
154,
155,
155,
156,
156,
155,
154,
153,
151,
151,
152,
153,
155,
156,
157,
156,
155,
153,
153,
153,
154,
155,
154,
153,
150,
147,
145,
144,
144,
144,
143,
142,
140,
138,
137,
137,
137,
138,
137,
135,
133,
131,
131,
131,
132,
133,
134,
135,
137,
139,
141,
143,
146,
148,
149,
150,
150,
150,
152,
154,
157,
160,
162,
164,
166,
168,
170,
171,
172,
172,
173,
173,
175,
176,
176,
176,
175,
174,
173,
172,
171,
170,
168,
166,
164,
162,
160,
159,
157,
155,
151,
147,
143,
139,
136,
133,
131,
128,
124,
120,
117,
114,
112,
111,
111,
111,
111,
110,
110,
110,
110,
111,
113,
114,
114,
114,
113,
113,
115,
118,
121,
123,
125,
125,
125,
125,
126,
127,
127,
127,
126,
124,
122,
121,
120,
120,
120,
119,
117,
114,
111,
108,
107,
107,
106,
105,
104,
101,
99,
97,
96,
96,
96,
96,
96,
96,
96,
97,
97,
99,
100,
101,
102,
102,
103,
103,
104,
105,
107,
107,
108,
108,
108,
108,
108,
108,
109,
109,
110,
110,
111,
112,
113,
114,
114,
114,
114,
113,
113,
113,
112,
112,
112,
111,
111,
111,
112,
112,
111,
110,
109,
107,
106,
106,
105,
105,
104,
104,
104,
105,
106,
107,
107,
108,
108,
110,
113,
117,
121,
125,
128,
130,
132,
133,
135,
138,
142,
146,
150,
153,
156,
157,
159,
160,
161,
162,
163,
164,
165,
165,
165,
165,
165,
165,
164,
162,
160,
160,
160,
161,
163,
165,
166,
165,
164,
162,
159,
158,
157,
157,
157,
157,
156,
155,
152,
151,
150,
150,
148,
145,
141,
137,
133,
129,
127,
125,
124,
121,
121,
115,
122,
